0 0.556142 0.067836 0.139155 0.025842 0.494242 0.054915 0.625720 0.059068 0.486564 0.076604 0.610365 0.080757
0 0.552303 0.106368 0.146833 0.031841 0.478887 0.090448 0.625720 0.096447 0.486564 0.119059 0.598848 0.122289
0 0.548464 0.151131 0.131478 0.038302 0.491363 0.131980 0.614203 0.143055 0.482726 0.153669 0.587332 0.170281
0 0.518714 0.196124 0.127639 0.047070 0.478887 0.172589 0.582534 0.183664 0.454894 0.199354 0.548944 0.219659
0 0.475528 0.231657 0.116123 0.051684 0.444338 0.205814 0.533589 0.227503 0.417466 0.235810 0.491363 0.257499
0 0.416987 0.273189 0.123800 0.058145 0.404031 0.244116 0.478887 0.269497 0.355086 0.271343 0.444338 0.302261
0 0.364683 0.310337 0.128599 0.050300 0.330134 0.285187 0.428983 0.316105 0.300384 0.314259 0.381958 0.335487
0 0.305662 0.351869 0.152591 0.049377 0.272553 0.327180 0.381958 0.353484 0.229367 0.359483 0.343570 0.376557
0 0.272073 0.398939 0.135317 0.043839 0.224568 0.377019 0.339731 0.386710 0.204415 0.413013 0.324376 0.420858
0 0.259597 0.450162 0.127639 0.043839 0.200576 0.428703 0.323417 0.428242 0.195777 0.472081 0.318618 0.464698
0 0.264875 0.503461 0.142035 0.048916 0.193858 0.488694 0.326296 0.479003 0.218810 0.527919 0.335893 0.510383
0 0.309501 0.557453 0.137236 0.061837 0.240883 0.545455 0.351248 0.526534 0.261996 0.588371 0.378119 0.562529
0 0.356046 0.614444 0.153551 0.065067 0.279271 0.603138 0.405950 0.581910 0.322457 0.646977 0.432821 0.625288
0 0.403551 0.685279 0.148752 0.063683 0.329175 0.667282 0.463532 0.653438 0.352207 0.717120 0.477927 0.702815
0 0.446737 0.754038 0.164107 0.052607 0.364683 0.739732 0.483685 0.727734 0.376200 0.780342 0.528791 0.779880
0 0.449136 0.836410 0.170825 0.057683 0.376200 0.807568 0.530710 0.808030 0.363724 0.857407 0.534549 0.865251
0 0.447697 0.899400 0.190979 0.029534 0.359885 0.884633 0.539347 0.889248 0.352207 0.911398 0.543186 0.914167