0 0.499545 0.083191 0.127389 0.030717 0.435851 0.072526 0.563239 0.067833 0.442220 0.098549 0.560510 0.095990
0 0.501820 0.122014 0.128298 0.029010 0.442220 0.107509 0.565969 0.109642 0.437671 0.132679 0.563239 0.136519
0 0.500910 0.162756 0.133758 0.035410 0.443130 0.145051 0.567789 0.149317 0.434031 0.165102 0.550500 0.180461
0 0.493176 0.203498 0.123749 0.039249 0.435851 0.183874 0.555050 0.192833 0.431301 0.210751 0.539581 0.223123
0 0.477707 0.245520 0.127389 0.040529 0.428571 0.225256 0.541401 0.237628 0.414013 0.250427 0.521383 0.265785
0 0.447680 0.286476 0.127389 0.044795 0.405823 0.264078 0.511374 0.279437 0.383985 0.293515 0.475887 0.308874
0 0.405823 0.327645 0.129208 0.039249 0.373066 0.308020 0.470428 0.321246 0.341219 0.334044 0.449500 0.347270
0 0.380346 0.370094 0.125569 0.037969 0.324841 0.351109 0.443130 0.357509 0.317561 0.383106 0.427662 0.389078
0 0.378526 0.417022 0.121929 0.037116 0.317561 0.400171 0.439490 0.398464 0.321201 0.435580 0.436761 0.430887
0 0.385805 0.469497 0.132848 0.050768 0.319381 0.453072 0.439490 0.444113 0.325751 0.494881 0.452229 0.482935
0 0.402639 0.526877 0.146497 0.058020 0.329390 0.513225 0.454049 0.497867 0.353048 0.555887 0.475887 0.540956
0 0.444950 0.586391 0.156506 0.064420 0.366697 0.571672 0.492266 0.554181 0.390355 0.618601 0.523203 0.596843
0 0.489536 0.646758 0.154686 0.065700 0.412193 0.636519 0.545951 0.613908 0.437671 0.679608 0.566879 0.657850
0 0.530482 0.710964 0.171065 0.066980 0.444950 0.698379 0.591447 0.677474 0.480437 0.744454 0.616015 0.724829
0 0.573248 0.778157 0.172884 0.061433 0.486806 0.761092 0.630573 0.747440 0.507734 0.808874 0.659691 0.796075
0 0.594177 0.844497 0.165605 0.049061 0.511374 0.827645 0.664240 0.819966 0.522293 0.869027 0.676979 0.865188
0 0.611010 0.900384 0.155596 0.037116 0.533212 0.887372 0.680619 0.881826 0.545951 0.918942 0.688808 0.915956