0 0.577970 0.055153 0.175743 0.024155 0.490099 0.043076 0.663366 0.044686 0.500000 0.065217 0.665842 0.067230
0 0.581683 0.088567 0.163366 0.030596 0.500000 0.073269 0.663366 0.080515 0.500000 0.099436 0.652228 0.103865
0 0.550743 0.128019 0.165842 0.038647 0.485149 0.108696 0.633663 0.118760 0.467822 0.139291 0.616337 0.147343
0 0.517946 0.168076 0.184406 0.038245 0.449257 0.148953 0.610148 0.159018 0.425743 0.176731 0.585396 0.187198
0 0.475866 0.214171 0.199257 0.041868 0.412129 0.193237 0.575495 0.200483 0.376238 0.231884 0.564356 0.235105
0 0.446163 0.264090 0.216584 0.033816 0.365099 0.247182 0.554455 0.247987 0.337871 0.280998 0.534653 0.280193
0 0.436262 0.311393 0.214109 0.039855 0.329208 0.296699 0.535891 0.291465 0.356436 0.331320 0.543317 0.323671
0 0.462871 0.357890 0.193069 0.053945 0.366337 0.346216 0.547030 0.330918 0.393564 0.384863 0.559406 0.368760
0 0.516089 0.405193 0.200495 0.047101 0.415842 0.395733 0.563119 0.381643 0.448020 0.428744 0.616337 0.411836
0 0.589728 0.452697 0.226485 0.058374 0.476485 0.443639 0.639852 0.423510 0.501238 0.481884 0.702970 0.464976
0 0.634901 0.508253 0.235149 0.047907 0.517327 0.497182 0.722772 0.484300 0.532178 0.532206 0.752475 0.525765
0 0.621906 0.567633 0.278465 0.046699 0.535891 0.546296 0.754951 0.544283 0.482673 0.580515 0.761139 0.590982
0 0.630569 0.626208 0.211634 0.051932 0.532178 0.600242 0.736386 0.609903 0.524752 0.638084 0.686881 0.652174
0 0.561262 0.679952 0.226485 0.056361 0.495050 0.651771 0.674505 0.673108 0.448020 0.686795 0.639852 0.708132
0 0.480817 0.735306 0.256188 0.063205 0.413366 0.703704 0.608911 0.725845 0.352723 0.745572 0.544554 0.766908
0 0.405941 0.803140 0.254950 0.059581 0.311881 0.773349 0.533416 0.786634 0.278465 0.821256 0.506188 0.832931
0 0.386139 0.866345 0.230198 0.032206 0.271040 0.850242 0.501238 0.855475 0.282178 0.882448 0.482673 0.877617