0 0.462325 0.047767 0.173305 0.038835 0.386437 0.028350 0.548977 0.034563 0.375673 0.057476 0.543595 0.067184
0 0.456943 0.088350 0.171152 0.036117 0.379978 0.070291 0.542519 0.077282 0.371367 0.095922 0.531755 0.106408
0 0.435414 0.130291 0.177610 0.047767 0.371367 0.106408 0.524220 0.118447 0.346609 0.135146 0.493003 0.154175
0 0.395587 0.170874 0.184069 0.052039 0.341227 0.144854 0.487621 0.161942 0.303552 0.173981 0.447793 0.196893
0 0.346071 0.213786 0.190527 0.058641 0.301399 0.184466 0.441335 0.206602 0.250807 0.217864 0.376749 0.243107
0 0.272336 0.256311 0.180840 0.056699 0.238967 0.227961 0.362756 0.248932 0.181916 0.262524 0.313240 0.284660
0 0.212056 0.302330 0.193757 0.059417 0.163617 0.272621 0.308934 0.289320 0.115178 0.313010 0.271259 0.332039
0 0.165231 0.350680 0.188375 0.054369 0.103337 0.323495 0.259419 0.338641 0.071044 0.367767 0.242196 0.377864
0 0.155005 0.405631 0.182992 0.045437 0.069968 0.382913 0.242196 0.384854 0.063509 0.428350 0.246502 0.428350
0 0.175457 0.465437 0.213132 0.059417 0.068891 0.445049 0.251884 0.435728 0.092573 0.495146 0.282024 0.480000
0 0.220129 0.524466 0.242196 0.072621 0.099031 0.511068 0.288482 0.488155 0.150700 0.560777 0.341227 0.532427
0 0.296017 0.585437 0.269107 0.088155 0.161464 0.574757 0.356297 0.541359 0.232508 0.629515 0.430571 0.592621
0 0.391819 0.645049 0.284177 0.093204 0.249731 0.640777 0.443488 0.598447 0.329386 0.691651 0.533907 0.652039
0 0.490312 0.710291 0.293864 0.092427 0.343380 0.701748 0.561895 0.664078 0.414424 0.756505 0.637244 0.714175
0 0.575888 0.778835 0.292788 0.085825 0.429494 0.764660 0.672766 0.735922 0.468245 0.821748 0.722282 0.796117
0 0.623789 0.856893 0.291712 0.076505 0.477933 0.831845 0.723358 0.818641 0.484392 0.895146 0.769645 0.885049
0 0.622713 0.927379 0.311087 0.064466 0.487621 0.904466 0.773950 0.895146 0.467169 0.954951 0.778256 0.959612