0 0.522727 0.042934 0.222727 0.044723 0.411364 0.020572 0.634091 0.035778 0.417045 0.046064 0.615909 0.065295
0 0.503977 0.076252 0.201136 0.047853 0.418182 0.052326 0.604545 0.071109 0.403409 0.076476 0.564773 0.100179
0 0.454545 0.110689 0.193182 0.055903 0.398864 0.082737 0.551136 0.108676 0.357955 0.111360 0.515909 0.138640
0 0.395455 0.149597 0.200000 0.063059 0.345455 0.118068 0.495455 0.149374 0.295455 0.148479 0.440909 0.181127
0 0.318750 0.192531 0.214773 0.069320 0.281818 0.157871 0.426136 0.189177 0.211364 0.190966 0.362500 0.227191
0 0.233523 0.232335 0.235227 0.066637 0.203409 0.199016 0.351136 0.231216 0.115909 0.242397 0.301136 0.265653
0 0.182955 0.287567 0.227273 0.051878 0.098864 0.261628 0.296591 0.270125 0.069318 0.303667 0.278409 0.313506
0 0.173295 0.344589 0.210227 0.045170 0.069318 0.323792 0.277273 0.322004 0.068182 0.367174 0.278409 0.361807
0 0.189773 0.391771 0.206818 0.046512 0.086364 0.377013 0.285227 0.368515 0.095455 0.415027 0.293182 0.402057
0 0.244318 0.459973 0.250000 0.084526 0.119318 0.448122 0.322727 0.417710 0.152273 0.502236 0.369318 0.470930
0 0.320455 0.524597 0.300000 0.093918 0.170455 0.512970 0.376136 0.477639 0.223864 0.571556 0.470455 0.533989
0 0.377273 0.579159 0.306818 0.099284 0.223864 0.571109 0.450000 0.529517 0.289773 0.628801 0.530682 0.588104
0 0.435795 0.644678 0.278409 0.092576 0.296591 0.639088 0.535227 0.598390 0.337500 0.690966 0.575000 0.665474
0 0.469318 0.696333 0.265909 0.079606 0.336364 0.686941 0.578409 0.656530 0.370455 0.736136 0.602273 0.712880
0 0.505682 0.763417 0.270455 0.066190 0.370455 0.750447 0.620455 0.730322 0.384091 0.796512 0.640909 0.782200
0 0.530114 0.841682 0.282955 0.069767 0.388636 0.822898 0.663636 0.806798 0.396591 0.876565 0.671591 0.867174
0 0.541477 0.913462 0.296591 0.045170 0.393182 0.890877 0.689773 0.897585 0.398864 0.934258 0.679545 0.936047