0 0.679126 0.042738 0.241185 0.039334 0.558533 0.023071 0.799718 0.032148 0.558533 0.054463 0.775741 0.062405
0 0.648096 0.083964 0.229901 0.043116 0.555712 0.062405 0.763047 0.069213 0.533145 0.092663 0.746121 0.105522
0 0.621298 0.121974 0.241185 0.050303 0.538787 0.096823 0.741890 0.106278 0.500705 0.133888 0.719323 0.147126
0 0.605078 0.166793 0.220028 0.053707 0.519041 0.139939 0.715092 0.149017 0.495063 0.184191 0.674189 0.193646
0 0.571227 0.214826 0.203103 0.045386 0.495063 0.192133 0.672779 0.198941 0.469676 0.232224 0.660085 0.237519
0 0.551481 0.264372 0.214386 0.047655 0.471086 0.240545 0.655853 0.242436 0.444288 0.282905 0.658674 0.288200
0 0.545134 0.315431 0.235543 0.047655 0.451340 0.291604 0.662906 0.293873 0.427362 0.334342 0.662906 0.339259
0 0.534556 0.364977 0.253879 0.047655 0.427362 0.341150 0.661495 0.345310 0.407616 0.383510 0.650212 0.388805
0 0.519041 0.417171 0.259520 0.052194 0.406206 0.391074 0.648801 0.395613 0.389281 0.436082 0.640338 0.443268
0 0.511284 0.470877 0.269394 0.045386 0.385049 0.448185 0.634697 0.451589 0.376587 0.491679 0.645980 0.493570
0 0.518336 0.529501 0.297602 0.052194 0.369535 0.506430 0.638928 0.503404 0.383639 0.555598 0.667137 0.551437
0 0.520451 0.583207 0.315938 0.052194 0.386460 0.560893 0.672779 0.557110 0.362482 0.605144 0.678420 0.609304
0 0.557828 0.644289 0.331453 0.052572 0.392102 0.621785 0.693935 0.618003 0.400564 0.670575 0.723554 0.664523
0 0.584626 0.698185 0.348378 0.055219 0.410437 0.677761 0.732017 0.670575 0.451340 0.725416 0.758815 0.725794
0 0.588858 0.766452 0.345557 0.061649 0.448519 0.735628 0.761636 0.745083 0.416079 0.786309 0.750353 0.797277
0 0.545134 0.840393 0.368124 0.071104 0.404795 0.804841 0.729196 0.818835 0.361072 0.854009 0.688293 0.875946
0 0.459803 0.902988 0.434415 0.072239 0.320169 0.866868 0.677010 0.884644 0.242595 0.913767 0.633286 0.939107