0 0.547278 0.061561 0.135626 0.028798 0.479465 0.053005 0.603629 0.047162 0.480420 0.075960 0.615091 0.071369
0 0.555396 0.094741 0.140401 0.028381 0.485196 0.085559 0.613181 0.080551 0.493792 0.108932 0.625597 0.108514
0 0.556351 0.137938 0.121299 0.036311 0.501433 0.119783 0.617001 0.123122 0.495702 0.144407 0.604585 0.156093
0 0.523878 0.187187 0.136581 0.052170 0.487106 0.161102 0.592168 0.175292 0.455587 0.191987 0.574976 0.213272
0 0.485196 0.228088 0.145177 0.047162 0.449857 0.204508 0.557784 0.228297 0.412607 0.234558 0.515759 0.251669
0 0.440306 0.272120 0.131805 0.049249 0.405922 0.247496 0.506208 0.265025 0.374403 0.278798 0.474690 0.296745
0 0.392073 0.316569 0.134670 0.048831 0.364852 0.292154 0.459408 0.306344 0.324737 0.324290 0.426934 0.340985
0 0.353868 0.363105 0.128940 0.042571 0.320917 0.341820 0.418338 0.348080 0.289398 0.376878 0.391595 0.384391
0 0.343362 0.413397 0.113658 0.041319 0.292264 0.392738 0.394460 0.394407 0.286533 0.434057 0.400191 0.433639
0 0.366285 0.468698 0.148042 0.050918 0.292264 0.449917 0.400191 0.443239 0.311366 0.494157 0.440306 0.483306
0 0.393028 0.524833 0.170965 0.058013 0.307545 0.506678 0.437440 0.495826 0.333333 0.553840 0.478510 0.540067
0 0.428367 0.582220 0.170965 0.058431 0.342884 0.568865 0.486151 0.553005 0.367717 0.611436 0.513849 0.596411
0 0.467526 0.646703 0.188157 0.049666 0.373448 0.631886 0.533906 0.621870 0.402101 0.671536 0.561605 0.666110
0 0.483763 0.714524 0.157593 0.040902 0.404967 0.694073 0.562560 0.695326 0.412607 0.734975 0.553009 0.732888
0 0.473734 0.784015 0.168099 0.055509 0.412607 0.756260 0.557784 0.769199 0.389685 0.795910 0.540592 0.811770
0 0.429322 0.852254 0.222541 0.071786 0.367717 0.816361 0.540592 0.838898 0.318052 0.863105 0.508118 0.888147
0 0.395415 0.910684 0.210124 0.049249 0.296084 0.886060 0.500478 0.902337 0.290353 0.931135 0.474690 0.935309