0 0.444213 0.080202 0.131387 0.034830 0.378519 0.072411 0.507821 0.062786 0.393118 0.097617 0.509906 0.090742
0 0.459333 0.119386 0.109489 0.033456 0.404588 0.109074 0.514077 0.102658 0.422315 0.136114 0.514077 0.130614
0 0.480188 0.156737 0.113660 0.030247 0.423358 0.150779 0.518248 0.141613 0.428571 0.171861 0.537018 0.165445
0 0.488530 0.184922 0.111575 0.026123 0.432742 0.180110 0.541189 0.171861 0.436913 0.197984 0.544317 0.191567
0 0.493222 0.219065 0.120959 0.027498 0.434828 0.211732 0.547445 0.205316 0.432742 0.232814 0.553702 0.232814
0 0.489572 0.263291 0.115746 0.031622 0.432742 0.248396 0.544317 0.247479 0.431700 0.277269 0.547445 0.279102
0 0.488008 0.309349 0.118874 0.034830 0.435871 0.293309 0.540146 0.291934 0.428571 0.325848 0.547445 0.326764
0 0.488530 0.359991 0.140772 0.037122 0.422315 0.341430 0.545360 0.342346 0.418144 0.377635 0.558916 0.378552
0 0.482273 0.414757 0.153285 0.042163 0.411887 0.393676 0.558916 0.395050 0.405631 0.434005 0.557873 0.435839
0 0.481752 0.473419 0.154327 0.042163 0.404588 0.455087 0.558916 0.452337 0.410845 0.494500 0.555787 0.494042
0 0.486444 0.536434 0.155370 0.040788 0.408759 0.516040 0.564129 0.516957 0.416058 0.555912 0.555787 0.556829
0 0.490094 0.603346 0.156413 0.046288 0.411887 0.586159 0.568300 0.580202 0.424400 0.626489 0.568300 0.619157
0 0.505214 0.670715 0.153285 0.049038 0.428571 0.652154 0.567258 0.646196 0.442127 0.695234 0.581856 0.690192
0 0.521376 0.741980 0.171011 0.053162 0.435871 0.720898 0.600626 0.715399 0.445255 0.768561 0.606882 0.764895
0 0.522941 0.807516 0.172054 0.040330 0.447341 0.787351 0.606882 0.789643 0.436913 0.827681 0.608968 0.824015
0 0.524505 0.872823 0.175182 0.039872 0.436913 0.852887 0.612096 0.854720 0.442127 0.892759 0.612096 0.892301
0 0.524505 0.929652 0.183525 0.037122 0.432742 0.912466 0.616267 0.911091 0.436913 0.945463 0.608968 0.948213