0 0.432551 0.060801 0.137830 0.037009 0.369501 0.042296 0.501466 0.048338 0.363636 0.079305 0.492669 0.076284
0 0.436217 0.112915 0.133431 0.044562 0.369501 0.101964 0.501466 0.090634 0.381232 0.135196 0.502933 0.117825
0 0.472141 0.157100 0.137830 0.049849 0.403226 0.155589 0.511730 0.132175 0.425220 0.182024 0.541056 0.158610
0 0.513196 0.200906 0.134897 0.054381 0.445748 0.205438 0.551320 0.173716 0.476540 0.228097 0.580645 0.198640
0 0.563783 0.244335 0.151026 0.058157 0.488270 0.241692 0.593842 0.215257 0.533724 0.273414 0.639296 0.243958
0 0.609971 0.289653 0.140762 0.052115 0.539589 0.293051 0.649560 0.263595 0.577713 0.315710 0.680352 0.293051
0 0.657625 0.332326 0.153959 0.046828 0.580645 0.330816 0.693548 0.308912 0.617302 0.355740 0.734604 0.332326
0 0.716276 0.376511 0.153959 0.055136 0.639296 0.376133 0.756598 0.348943 0.664223 0.404079 0.793255 0.387462
0 0.733138 0.429758 0.155425 0.039275 0.655425 0.417674 0.810850 0.410121 0.658358 0.449396 0.810850 0.445619
0 0.732405 0.486027 0.174487 0.043051 0.655425 0.464502 0.819648 0.467523 0.645161 0.496224 0.803519 0.507553
0 0.705279 0.547205 0.193548 0.062689 0.626100 0.515861 0.802053 0.529456 0.608504 0.554381 0.781525 0.578550
0 0.672287 0.606118 0.197947 0.074773 0.585044 0.568731 0.771261 0.592900 0.573314 0.607251 0.740469 0.643505
0 0.617302 0.672583 0.211144 0.076284 0.533724 0.634441 0.722874 0.663897 0.511730 0.669940 0.665689 0.710725
0 0.530792 0.734894 0.217009 0.078550 0.469208 0.695619 0.639296 0.731118 0.422287 0.733384 0.609971 0.774169
0 0.461144 0.800982 0.230205 0.091390 0.385630 0.755287 0.576246 0.801360 0.346041 0.799094 0.527859 0.846677
0 0.395161 0.868580 0.224340 0.054381 0.282991 0.841390 0.507331 0.865559 0.284457 0.876888 0.486804 0.895770
0 0.368035 0.924094 0.205279 0.041541 0.272727 0.903323 0.470674 0.916918 0.265396 0.931269 0.453079 0.944864