0 0.481464 0.063779 0.130228 0.036134 0.416350 0.057466 0.538973 0.045712 0.420152 0.081846 0.546578 0.074445
0 0.489544 0.098389 0.121673 0.029604 0.428707 0.090553 0.544677 0.083587 0.441065 0.113191 0.550380 0.108402
0 0.502376 0.134088 0.116920 0.030475 0.443916 0.124946 0.554183 0.118851 0.452471 0.149325 0.560836 0.144101
0 0.507605 0.171963 0.110266 0.026992 0.452471 0.158468 0.560836 0.158468 0.460076 0.185024 0.562738 0.185459
0 0.505228 0.215716 0.101711 0.024815 0.465779 0.203309 0.556084 0.203744 0.454373 0.225947 0.555133 0.228124
0 0.497148 0.260993 0.110266 0.028298 0.453422 0.246844 0.552281 0.250327 0.442015 0.275141 0.548479 0.272965
0 0.484316 0.318459 0.113118 0.044841 0.437262 0.296038 0.540875 0.298215 0.427757 0.340879 0.539924 0.340879
0 0.486217 0.377449 0.124525 0.033087 0.432510 0.361776 0.543726 0.360906 0.423954 0.393992 0.548479 0.393121
0 0.499049 0.428603 0.134981 0.044841 0.431559 0.407923 0.555133 0.406182 0.434411 0.451023 0.566540 0.445364
0 0.499525 0.482368 0.154943 0.046147 0.439164 0.462342 0.557985 0.459295 0.422053 0.505442 0.576996 0.499347
0 0.507605 0.539617 0.155894 0.044841 0.442015 0.518502 0.571293 0.517196 0.429658 0.562037 0.585551 0.558555
0 0.516160 0.604049 0.163498 0.038746 0.445818 0.584676 0.579848 0.584676 0.434411 0.620810 0.597909 0.623422
0 0.518061 0.668263 0.184411 0.043535 0.454373 0.646495 0.591255 0.646495 0.425856 0.689160 0.610266 0.690030
0 0.519487 0.732259 0.191065 0.043535 0.446768 0.715716 0.606464 0.710492 0.423954 0.748367 0.615019 0.754027
0 0.527091 0.795168 0.160646 0.039617 0.448669 0.775359 0.599810 0.780148 0.446768 0.811929 0.607414 0.814976
0 0.524715 0.850239 0.155894 0.042664 0.466730 0.828907 0.592205 0.830649 0.446768 0.863735 0.602662 0.871572
0 0.498574 0.912059 0.200570 0.051371 0.425856 0.886374 0.595057 0.889856 0.398289 0.935568 0.598859 0.937745