0 0.475634 0.086199 0.136452 0.031345 0.407407 0.072268 0.543860 0.070527 0.414230 0.101872 0.543860 0.100131
0 0.484405 0.123422 0.122807 0.026556 0.423002 0.112320 0.545809 0.110144 0.426901 0.136265 0.543860 0.136700
0 0.487817 0.164127 0.114035 0.029604 0.430799 0.149325 0.544834 0.151067 0.430799 0.170657 0.541910 0.178929
0 0.482456 0.203744 0.126706 0.037440 0.433723 0.185024 0.545809 0.193731 0.419103 0.213322 0.539961 0.222464
0 0.471248 0.245973 0.127680 0.038311 0.414230 0.226818 0.535088 0.233783 0.407407 0.251197 0.532164 0.265128
0 0.445906 0.285808 0.139376 0.043100 0.393762 0.264258 0.515595 0.276448 0.376218 0.297344 0.486355 0.307357
0 0.406433 0.327384 0.118908 0.036569 0.366472 0.309099 0.465887 0.318241 0.346979 0.338267 0.456140 0.345668
0 0.392300 0.370048 0.125731 0.037440 0.346004 0.351328 0.455166 0.356552 0.329435 0.381802 0.446394 0.388768
0 0.383528 0.418807 0.129630 0.037440 0.318713 0.400958 0.444444 0.400087 0.318713 0.437527 0.448343 0.433609
0 0.388889 0.468655 0.132554 0.039617 0.329435 0.451458 0.452242 0.448846 0.322612 0.488463 0.455166 0.483239
0 0.397173 0.524597 0.143275 0.047889 0.325536 0.509360 0.462963 0.500653 0.337232 0.548542 0.468811 0.541576
0 0.417641 0.586635 0.147173 0.053548 0.344055 0.569438 0.480507 0.559861 0.359649 0.613409 0.491228 0.606879
0 0.446881 0.649978 0.158869 0.051371 0.367446 0.632129 0.513645 0.624293 0.376218 0.675664 0.526316 0.666522
0 0.467836 0.715281 0.159844 0.052242 0.387914 0.697431 0.538012 0.689160 0.394737 0.741402 0.547758 0.732695
0 0.485867 0.785808 0.176413 0.051371 0.397661 0.764040 0.565302 0.760122 0.422027 0.811493 0.574074 0.805398
0 0.508285 0.852634 0.180312 0.052677 0.418129 0.834131 0.588694 0.826295 0.424951 0.877667 0.598441 0.878973
0 0.521930 0.918154 0.186160 0.033087 0.428850 0.905529 0.603314 0.901611 0.434698 0.934697 0.615010 0.931650