0 0.523124 0.066200 0.107330 0.024400 0.469459 0.058400 0.576789 0.054000 0.472077 0.078400 0.569808 0.074800
0 0.520942 0.099800 0.097731 0.026000 0.472077 0.090000 0.569808 0.086800 0.472949 0.112800 0.569808 0.112800
0 0.523124 0.140400 0.100349 0.034400 0.473822 0.123200 0.573298 0.123200 0.472949 0.148000 0.563700 0.157600
0 0.506981 0.183400 0.116928 0.041200 0.462478 0.162800 0.565445 0.172000 0.448517 0.192000 0.540140 0.204000
0 0.483857 0.223600 0.123037 0.040800 0.442408 0.203200 0.545375 0.214800 0.422339 0.230000 0.510471 0.244000
0 0.441536 0.265600 0.127400 0.044000 0.408377 0.243600 0.505236 0.259600 0.377836 0.270000 0.485166 0.287600
0 0.414049 0.307200 0.126527 0.039200 0.372600 0.287600 0.477312 0.300400 0.350785 0.314400 0.444154 0.326800
0 0.381326 0.347800 0.108202 0.034000 0.349040 0.330800 0.435428 0.337200 0.327225 0.359600 0.420593 0.364800
0 0.374782 0.394600 0.100349 0.033200 0.326353 0.378000 0.422339 0.378800 0.324607 0.411200 0.424956 0.411200
0 0.381763 0.446200 0.109075 0.039600 0.327225 0.429200 0.431065 0.426400 0.329843 0.466000 0.436300 0.466000
0 0.401832 0.504600 0.131763 0.048400 0.335951 0.488400 0.445026 0.480400 0.354276 0.528800 0.467714 0.522400
0 0.437609 0.562800 0.130017 0.046400 0.372600 0.548000 0.472949 0.539600 0.386562 0.586000 0.502618 0.575600
0 0.464660 0.623600 0.140489 0.057600 0.394415 0.608000 0.507853 0.594800 0.419721 0.652400 0.534904 0.639600
0 0.505672 0.692200 0.163176 0.061200 0.424084 0.670400 0.565445 0.661600 0.437173 0.722800 0.587260 0.711600
0 0.530105 0.762600 0.159686 0.052400 0.450262 0.740000 0.602967 0.736400 0.455497 0.788800 0.609948 0.784000
0 0.544939 0.831600 0.173647 0.048000 0.458115 0.808000 0.631763 0.807600 0.458115 0.855600 0.623909 0.851200
0 0.557592 0.895400 0.181501 0.032400 0.466841 0.879200 0.616056 0.880400 0.469459 0.911600 0.648342 0.911600