0 0.414557 0.045343 0.149789 0.027493 0.339662 0.040213 0.483122 0.031596 0.351266 0.059089 0.489451 0.053755
0 0.435127 0.082068 0.138186 0.035289 0.366034 0.071399 0.497890 0.064423 0.385021 0.099713 0.504219 0.096430
0 0.452004 0.127206 0.131857 0.037751 0.386076 0.109151 0.506329 0.108330 0.394515 0.144030 0.517932 0.146081
0 0.457806 0.176036 0.120253 0.041855 0.397679 0.155109 0.517932 0.157160 0.398734 0.194501 0.510549 0.196963
0 0.455169 0.226508 0.129747 0.031186 0.407173 0.210915 0.520042 0.210915 0.390295 0.242101 0.511603 0.242101
0 0.445675 0.273697 0.131857 0.041855 0.397679 0.252770 0.511603 0.254001 0.379747 0.293394 0.510549 0.294625
0 0.444620 0.322733 0.150844 0.038982 0.380802 0.303242 0.516878 0.304883 0.369198 0.341814 0.520042 0.342224
0 0.443038 0.373820 0.160338 0.044317 0.390295 0.351662 0.523207 0.357817 0.362869 0.389003 0.513713 0.395979
0 0.425105 0.424702 0.166667 0.041034 0.358650 0.404185 0.508439 0.405006 0.341772 0.437423 0.488397 0.445220
0 0.402426 0.474354 0.159283 0.044317 0.331224 0.452195 0.478903 0.459171 0.322785 0.492409 0.482068 0.496512
0 0.391878 0.530160 0.174051 0.046779 0.317511 0.506771 0.478903 0.512515 0.304852 0.551087 0.473629 0.553549
0 0.390295 0.592327 0.160338 0.046368 0.310127 0.575708 0.466245 0.569142 0.322785 0.615511 0.470464 0.609766
0 0.423523 0.655519 0.188819 0.059499 0.329114 0.643414 0.488397 0.625769 0.355485 0.685269 0.517932 0.668034
0 0.459916 0.709684 0.175105 0.061141 0.372363 0.703734 0.536920 0.679114 0.396624 0.740254 0.547468 0.716044
0 0.520570 0.782314 0.214135 0.063603 0.413502 0.763233 0.605485 0.750513 0.433544 0.814116 0.627637 0.803857
0 0.544831 0.854739 0.207806 0.061551 0.440928 0.832581 0.633966 0.823964 0.446203 0.885515 0.648734 0.881822
0 0.557489 0.914034 0.214135 0.030776 0.450422 0.901108 0.664557 0.898646 0.456751 0.928601 0.659283 0.929421