0 0.517603 0.049275 0.155071 0.032354 0.447611 0.033098 0.595138 0.035329 0.440067 0.058014 0.584241 0.065452
0 0.495809 0.089996 0.176865 0.046114 0.435038 0.066939 0.584241 0.073261 0.407376 0.099293 0.553227 0.113053
0 0.463118 0.134437 0.176865 0.053923 0.404023 0.107475 0.551551 0.122722 0.374686 0.141316 0.497066 0.161398
0 0.415759 0.183154 0.162615 0.062849 0.371333 0.151729 0.497066 0.169580 0.334451 0.193009 0.471081 0.214578
0 0.382230 0.229825 0.174350 0.057270 0.334451 0.201190 0.469405 0.222016 0.295054 0.238007 0.420788 0.258460
0 0.336547 0.275381 0.160101 0.053180 0.289187 0.248791 0.416597 0.262551 0.256496 0.288955 0.396479 0.301971
0 0.318525 0.323726 0.152557 0.048717 0.248952 0.299368 0.394803 0.306805 0.242246 0.339160 0.385583 0.348085
0 0.322297 0.374303 0.163453 0.044254 0.240570 0.352176 0.389774 0.353663 0.243923 0.396430 0.404023 0.388248
0 0.345767 0.424321 0.196982 0.055783 0.247276 0.405355 0.411567 0.396430 0.265717 0.452213 0.444258 0.440684
0 0.378458 0.483265 0.196982 0.060617 0.279966 0.473782 0.453479 0.452956 0.298407 0.513574 0.476949 0.490145
0 0.408634 0.526032 0.202012 0.060617 0.307628 0.519152 0.480302 0.495723 0.327745 0.556341 0.509640 0.528821
0 0.443001 0.570844 0.202012 0.063221 0.341995 0.566010 0.520536 0.539234 0.358759 0.602454 0.544007 0.583860
0 0.456832 0.629416 0.199497 0.067311 0.357083 0.615099 0.548198 0.595761 0.369656 0.663072 0.556580 0.651543
0 0.476949 0.697657 0.211232 0.063221 0.371333 0.674228 0.573345 0.666047 0.385583 0.729267 0.582565 0.721086
0 0.494971 0.772034 0.225482 0.066196 0.382230 0.746002 0.584241 0.738936 0.394803 0.805132 0.607712 0.795463
0 0.535205 0.839717 0.265717 0.067683 0.402347 0.818148 0.609388 0.805876 0.411567 0.873559 0.668064 0.863146
0 0.549455 0.895500 0.247276 0.048345 0.425817 0.886575 0.662196 0.871328 0.442582 0.918929 0.673093 0.919673