0 0.540554 0.055383 0.138604 0.022930 0.471253 0.045472 0.609856 0.043918 0.480493 0.066848 0.599589 0.066848
0 0.543634 0.089973 0.101643 0.025262 0.492813 0.077342 0.594456 0.077342 0.492813 0.098717 0.592402 0.102604
0 0.534908 0.128644 0.106776 0.031869 0.488706 0.112709 0.588296 0.115041 0.481520 0.141080 0.582135 0.144578
0 0.533368 0.170424 0.105749 0.026817 0.488706 0.157015 0.586242 0.158570 0.480493 0.183055 0.579055 0.183832
0 0.522587 0.212787 0.112936 0.038476 0.477413 0.193548 0.579055 0.195492 0.466119 0.226972 0.569815 0.232025
0 0.508214 0.259425 0.110883 0.033813 0.454825 0.242518 0.563655 0.245628 0.452772 0.273611 0.560575 0.276331
0 0.502567 0.303342 0.116016 0.034590 0.453799 0.287213 0.558522 0.286047 0.444559 0.320249 0.560575 0.320637
0 0.506160 0.350564 0.117043 0.034979 0.447639 0.334629 0.563655 0.333074 0.456879 0.368053 0.564682 0.368053
0 0.512834 0.397590 0.124230 0.031869 0.457906 0.382822 0.572895 0.381656 0.450719 0.413525 0.574949 0.411193
0 0.518480 0.444811 0.121150 0.033813 0.457906 0.431014 0.573922 0.427905 0.458932 0.461718 0.579055 0.459386
0 0.526694 0.498057 0.147844 0.050136 0.452772 0.478819 0.585216 0.472989 0.468172 0.523125 0.600616 0.518072
0 0.551335 0.555771 0.149897 0.046638 0.476386 0.539059 0.612936 0.532452 0.490760 0.579091 0.626283 0.575593
0 0.570329 0.610377 0.144764 0.041586 0.497947 0.590750 0.642710 0.589584 0.511294 0.631170 0.642710 0.630393
0 0.574949 0.665760 0.156057 0.042752 0.505133 0.644384 0.651951 0.645550 0.496920 0.684804 0.652977 0.687136
0 0.580595 0.727167 0.187885 0.051302 0.493840 0.701516 0.674538 0.705791 0.486653 0.745433 0.665298 0.752818
0 0.570842 0.792849 0.203285 0.052079 0.480493 0.766809 0.672485 0.771473 0.469199 0.810727 0.651951 0.818888
0 0.540554 0.858142 0.187885 0.064516 0.453799 0.825884 0.634497 0.835212 0.446612 0.879518 0.617043 0.890400