0 0.620581 0.029118 0.223485 0.022463 0.508838 0.017887 0.732323 0.019135 0.523990 0.037022 0.705808 0.040349
0 0.616793 0.061356 0.185606 0.030366 0.523990 0.046173 0.700758 0.047005 0.532828 0.075291 0.709596 0.076539
0 0.620581 0.106489 0.190657 0.039933 0.537879 0.086522 0.715909 0.089018 0.525253 0.117304 0.702020 0.126456
0 0.595328 0.155574 0.228535 0.060732 0.520202 0.125208 0.709596 0.143095 0.481061 0.164309 0.676768 0.185940
0 0.533460 0.206531 0.258838 0.060316 0.467172 0.176373 0.662879 0.196755 0.404040 0.206323 0.578283 0.236689
0 0.445707 0.247504 0.239899 0.064892 0.378788 0.215058 0.565657 0.245424 0.325758 0.249168 0.496212 0.279950
0 0.368687 0.291805 0.244949 0.061980 0.304293 0.260815 0.491162 0.286606 0.246212 0.299085 0.448232 0.322795
0 0.328283 0.340890 0.232323 0.051165 0.238636 0.315308 0.444444 0.331115 0.212121 0.360649 0.438131 0.366473
0 0.330808 0.397671 0.217172 0.046589 0.226010 0.376456 0.438131 0.374376 0.222222 0.420965 0.439394 0.411814
0 0.358586 0.454451 0.257576 0.071131 0.229798 0.437188 0.446970 0.418885 0.265152 0.490017 0.487374 0.462562
0 0.426136 0.507072 0.294192 0.076539 0.279040 0.498336 0.505050 0.468802 0.337121 0.545341 0.573232 0.513727
0 0.511364 0.565100 0.313131 0.081115 0.354798 0.558652 0.599747 0.524542 0.422980 0.605657 0.667929 0.573211
0 0.606692 0.623336 0.344697 0.066972 0.434343 0.612729 0.713384 0.589850 0.496212 0.656822 0.779040 0.649750
0 0.628157 0.694468 0.309343 0.064476 0.501263 0.662230 0.782828 0.673045 0.473485 0.709235 0.770202 0.726705
0 0.583965 0.760399 0.347222 0.085691 0.473485 0.717554 0.757576 0.751248 0.410354 0.764559 0.676768 0.803245
0 0.494318 0.822587 0.372475 0.101082 0.395202 0.772047 0.680556 0.816972 0.308081 0.829035 0.603535 0.873128
0 0.366162 0.896007 0.426768 0.089018 0.247475 0.851498 0.579545 0.881032 0.152778 0.908070 0.520202 0.940516