0 0.478622 0.043908 0.152019 0.029638 0.403800 0.034029 0.554632 0.029089 0.402613 0.058727 0.542755 0.053787
0 0.486936 0.084797 0.140143 0.041164 0.416865 0.071899 0.557007 0.064215 0.434679 0.103732 0.554632 0.105379
0 0.500000 0.127881 0.118765 0.028540 0.444181 0.113611 0.559382 0.116904 0.440618 0.138858 0.557007 0.142151
0 0.483373 0.172338 0.125891 0.037322 0.433492 0.153677 0.546318 0.155873 0.420428 0.178924 0.536817 0.190999
0 0.462589 0.213227 0.136580 0.041164 0.422803 0.192645 0.530879 0.204720 0.394299 0.218990 0.514252 0.233809
0 0.440618 0.257135 0.142518 0.044457 0.396675 0.234907 0.511876 0.246981 0.369359 0.261800 0.494062 0.279363
0 0.412708 0.299671 0.136580 0.040615 0.369359 0.279363 0.480998 0.291438 0.344418 0.308452 0.458432 0.319978
0 0.394299 0.345225 0.130641 0.037322 0.345606 0.326564 0.457245 0.335346 0.328979 0.355653 0.459620 0.363886
0 0.392518 0.391603 0.146081 0.032382 0.332542 0.375412 0.453682 0.376509 0.319477 0.407794 0.465558 0.407794
0 0.393705 0.441822 0.143705 0.036224 0.332542 0.427003 0.451306 0.423710 0.321853 0.459934 0.465558 0.455543
0 0.413895 0.496432 0.160333 0.049945 0.333729 0.478595 0.459620 0.471460 0.339667 0.521405 0.494062 0.505488
0 0.444181 0.553238 0.163895 0.055982 0.362233 0.541164 0.494062 0.525247 0.383610 0.581229 0.526128 0.560373
0 0.487530 0.613611 0.169834 0.064764 0.402613 0.602086 0.539192 0.581229 0.423990 0.645993 0.572447 0.619649
0 0.550475 0.675357 0.191211 0.065313 0.454869 0.663008 0.596200 0.642700 0.471496 0.708013 0.646081 0.681669
0 0.596793 0.737377 0.186461 0.052141 0.503563 0.727772 0.653207 0.711306 0.524941 0.763447 0.690024 0.750823
0 0.620546 0.804336 0.198337 0.051043 0.526128 0.787596 0.695962 0.778814 0.521378 0.827113 0.719715 0.829857
0 0.609857 0.877058 0.193587 0.050494 0.515439 0.851811 0.701900 0.853458 0.513064 0.896268 0.706651 0.902305