0 0.523396 0.063329 0.295455 0.042524 0.391711 0.042067 0.671123 0.062643 0.375668 0.064472 0.640374 0.084591
0 0.494652 0.098765 0.272727 0.053041 0.370321 0.072245 0.631016 0.090992 0.358289 0.100137 0.594920 0.125286
0 0.455214 0.137860 0.263369 0.053498 0.354278 0.111111 0.586898 0.136260 0.323529 0.139460 0.538770 0.164609
0 0.404412 0.187700 0.252674 0.060814 0.310160 0.157293 0.530749 0.181070 0.278075 0.186557 0.467914 0.218107
0 0.330214 0.230910 0.267380 0.066758 0.252674 0.197531 0.463904 0.224966 0.196524 0.235025 0.407754 0.264289
0 0.261364 0.278006 0.284759 0.069502 0.183155 0.243256 0.403743 0.269776 0.118984 0.292181 0.367647 0.312757
0 0.247326 0.329675 0.262032 0.053041 0.118984 0.303155 0.366310 0.320073 0.116310 0.356196 0.378342 0.347965
0 0.258021 0.384088 0.283422 0.066758 0.116310 0.370370 0.383690 0.350709 0.159091 0.417467 0.399733 0.382716
0 0.314171 0.427298 0.286096 0.083676 0.171123 0.425697 0.406417 0.385460 0.245989 0.469136 0.457219 0.426155
0 0.407754 0.474394 0.304813 0.088249 0.255348 0.477366 0.469251 0.430270 0.334225 0.518519 0.560160 0.470508
0 0.524733 0.521491 0.338235 0.094650 0.355615 0.524920 0.578877 0.474166 0.449198 0.568816 0.693850 0.518061
0 0.630348 0.568816 0.330214 0.075903 0.465241 0.573845 0.719251 0.530864 0.524064 0.606767 0.795455 0.578875
0 0.699198 0.621171 0.342246 0.070873 0.528075 0.609968 0.803476 0.585734 0.564171 0.656607 0.870321 0.653407
0 0.695856 0.706447 0.324866 0.073160 0.572192 0.669867 0.858289 0.690901 0.533422 0.717421 0.823529 0.743027
0 0.618984 0.764518 0.328877 0.086877 0.529412 0.721079 0.783422 0.759945 0.454545 0.759031 0.705882 0.807956
0 0.503342 0.826475 0.364973 0.104710 0.414439 0.774120 0.685829 0.821216 0.320856 0.829904 0.598930 0.878829
0 0.393717 0.895062 0.383690 0.108368 0.294118 0.840878 0.585562 0.887517 0.201872 0.909465 0.509358 0.949246