0 0.549020 0.040270 0.247549 0.027360 0.425245 0.030829 0.672794 0.026590 0.427696 0.052408 0.656863 0.053950
0 0.547794 0.079191 0.240196 0.031985 0.427696 0.063969 0.665441 0.063198 0.447304 0.094412 0.667892 0.095183
0 0.559436 0.122351 0.204657 0.034297 0.457108 0.105202 0.659314 0.105202 0.465686 0.137958 0.661765 0.139499
0 0.566789 0.164162 0.207108 0.039306 0.465686 0.144509 0.670343 0.147977 0.463235 0.178805 0.651961 0.183815
0 0.552696 0.210212 0.218137 0.041233 0.459559 0.189595 0.651961 0.192293 0.443627 0.228902 0.661765 0.230829
0 0.543505 0.260886 0.226716 0.048555 0.430147 0.236609 0.656863 0.242389 0.441176 0.285164 0.648284 0.284008
0 0.556985 0.314451 0.224265 0.049326 0.444853 0.290559 0.651961 0.289788 0.448529 0.339114 0.669118 0.336031
0 0.566176 0.368979 0.232843 0.051252 0.449755 0.347977 0.672794 0.343353 0.452206 0.394605 0.682598 0.394220
0 0.563113 0.426590 0.253676 0.050867 0.450980 0.403468 0.686275 0.401156 0.436274 0.450867 0.689951 0.452023
0 0.559436 0.484971 0.263480 0.051252 0.438726 0.459730 0.683824 0.459345 0.427696 0.506744 0.691176 0.510597
0 0.546569 0.544701 0.284314 0.056647 0.428922 0.516378 0.688725 0.519075 0.404412 0.562620 0.675245 0.573025
0 0.525123 0.597881 0.297794 0.062042 0.400735 0.566859 0.672794 0.576108 0.376226 0.613487 0.674020 0.628902
0 0.500613 0.660308 0.310049 0.058960 0.363971 0.630828 0.655637 0.642775 0.345588 0.672062 0.631127 0.689788
0 0.455270 0.721965 0.317402 0.052794 0.316176 0.695568 0.613971 0.700578 0.296569 0.739499 0.598039 0.748362
0 0.431985 0.787669 0.327206 0.055491 0.284314 0.759923 0.594363 0.763391 0.268382 0.810405 0.595588 0.815414
0 0.434436 0.858382 0.354167 0.052794 0.270833 0.831985 0.590686 0.833911 0.257353 0.883622 0.611520 0.884778
0 0.438113 0.915029 0.412990 0.047399 0.252451 0.891329 0.627451 0.895183 0.231618 0.929094 0.644608 0.938728