0 0.463706 0.064724 0.197708 0.036005 0.370583 0.046721 0.562560 0.054865 0.364852 0.069867 0.556829 0.082726
0 0.446514 0.102443 0.172875 0.043721 0.362942 0.080583 0.532951 0.097300 0.360076 0.102015 0.516714 0.124303
0 0.411652 0.140592 0.160458 0.046292 0.356256 0.117445 0.491882 0.139306 0.331423 0.136305 0.468004 0.163738
0 0.351958 0.176382 0.161414 0.054436 0.308500 0.149164 0.432665 0.177883 0.271251 0.172310 0.383954 0.203601
0 0.267908 0.216031 0.149952 0.054008 0.242598 0.189027 0.342884 0.219460 0.192932 0.217317 0.297994 0.243035
0 0.182426 0.266395 0.177650 0.051007 0.145177 0.240892 0.271251 0.262752 0.093601 0.280754 0.243553 0.291899
0 0.162369 0.311616 0.175740 0.030862 0.086915 0.296185 0.250239 0.305186 0.074499 0.320617 0.247373 0.327047
0 0.167144 0.358980 0.183381 0.040720 0.075454 0.338620 0.255014 0.340763 0.085960 0.379340 0.258835 0.373339
0 0.196753 0.411487 0.189112 0.054008 0.102197 0.402915 0.264565 0.384483 0.119389 0.438491 0.291308 0.408487
0 0.244508 0.464423 0.208214 0.063866 0.140401 0.458208 0.310411 0.432490 0.179561 0.496357 0.348615 0.460780
0 0.324737 0.518003 0.213945 0.067295 0.217765 0.518217 0.375358 0.484355 0.251194 0.551650 0.431710 0.522932
0 0.404967 0.581869 0.219675 0.057008 0.295129 0.573511 0.473734 0.553365 0.331423 0.610373 0.514804 0.578654
0 0.448424 0.641449 0.182426 0.052722 0.357211 0.630947 0.525310 0.615088 0.381089 0.667810 0.539637 0.648950
0 0.489971 0.705315 0.185291 0.052722 0.397326 0.694385 0.566380 0.678954 0.431710 0.731676 0.582617 0.714102
0 0.531519 0.773468 0.190067 0.060437 0.436485 0.760394 0.617001 0.743249 0.451767 0.803686 0.626552 0.789970
0 0.552531 0.851050 0.203438 0.049293 0.456542 0.829833 0.641834 0.826404 0.450812 0.859408 0.654250 0.875697
0 0.536772 0.933348 0.210124 0.051007 0.434575 0.907844 0.641834 0.915988 0.431710 0.956279 0.618911 0.958851