0 0.501705 0.032390 0.185227 0.028700 0.409091 0.021730 0.594318 0.018040 0.427273 0.044690 0.585227 0.046740
0 0.523295 0.074211 0.187500 0.042640 0.429545 0.055761 0.596591 0.052891 0.434091 0.089381 0.617045 0.095531
0 0.524432 0.124641 0.164773 0.050841 0.448864 0.099221 0.606818 0.102911 0.442045 0.134891 0.596591 0.150062
0 0.486364 0.174867 0.197727 0.055351 0.442045 0.147191 0.585227 0.164002 0.387500 0.176712 0.535227 0.202542
0 0.424432 0.218122 0.203409 0.061501 0.387500 0.187372 0.526136 0.208692 0.322727 0.220172 0.473864 0.248872
0 0.352841 0.259738 0.221591 0.068471 0.301136 0.225502 0.463636 0.253383 0.242045 0.268143 0.414773 0.293973
0 0.300000 0.306683 0.209091 0.060681 0.234091 0.276343 0.404545 0.298483 0.195455 0.318983 0.372727 0.337023
0 0.267614 0.356089 0.194318 0.054531 0.189773 0.328823 0.364773 0.343173 0.170455 0.375154 0.347727 0.383354
0 0.244318 0.410824 0.188636 0.047560 0.156818 0.387044 0.338636 0.389504 0.150000 0.434604 0.335227 0.431734
0 0.248295 0.466380 0.210227 0.061091 0.143182 0.446904 0.337500 0.435834 0.164773 0.496925 0.353409 0.481345
0 0.298864 0.527675 0.261364 0.072161 0.168182 0.513325 0.361364 0.491595 0.215909 0.563756 0.429545 0.535465
0 0.359659 0.586511 0.271591 0.080771 0.223864 0.577696 0.437500 0.546125 0.268182 0.626896 0.495455 0.598196
0 0.418750 0.644321 0.280682 0.081591 0.278409 0.636326 0.507955 0.603526 0.323864 0.685117 0.559091 0.658877
0 0.481250 0.708487 0.285227 0.077901 0.338636 0.696187 0.579545 0.669537 0.377273 0.747437 0.623864 0.722427
0 0.530114 0.778803 0.289773 0.075851 0.385227 0.756048 0.632955 0.740877 0.412500 0.816728 0.675000 0.799098
0 0.560227 0.853219 0.288636 0.068061 0.415909 0.829438 0.677273 0.819188 0.426136 0.887249 0.704545 0.883969
0 0.562500 0.924559 0.302273 0.059041 0.412500 0.899959 0.697727 0.895039 0.411364 0.950800 0.713636 0.954080