0 0.456688 0.035482 0.194904 0.035982 0.359236 0.031484 0.549045 0.017491 0.370701 0.053473 0.554140 0.042979
0 0.477070 0.071214 0.194904 0.040480 0.379618 0.062469 0.560510 0.050975 0.392357 0.091454 0.574522 0.075462
0 0.487898 0.104698 0.185987 0.041479 0.394904 0.098451 0.574522 0.083958 0.416561 0.125437 0.580892 0.115942
0 0.501911 0.147676 0.175796 0.043478 0.420382 0.134933 0.589809 0.125937 0.414013 0.167916 0.580892 0.169415
0 0.482803 0.206897 0.165605 0.059970 0.412739 0.176912 0.565605 0.181909 0.400000 0.219890 0.549045 0.236882
0 0.447134 0.256122 0.201274 0.063468 0.392357 0.224388 0.547771 0.243878 0.346497 0.272364 0.490446 0.287856
0 0.403185 0.298351 0.184713 0.048976 0.341401 0.273863 0.495541 0.291854 0.310828 0.303848 0.471338 0.322839
0 0.366879 0.344328 0.188535 0.043978 0.304459 0.322339 0.461147 0.331334 0.272611 0.352324 0.445860 0.366317
0 0.348408 0.391554 0.184713 0.040480 0.272611 0.371314 0.440764 0.377811 0.256051 0.403798 0.433121 0.411794
0 0.352229 0.439530 0.184713 0.040480 0.259873 0.425787 0.434395 0.419290 0.259873 0.459770 0.444586 0.451774
0 0.376433 0.491754 0.197452 0.055972 0.277707 0.481259 0.448408 0.463768 0.285350 0.519740 0.475159 0.500750
0 0.405732 0.550974 0.230573 0.058471 0.290446 0.541229 0.478981 0.521739 0.314650 0.580210 0.521019 0.562219
0 0.453503 0.608946 0.257325 0.067466 0.324841 0.601199 0.535032 0.575212 0.355414 0.642679 0.582166 0.621689
0 0.499363 0.674663 0.257325 0.062969 0.370701 0.662169 0.593631 0.643178 0.388535 0.706147 0.628025 0.689655
0 0.526115 0.743628 0.252229 0.056972 0.400000 0.730135 0.638217 0.715142 0.420382 0.772114 0.652229 0.765617
0 0.554777 0.812844 0.261146 0.056472 0.424204 0.795102 0.656051 0.784608 0.425478 0.841079 0.685350 0.839580
0 0.556688 0.889555 0.280255 0.062969 0.416561 0.859570 0.691720 0.858071 0.417834 0.919041 0.696815 0.921039