0 0.518248 0.102899 0.143900 0.026087 0.446298 0.089855 0.587070 0.090217 0.456726 0.114493 0.590198 0.115942
0 0.519812 0.138949 0.128259 0.026449 0.455683 0.126812 0.583942 0.125725 0.461940 0.151087 0.574557 0.152174
0 0.507821 0.179167 0.129301 0.035145 0.464025 0.161594 0.572471 0.163043 0.443170 0.194203 0.564129 0.196739
0 0.497914 0.224094 0.136601 0.037319 0.435871 0.205435 0.566215 0.207609 0.429614 0.238768 0.541189 0.242754
0 0.472367 0.267391 0.118874 0.035507 0.420229 0.249638 0.531804 0.255435 0.412930 0.283696 0.519291 0.285145
0 0.466111 0.315399 0.120959 0.038043 0.405631 0.297101 0.523462 0.296377 0.413973 0.334420 0.526590 0.331884
0 0.482273 0.364674 0.136601 0.043116 0.415016 0.345652 0.530761 0.343116 0.413973 0.386232 0.550574 0.378261
0 0.500521 0.413949 0.154327 0.048913 0.423358 0.397826 0.552659 0.389493 0.446298 0.438406 0.577685 0.427536
0 0.539625 0.463768 0.165798 0.052174 0.456726 0.449275 0.597497 0.437681 0.491137 0.489855 0.622523 0.477536
0 0.590198 0.512862 0.164755 0.040217 0.507821 0.501812 0.640250 0.492754 0.534932 0.532971 0.672576 0.520652
0 0.625130 0.557428 0.186653 0.038043 0.531804 0.550362 0.683003 0.538406 0.561001 0.576449 0.718457 0.573551
0 0.653285 0.609239 0.184567 0.042391 0.564129 0.588043 0.745568 0.595290 0.561001 0.615580 0.726799 0.630435
0 0.606361 0.662138 0.217935 0.064130 0.539103 0.630072 0.715328 0.656159 0.497393 0.662319 0.673618 0.694203
0 0.538582 0.719203 0.240876 0.068841 0.472367 0.684783 0.659020 0.713043 0.418144 0.730072 0.604797 0.753623
0 0.481752 0.774457 0.256517 0.064855 0.404588 0.742029 0.610010 0.770652 0.353493 0.785870 0.564129 0.806884
0 0.413973 0.828080 0.258603 0.057609 0.339937 0.799275 0.543274 0.834058 0.284672 0.826449 0.519291 0.856884
0 0.342544 0.879348 0.299270 0.077536 0.249218 0.840580 0.492179 0.882609 0.192909 0.868841 0.416058 0.918116