0 0.599496 0.034854 0.234257 0.024926 0.484887 0.022391 0.716625 0.024926 0.482368 0.042670 0.700252 0.047317
0 0.591310 0.069075 0.222922 0.035910 0.479849 0.051120 0.702771 0.056612 0.479849 0.076046 0.686398 0.087030
0 0.583123 0.104563 0.198992 0.041825 0.483627 0.083650 0.682620 0.092945 0.483627 0.111956 0.662468 0.125475
0 0.554786 0.145754 0.200252 0.049007 0.474811 0.121251 0.654912 0.134770 0.454660 0.154626 0.620907 0.170258
0 0.515113 0.193916 0.198992 0.052387 0.442065 0.167723 0.614610 0.174905 0.415617 0.209970 0.599496 0.220110
0 0.500630 0.246303 0.225441 0.049852 0.411839 0.221377 0.599496 0.226025 0.387909 0.266160 0.613350 0.271229
0 0.521411 0.304816 0.183879 0.051120 0.429471 0.284749 0.609572 0.279256 0.429471 0.329109 0.613350 0.330376
0 0.509446 0.365019 0.200252 0.048162 0.423174 0.340938 0.609572 0.342205 0.409320 0.384875 0.609572 0.389100
0 0.496851 0.418040 0.227960 0.046895 0.403023 0.394592 0.610831 0.397972 0.382872 0.438107 0.596977 0.441487
0 0.481738 0.471483 0.235516 0.049852 0.379093 0.446979 0.598237 0.446557 0.363980 0.496409 0.599496 0.495142
0 0.498111 0.537389 0.255668 0.050697 0.370277 0.521335 0.599496 0.512041 0.382872 0.562738 0.625945 0.554711
0 0.515743 0.597169 0.268262 0.051965 0.381612 0.579214 0.618388 0.571187 0.390428 0.623152 0.649874 0.620194
0 0.530227 0.664766 0.261965 0.052809 0.399244 0.643008 0.658690 0.638361 0.401763 0.688635 0.661209 0.691170
0 0.532746 0.731305 0.282116 0.061681 0.406801 0.700465 0.673804 0.707647 0.391688 0.748204 0.657431 0.762146
0 0.512594 0.798479 0.299748 0.072666 0.390428 0.762146 0.662468 0.779468 0.362720 0.811998 0.638539 0.834812
0 0.469144 0.867131 0.308564 0.074778 0.346348 0.829742 0.623426 0.849599 0.314861 0.884242 0.599496 0.904521
0 0.422544 0.929658 0.336272 0.064639 0.294710 0.897338 0.590680 0.925644 0.254408 0.930292 0.570529 0.961977