0 0.425828 0.054229 0.205298 0.021891 0.323179 0.044776 0.528477 0.043284 0.324503 0.065174 0.516556 0.063184
0 0.422517 0.086567 0.190728 0.024876 0.327152 0.076119 0.517881 0.074129 0.327152 0.099005 0.507285 0.098010
0 0.421854 0.123383 0.176159 0.029851 0.333775 0.112438 0.509934 0.108458 0.340397 0.138308 0.500662 0.138308
0 0.423841 0.166169 0.156291 0.028856 0.345695 0.151741 0.501987 0.151741 0.347020 0.180597 0.495364 0.179602
0 0.417881 0.211940 0.165563 0.031841 0.340397 0.196020 0.500662 0.196517 0.335099 0.227861 0.492715 0.227861
0 0.411258 0.258706 0.165563 0.037811 0.344371 0.239801 0.488742 0.241791 0.328477 0.273632 0.494040 0.277612
0 0.400662 0.307711 0.152318 0.034328 0.339073 0.290547 0.476821 0.292537 0.324503 0.320398 0.471523 0.324876
0 0.417881 0.357960 0.173510 0.037313 0.335099 0.343284 0.488742 0.339303 0.331126 0.376617 0.504636 0.371642
0 0.431126 0.402488 0.194702 0.033831 0.333775 0.387562 0.512583 0.385572 0.336424 0.419403 0.528477 0.418408
0 0.435762 0.455721 0.209272 0.039801 0.340397 0.439801 0.533775 0.435821 0.331126 0.475622 0.540397 0.472637
0 0.450331 0.508209 0.203974 0.044279 0.348344 0.492537 0.536424 0.486070 0.361589 0.530348 0.552318 0.523881
0 0.460927 0.563930 0.196026 0.045274 0.365563 0.546269 0.558940 0.541294 0.362914 0.586567 0.558940 0.582090
0 0.459603 0.625124 0.196026 0.048259 0.361589 0.603980 0.557616 0.600995 0.364238 0.648259 0.557616 0.649254
0 0.471523 0.688557 0.217219 0.054726 0.362914 0.666667 0.565563 0.661194 0.373510 0.715920 0.580132 0.712935
0 0.478146 0.760945 0.206623 0.051244 0.374834 0.741791 0.573510 0.735323 0.388079 0.786567 0.581457 0.778607
0 0.508609 0.829353 0.222517 0.051741 0.397351 0.813433 0.598675 0.803483 0.400000 0.855224 0.619868 0.848756
0 0.513907 0.894776 0.222517 0.041294 0.402649 0.882587 0.625166 0.874129 0.402649 0.914428 0.609272 0.915423