0 0.533462 0.036518 0.184041 0.026183 0.441441 0.023427 0.625483 0.024345 0.450450 0.049610 0.621622 0.049610
0 0.527671 0.074414 0.172458 0.031236 0.445302 0.058797 0.613900 0.059715 0.441441 0.085898 0.608752 0.090032
0 0.523810 0.115296 0.162162 0.035829 0.451737 0.097382 0.604891 0.098760 0.442728 0.128617 0.603604 0.133211
0 0.514800 0.162150 0.162162 0.048691 0.449163 0.137804 0.595882 0.145154 0.433719 0.171796 0.574003 0.186495
0 0.469112 0.207166 0.189189 0.053284 0.413127 0.180524 0.563707 0.196601 0.374517 0.213137 0.530245 0.233808
0 0.407979 0.250804 0.216216 0.055122 0.355212 0.223243 0.516088 0.242536 0.299871 0.259072 0.465894 0.278365
0 0.354569 0.297198 0.202059 0.054203 0.293436 0.270096 0.455598 0.286174 0.253539 0.313735 0.432432 0.324299
0 0.332690 0.347956 0.199485 0.047313 0.253539 0.324299 0.432432 0.332108 0.232947 0.366559 0.401544 0.371612
0 0.328185 0.398944 0.195624 0.047313 0.230373 0.378043 0.404118 0.375287 0.230373 0.422600 0.425997 0.417088
0 0.362291 0.452458 0.240669 0.059715 0.241956 0.437299 0.437580 0.422600 0.266409 0.482315 0.482625 0.465319
0 0.408623 0.509417 0.266409 0.073496 0.275418 0.497933 0.491634 0.472669 0.307593 0.546164 0.541828 0.519522
0 0.466538 0.567983 0.289575 0.076711 0.321750 0.560404 0.553411 0.529628 0.357786 0.606339 0.611326 0.583372
0 0.504505 0.629306 0.267696 0.059715 0.370656 0.615526 0.624196 0.599449 0.387387 0.659164 0.638353 0.648599
0 0.529601 0.694534 0.266409 0.056959 0.396396 0.670648 0.642214 0.666054 0.400257 0.723013 0.662806 0.721176
0 0.527671 0.764814 0.280566 0.057878 0.401544 0.735875 0.657658 0.738631 0.387387 0.789159 0.667954 0.793753
0 0.510296 0.838769 0.294723 0.062471 0.383526 0.807533 0.657658 0.813505 0.362934 0.863574 0.655084 0.870005
0 0.494852 0.912035 0.312741 0.057418 0.357786 0.883326 0.649936 0.889297 0.338481 0.939825 0.651223 0.940744