0 0.488625 0.080270 0.156281 0.018382 0.410485 0.071487 0.566766 0.071078 0.417408 0.089461 0.556874 0.087010
0 0.483680 0.112541 0.144411 0.026552 0.411474 0.099265 0.553907 0.101716 0.421365 0.122958 0.555885 0.125817
0 0.484669 0.146446 0.130564 0.029003 0.419387 0.131944 0.549951 0.135212 0.420376 0.155637 0.536103 0.160948
0 0.471316 0.189747 0.125618 0.035539 0.413452 0.171977 0.534125 0.174020 0.408506 0.205474 0.524233 0.207516
0 0.460930 0.236520 0.120673 0.040033 0.404550 0.216503 0.521266 0.220588 0.400593 0.254493 0.508408 0.256536
0 0.444115 0.285335 0.116716 0.039624 0.387735 0.265523 0.502473 0.270833 0.385757 0.297386 0.478734 0.305147
0 0.420376 0.332516 0.108803 0.039216 0.368942 0.312909 0.474777 0.319444 0.365974 0.348448 0.461919 0.352124
0 0.406034 0.380106 0.123640 0.039624 0.351137 0.360294 0.462908 0.365196 0.344214 0.399918 0.467854 0.397467
0 0.416419 0.432394 0.128586 0.041258 0.352127 0.416258 0.465875 0.411765 0.356083 0.452206 0.480712 0.453023
0 0.435707 0.487949 0.145401 0.047794 0.363007 0.468954 0.492582 0.464052 0.380811 0.511846 0.508408 0.501225
0 0.479723 0.542279 0.170129 0.055147 0.394659 0.527778 0.530168 0.514706 0.425321 0.569853 0.564787 0.549837
0 0.528190 0.589257 0.160237 0.051879 0.448071 0.586193 0.586548 0.563317 0.477745 0.615196 0.608309 0.603350
0 0.572206 0.640319 0.145401 0.042075 0.499505 0.625817 0.634026 0.619281 0.509397 0.656454 0.644906 0.661356
0 0.577646 0.689951 0.142433 0.044118 0.519288 0.667892 0.646884 0.676879 0.506429 0.700163 0.648863 0.712010
0 0.560336 0.764502 0.175074 0.060049 0.496538 0.734477 0.647873 0.745507 0.472799 0.776144 0.642928 0.794526
0 0.528684 0.834559 0.196835 0.064542 0.451039 0.802288 0.627102 0.817402 0.430267 0.847222 0.606330 0.866830
0 0.494065 0.897059 0.173096 0.041667 0.407517 0.876225 0.580613 0.888480 0.407517 0.901144 0.577646 0.917892