0 0.509747 0.085442 0.142300 0.018250 0.438596 0.077561 0.580897 0.076317 0.444444 0.094567 0.570175 0.092493
0 0.505361 0.119660 0.121832 0.026130 0.444444 0.106595 0.566277 0.107010 0.455166 0.131895 0.560429 0.132725
0 0.508772 0.161966 0.103314 0.035255 0.457115 0.144338 0.560429 0.145998 0.461014 0.179594 0.556530 0.177934
0 0.504386 0.204687 0.112086 0.035255 0.459064 0.187059 0.560429 0.189963 0.448343 0.218581 0.556530 0.222314
0 0.481969 0.256947 0.117934 0.043550 0.438596 0.235172 0.540936 0.239320 0.423002 0.271257 0.535088 0.278723
0 0.473684 0.306512 0.111111 0.039818 0.425926 0.286603 0.529240 0.287433 0.418129 0.322688 0.519493 0.326421
0 0.462476 0.356906 0.137427 0.040232 0.411306 0.338449 0.518519 0.336790 0.393762 0.377022 0.531189 0.374533
0 0.475146 0.410411 0.137427 0.046869 0.409357 0.389465 0.527290 0.386976 0.406433 0.433845 0.543860 0.426794
0 0.487817 0.462049 0.139376 0.049772 0.418129 0.446288 0.543860 0.437163 0.428850 0.486935 0.557505 0.478225
0 0.523392 0.513895 0.169591 0.050601 0.438596 0.503111 0.568226 0.488594 0.470760 0.539195 0.608187 0.525093
0 0.570663 0.563044 0.162768 0.047698 0.489279 0.557445 0.619883 0.539195 0.515595 0.586893 0.652047 0.573206
0 0.590643 0.616757 0.155945 0.052260 0.512671 0.603484 0.668616 0.590626 0.530214 0.642887 0.665692 0.639983
0 0.582846 0.683534 0.153996 0.048113 0.513645 0.659477 0.659844 0.670261 0.505848 0.700124 0.653021 0.707590
0 0.555556 0.747822 0.179337 0.068851 0.492203 0.713397 0.645224 0.739527 0.465887 0.764413 0.633528 0.782248
0 0.521442 0.817088 0.202729 0.054749 0.446394 0.789714 0.622807 0.802986 0.420078 0.829946 0.577973 0.844463
0 0.483918 0.873496 0.209552 0.049772 0.403509 0.848611 0.588694 0.873496 0.379142 0.883866 0.558480 0.898382
0 0.461988 0.921402 0.191033 0.037744 0.366472 0.902530 0.550682 0.914144 0.372320 0.936541 0.557505 0.940274