0 0.410027 0.103316 0.144231 0.062075 0.337912 0.100340 0.465659 0.072279 0.358516 0.134354 0.482143 0.110544
0 0.438187 0.150935 0.142857 0.053571 0.366758 0.147959 0.495879 0.124150 0.381868 0.177721 0.509615 0.149660
0 0.463599 0.195153 0.141484 0.060374 0.392857 0.194728 0.520604 0.164966 0.417582 0.225340 0.534341 0.193878
0 0.510302 0.239796 0.138736 0.061224 0.440934 0.243197 0.537088 0.209184 0.462912 0.270408 0.579670 0.226190
0 0.552885 0.279337 0.141484 0.073980 0.482143 0.290816 0.596154 0.242347 0.506868 0.316327 0.623626 0.278061
0 0.594780 0.325255 0.145604 0.062075 0.521978 0.328231 0.642857 0.294218 0.534341 0.356293 0.667582 0.322279
0 0.622940 0.371173 0.146978 0.051871 0.549451 0.373299 0.677198 0.345238 0.574176 0.397109 0.696429 0.372449
0 0.647665 0.418367 0.133242 0.042517 0.581044 0.410714 0.714286 0.397109 0.587912 0.439626 0.714286 0.429422
0 0.660714 0.468112 0.142857 0.034864 0.589286 0.454932 0.729396 0.450680 0.593407 0.485544 0.732143 0.485544
0 0.671016 0.517857 0.146978 0.034014 0.597527 0.505952 0.734890 0.500850 0.600275 0.534864 0.744505 0.530612
0 0.682692 0.572704 0.151099 0.046769 0.607143 0.550170 0.747253 0.549320 0.615385 0.596088 0.758242 0.584184
0 0.691621 0.631803 0.160714 0.047619 0.611264 0.615646 0.760989 0.607993 0.611264 0.655612 0.771978 0.648810
0 0.679258 0.710034 0.201923 0.076531 0.607143 0.677721 0.780220 0.671769 0.578297 0.703231 0.712912 0.748299
0 0.588599 0.765306 0.193681 0.081633 0.542582 0.724490 0.685440 0.778061 0.491758 0.756803 0.657967 0.806122
0 0.537775 0.825680 0.210165 0.095238 0.468407 0.778061 0.642857 0.827381 0.432692 0.832483 0.614011 0.873299
0 0.493132 0.886480 0.219780 0.079082 0.406593 0.846939 0.603022 0.888605 0.383242 0.875850 0.560440 0.926020
0 0.497253 0.887330 0.214286 0.084184 0.421703 0.845238 0.604396 0.893707 0.390110 0.897109 0.564560 0.929422