0 0.524487 0.101176 0.132701 0.032063 0.458136 0.085144 0.590837 0.087994 0.467615 0.115782 0.579779 0.117207
0 0.523302 0.145885 0.116114 0.034556 0.466035 0.128607 0.581359 0.131813 0.465245 0.154970 0.575040 0.163164
0 0.509874 0.186854 0.122433 0.035981 0.457346 0.168864 0.571090 0.174920 0.448657 0.195939 0.550553 0.204845
0 0.481833 0.232455 0.135861 0.049519 0.430490 0.207695 0.549763 0.223726 0.413902 0.240827 0.535545 0.257214
0 0.446682 0.282508 0.144550 0.046313 0.401264 0.259352 0.518957 0.277520 0.374408 0.282508 0.489731 0.305664
0 0.400869 0.320271 0.157188 0.048450 0.361769 0.296046 0.479463 0.318846 0.322275 0.327040 0.448657 0.344496
0 0.355055 0.359815 0.160348 0.042038 0.305687 0.338796 0.435229 0.357321 0.274882 0.369434 0.421011 0.380834
0 0.332543 0.394015 0.145340 0.034200 0.272512 0.376915 0.405213 0.394015 0.259874 0.406128 0.401264 0.411115
0 0.330174 0.433915 0.148499 0.033488 0.259874 0.417171 0.404423 0.421446 0.255924 0.450659 0.402054 0.448878
0 0.346366 0.493766 0.177725 0.055575 0.257504 0.473459 0.408373 0.465978 0.275671 0.521553 0.435229 0.500178
0 0.385466 0.534022 0.173776 0.049875 0.298578 0.532241 0.446288 0.509084 0.331754 0.558960 0.472354 0.531172
0 0.434044 0.572141 0.171406 0.054150 0.348341 0.573566 0.488152 0.545066 0.386256 0.599216 0.519747 0.575704
0 0.483017 0.617920 0.160348 0.050944 0.402844 0.613466 0.530806 0.592447 0.419431 0.643392 0.563191 0.631279
0 0.519747 0.679729 0.170616 0.057713 0.434439 0.663342 0.572670 0.650873 0.451027 0.708586 0.605055 0.703598
0 0.533175 0.754898 0.162717 0.060563 0.451817 0.727823 0.614534 0.724617 0.453397 0.784111 0.611374 0.785180
0 0.523697 0.832027 0.194313 0.059494 0.447077 0.802280 0.620853 0.807980 0.426540 0.856787 0.604265 0.861774
0 0.509084 0.893837 0.179305 0.033488 0.419431 0.877093 0.598736 0.881368 0.426540 0.907018 0.597946 0.910581