0 0.440355 0.056587 0.139594 0.024877 0.370558 0.049054 0.510152 0.044149 0.373942 0.069026 0.508460 0.067624
0 0.444162 0.088472 0.138748 0.024877 0.374788 0.077435 0.513536 0.076034 0.385787 0.100911 0.509306 0.094604
0 0.459391 0.120708 0.128596 0.031885 0.395093 0.109320 0.508460 0.104765 0.404399 0.136650 0.523689 0.129292
0 0.474196 0.159250 0.120981 0.036090 0.413706 0.145410 0.527919 0.141205 0.417090 0.176594 0.534687 0.177295
0 0.486464 0.209355 0.135364 0.038893 0.418782 0.191661 0.539763 0.189909 0.432318 0.228451 0.554146 0.228802
0 0.500423 0.256132 0.136210 0.030834 0.432318 0.240715 0.564298 0.241065 0.444162 0.271549 0.568528 0.267694
0 0.513959 0.303609 0.153130 0.031184 0.447547 0.290470 0.572758 0.288017 0.437394 0.319201 0.590525 0.315347
0 0.520305 0.346181 0.148900 0.037141 0.447547 0.329713 0.573604 0.327610 0.445854 0.364751 0.594755 0.363350
0 0.532572 0.394359 0.148054 0.038192 0.462775 0.377015 0.595601 0.375263 0.458545 0.413455 0.606599 0.411352
0 0.546531 0.446566 0.152284 0.043097 0.474619 0.426419 0.605753 0.425018 0.470389 0.468115 0.622673 0.464611
0 0.543993 0.498949 0.147208 0.040645 0.480541 0.478626 0.615905 0.478626 0.470389 0.519271 0.617597 0.519271
0 0.545262 0.557288 0.186971 0.046601 0.472927 0.533987 0.638748 0.537491 0.451777 0.579187 0.630288 0.580589
0 0.538494 0.619131 0.178511 0.052558 0.462775 0.592852 0.627750 0.596356 0.449239 0.640154 0.622673 0.645410
0 0.526650 0.686580 0.192047 0.057814 0.447547 0.657673 0.622673 0.663630 0.430626 0.706377 0.613367 0.715487
0 0.513959 0.755957 0.198816 0.059916 0.437394 0.725999 0.613367 0.735109 0.414552 0.776104 0.603215 0.785914
0 0.497039 0.823931 0.197124 0.050806 0.412014 0.798528 0.595601 0.803083 0.398477 0.846531 0.589679 0.849334
0 0.496193 0.881044 0.208968 0.035389 0.393401 0.866503 0.584602 0.863350 0.391709 0.898388 0.600677 0.898739