0 0.583942 0.083401 0.143900 0.021969 0.516163 0.072823 0.654849 0.072417 0.511992 0.093979 0.655892 0.094386
0 0.583420 0.115948 0.134515 0.026851 0.516163 0.102522 0.650678 0.102522 0.520334 0.128967 0.646507 0.129373
0 0.582899 0.155207 0.125130 0.035395 0.528676 0.137510 0.644421 0.139544 0.520334 0.169650 0.645464 0.172905
0 0.570907 0.202807 0.132430 0.048413 0.518248 0.178600 0.637122 0.183483 0.504692 0.215622 0.635036 0.227014
0 0.547967 0.246949 0.157456 0.039056 0.497393 0.227421 0.626695 0.236371 0.469239 0.253051 0.608968 0.266477
0 0.528154 0.289056 0.155370 0.042718 0.457768 0.267697 0.605839 0.276241 0.450469 0.303906 0.593326 0.310415
0 0.519291 0.340114 0.141814 0.039870 0.457768 0.320179 0.586027 0.325468 0.448384 0.359235 0.590198 0.360049
0 0.522419 0.391579 0.141814 0.037022 0.452555 0.373474 0.581856 0.373068 0.451512 0.409276 0.593326 0.410089
0 0.527112 0.446298 0.142857 0.041497 0.466111 0.427583 0.582899 0.425549 0.455683 0.467046 0.598540 0.458910
0 0.554223 0.497762 0.151199 0.047600 0.478624 0.481286 0.604797 0.473963 0.483837 0.521562 0.629823 0.516273
0 0.568300 0.553499 0.143900 0.042718 0.499479 0.536615 0.628780 0.532140 0.496350 0.574858 0.640250 0.571196
0 0.576121 0.621033 0.155370 0.050041 0.513034 0.596013 0.651721 0.597234 0.498436 0.631001 0.653806 0.646054
0 0.555266 0.676160 0.188738 0.056143 0.503650 0.648088 0.649635 0.666395 0.460897 0.687144 0.593326 0.704231
0 0.506257 0.734540 0.207508 0.062246 0.444213 0.703417 0.610010 0.729455 0.402503 0.746135 0.549531 0.765663
0 0.451512 0.802278 0.206465 0.073230 0.380605 0.765663 0.554745 0.788039 0.348279 0.814076 0.527633 0.838893
0 0.409281 0.872457 0.222106 0.059805 0.320125 0.842555 0.520334 0.851505 0.298227 0.889748 0.497393 0.902360
0 0.583942 0.054719 0.145985 0.021562 0.511992 0.043938 0.655892 0.045972 0.510949 0.065094 0.656934 0.065500