0 0.461778 0.051527 0.130667 0.039695 0.396444 0.045420 0.519111 0.031679 0.416889 0.071374 0.527111 0.053435
0 0.501778 0.087977 0.125333 0.043130 0.439111 0.084351 0.537778 0.066412 0.454222 0.109542 0.564444 0.091985
0 0.544000 0.127481 0.128000 0.046565 0.480000 0.119084 0.587556 0.104198 0.499556 0.150763 0.608000 0.140458
0 0.571556 0.172710 0.117333 0.034733 0.512889 0.166031 0.622222 0.155344 0.528000 0.189695 0.630222 0.190076
0 0.569333 0.219466 0.123556 0.035878 0.523556 0.201527 0.631111 0.204580 0.507556 0.228626 0.605333 0.237405
0 0.535111 0.262595 0.117333 0.045038 0.503111 0.240076 0.593778 0.250763 0.476444 0.272519 0.570667 0.285114
0 0.497333 0.305344 0.121778 0.043511 0.466667 0.283588 0.558222 0.294656 0.436444 0.320992 0.540444 0.327099
0 0.483111 0.354580 0.121778 0.039695 0.427556 0.334733 0.544000 0.339695 0.422222 0.374427 0.532444 0.371374
0 0.475111 0.409733 0.121778 0.043893 0.420444 0.391221 0.536000 0.387786 0.414222 0.431679 0.535111 0.421756
0 0.495111 0.463359 0.135111 0.051908 0.427556 0.447328 0.539556 0.437405 0.447111 0.489313 0.562667 0.473664
0 0.517333 0.519656 0.131556 0.049237 0.451556 0.506107 0.558222 0.495038 0.475556 0.544275 0.583111 0.529008
0 0.551111 0.576718 0.131556 0.046565 0.485333 0.561450 0.609778 0.553435 0.491556 0.600000 0.616889 0.593893
0 0.573333 0.641031 0.145778 0.043130 0.500444 0.619466 0.642667 0.620992 0.509333 0.662595 0.646222 0.661832
0 0.576444 0.705916 0.160889 0.048473 0.508444 0.681679 0.656889 0.690076 0.496000 0.723664 0.654222 0.730153
0 0.552000 0.773282 0.181333 0.064122 0.486222 0.741221 0.642667 0.754962 0.461333 0.785878 0.607111 0.805344
0 0.498667 0.842939 0.202667 0.070611 0.436444 0.807634 0.600000 0.826718 0.397333 0.853435 0.565333 0.878244
0 0.442222 0.909733 0.208889 0.057634 0.366222 0.880916 0.546667 0.898092 0.337778 0.921374 0.522667 0.938550