0 0.516304 0.069307 0.148551 0.030133 0.442029 0.055962 0.590580 0.054240 0.455314 0.084374 0.590580 0.079208
0 0.534420 0.105682 0.153382 0.028842 0.457729 0.096858 0.596618 0.091261 0.464976 0.119242 0.611111 0.120103
0 0.546498 0.152604 0.129227 0.043478 0.481884 0.130865 0.611111 0.132157 0.485507 0.170039 0.606280 0.174344
0 0.539855 0.202755 0.147343 0.043048 0.485507 0.181231 0.613527 0.188549 0.466184 0.219544 0.612319 0.224279
0 0.526570 0.249031 0.159420 0.031425 0.460145 0.233319 0.606280 0.239346 0.446860 0.259148 0.602657 0.264744
0 0.512077 0.294877 0.171498 0.033577 0.450483 0.278089 0.597826 0.278089 0.426329 0.311235 0.588164 0.311666
0 0.493961 0.342445 0.166667 0.037452 0.428744 0.323719 0.566425 0.324580 0.410628 0.359449 0.577295 0.361171
0 0.490942 0.391089 0.172705 0.036591 0.419082 0.372794 0.573672 0.375377 0.404589 0.408093 0.577295 0.409384
0 0.499396 0.443392 0.184783 0.042187 0.411836 0.425312 0.577295 0.422299 0.407005 0.464486 0.591787 0.459320
0 0.500604 0.497632 0.194444 0.045631 0.407005 0.478261 0.594203 0.474817 0.403382 0.520448 0.597826 0.515282
0 0.509058 0.557899 0.179952 0.048214 0.419082 0.535945 0.599034 0.533792 0.421498 0.579854 0.597826 0.582006
0 0.509662 0.623547 0.169082 0.046061 0.425121 0.600947 0.594203 0.600517 0.426329 0.644856 0.592995 0.646578
0 0.495773 0.692639 0.194444 0.050796 0.421498 0.667241 0.592995 0.670684 0.398551 0.708136 0.582126 0.718037
0 0.474638 0.754412 0.210145 0.055532 0.393720 0.726647 0.579710 0.738270 0.369565 0.772708 0.556763 0.782178
0 0.446860 0.823935 0.258454 0.061128 0.345411 0.793371 0.576087 0.801980 0.317633 0.839432 0.538647 0.854499
0 0.416063 0.888076 0.233092 0.049074 0.323671 0.863539 0.532609 0.871287 0.299517 0.907878 0.512077 0.912613
0 0.396739 0.946621 0.199275 0.038743 0.297101 0.927249 0.496377 0.927249 0.299517 0.965992 0.485507 0.962118