0 0.520789 0.063800 0.150320 0.026000 0.445629 0.053200 0.591684 0.050800 0.452026 0.075600 0.595949 0.076800
0 0.511727 0.103200 0.132196 0.031200 0.458422 0.087600 0.577825 0.090800 0.445629 0.113600 0.569296 0.118800
0 0.503731 0.144400 0.146055 0.034400 0.445629 0.127200 0.576759 0.132400 0.430704 0.155600 0.559702 0.161600
0 0.479211 0.186200 0.152452 0.033200 0.426439 0.169600 0.555437 0.174800 0.402985 0.196400 0.543710 0.202800
0 0.459488 0.227000 0.162047 0.030000 0.392324 0.212000 0.540512 0.218000 0.378465 0.242000 0.534115 0.241200
0 0.435501 0.277800 0.167377 0.039600 0.371002 0.258000 0.519190 0.262800 0.351812 0.289200 0.511727 0.297600
0 0.422175 0.322400 0.157783 0.039200 0.349680 0.302800 0.501066 0.310400 0.343284 0.335600 0.490405 0.342000
0 0.411514 0.369200 0.159915 0.039200 0.335821 0.349600 0.491471 0.354000 0.331556 0.385600 0.485075 0.388800
0 0.400320 0.419000 0.156716 0.036400 0.326226 0.400800 0.478678 0.402000 0.321962 0.437200 0.477612 0.436800
0 0.404584 0.468000 0.146055 0.035200 0.333689 0.452400 0.477612 0.450400 0.331556 0.485600 0.477612 0.481600
0 0.422175 0.525200 0.164179 0.054400 0.340085 0.506400 0.486141 0.498000 0.343284 0.552400 0.504264 0.542800
0 0.447228 0.585600 0.186567 0.052000 0.353945 0.570000 0.520256 0.559600 0.357143 0.611600 0.540512 0.601200
0 0.466951 0.648600 0.191898 0.047600 0.371002 0.628000 0.562900 0.624800 0.375267 0.672400 0.560768 0.671600
0 0.470149 0.719000 0.204691 0.050000 0.367804 0.696800 0.572495 0.694000 0.369936 0.736400 0.568230 0.744000
0 0.447761 0.790200 0.234542 0.058800 0.344350 0.760800 0.565032 0.769600 0.330490 0.806000 0.525586 0.819600
0 0.398721 0.862000 0.240938 0.059200 0.305970 0.832400 0.519190 0.840000 0.278252 0.878000 0.501066 0.891600
0 0.373134 0.922600 0.253731 0.046000 0.268657 0.899600 0.500000 0.908400 0.246269 0.938800 0.493603 0.945600