0 0.667845 0.032048 0.250883 0.024986 0.542403 0.020098 0.793286 0.019555 0.551237 0.042911 0.786219 0.044541
0 0.671378 0.066268 0.236749 0.029332 0.553004 0.051602 0.789753 0.051602 0.563604 0.079848 0.787986 0.080934
0 0.676678 0.105649 0.226148 0.036393 0.563604 0.087452 0.789753 0.091255 0.577739 0.121130 0.782686 0.123846
0 0.677562 0.155894 0.210247 0.049973 0.577739 0.130907 0.782686 0.134709 0.572438 0.174362 0.768551 0.180880
0 0.667845 0.205323 0.212014 0.048886 0.583039 0.180880 0.772085 0.183596 0.561837 0.227051 0.773852 0.229766
0 0.666078 0.256926 0.215548 0.049973 0.567138 0.231939 0.773852 0.236285 0.558304 0.278110 0.765018 0.281912
0 0.651060 0.311244 0.227915 0.052146 0.560071 0.285171 0.765018 0.286801 0.537102 0.334058 0.765018 0.337317
0 0.656360 0.371266 0.252650 0.042911 0.540636 0.349810 0.773852 0.354699 0.530035 0.388919 0.782686 0.392721
0 0.639576 0.431559 0.257951 0.045084 0.533569 0.409017 0.768551 0.412819 0.510601 0.447583 0.768551 0.454101
0 0.622792 0.489136 0.277385 0.050516 0.510601 0.463878 0.761484 0.468767 0.484099 0.503531 0.761484 0.514394
0 0.607774 0.550244 0.314488 0.055405 0.494700 0.522542 0.759717 0.533406 0.450530 0.568713 0.765018 0.577947
0 0.590989 0.615155 0.355124 0.065725 0.455830 0.582292 0.768551 0.588810 0.413428 0.633895 0.761484 0.648017
0 0.568021 0.674633 0.348057 0.069527 0.422261 0.639870 0.742049 0.653992 0.393993 0.692558 0.722615 0.709397
0 0.533569 0.739272 0.360424 0.065182 0.388693 0.706681 0.713781 0.725693 0.353357 0.750136 0.680212 0.771863
0 0.488516 0.799837 0.379859 0.064639 0.339223 0.767518 0.678445 0.789245 0.298587 0.809886 0.641343 0.832156
0 0.442580 0.863118 0.376325 0.053232 0.280919 0.836502 0.630742 0.850625 0.254417 0.873438 0.602473 0.889734
0 0.433746 0.926399 0.457597 0.074416 0.247350 0.889191 0.607774 0.892450 0.204947 0.954373 0.662544 0.963607