0 0.424542 0.046856 0.245416 0.035192 0.301834 0.033215 0.533145 0.029261 0.307475 0.064452 0.547250 0.061289
0 0.448519 0.091538 0.253879 0.041518 0.321580 0.077896 0.547250 0.070779 0.338505 0.112297 0.575458 0.109134
0 0.462623 0.140767 0.225670 0.044286 0.349788 0.122183 0.575458 0.118624 0.373766 0.162910 0.569817 0.158561
0 0.459803 0.193159 0.225670 0.047845 0.376587 0.171609 0.558533 0.169237 0.346968 0.215500 0.572637 0.217082
0 0.464034 0.244958 0.234133 0.039937 0.358251 0.224990 0.581100 0.224990 0.346968 0.263345 0.578279 0.264927
0 0.455571 0.297548 0.301834 0.047845 0.338505 0.275998 0.586742 0.273626 0.304654 0.321471 0.606488 0.319098
0 0.461213 0.352511 0.318759 0.045473 0.301834 0.332938 0.606488 0.329775 0.327221 0.375247 0.620592 0.373665
0 0.500705 0.405892 0.273625 0.045473 0.363893 0.387110 0.623413 0.383155 0.370945 0.428628 0.637518 0.427046
0 0.511284 0.462831 0.275035 0.051008 0.379408 0.442072 0.643159 0.437327 0.373766 0.488335 0.648801 0.482800
0 0.526093 0.522934 0.282087 0.047845 0.385049 0.500593 0.651622 0.499011 0.387870 0.546856 0.667137 0.542902
0 0.551481 0.577501 0.304654 0.053381 0.399154 0.557928 0.675599 0.550811 0.401975 0.604191 0.703808 0.589957
0 0.590973 0.632266 0.332863 0.067220 0.424542 0.620403 0.715092 0.598656 0.466855 0.665876 0.757405 0.649664
0 0.652327 0.696520 0.348378 0.064452 0.478138 0.679320 0.779972 0.664294 0.509168 0.728747 0.826516 0.713721
0 0.693230 0.765125 0.362482 0.055358 0.511989 0.742586 0.854725 0.737446 0.516220 0.792803 0.874471 0.790431
0 0.669252 0.833926 0.393512 0.068011 0.511989 0.799921 0.866008 0.823250 0.472496 0.830368 0.834979 0.867932
0 0.569817 0.892052 0.403385 0.098062 0.452750 0.843021 0.771509 0.898774 0.368124 0.873468 0.709450 0.941083
0 0.470381 0.930407 0.455571 0.096481 0.346968 0.882167 0.698166 0.947015 0.242595 0.918149 0.612130 0.978648