0 0.522834 0.064811 0.141686 0.030735 0.451991 0.050334 0.593677 0.049443 0.462529 0.080178 0.592506 0.076615
0 0.519906 0.108686 0.128806 0.034744 0.455504 0.091314 0.584309 0.095323 0.456674 0.118931 0.583138 0.126058
0 0.508197 0.152784 0.131148 0.034744 0.456674 0.135412 0.573770 0.146993 0.442623 0.159911 0.557377 0.170156
0 0.480094 0.195100 0.149883 0.042762 0.443794 0.173719 0.555035 0.186192 0.405152 0.198664 0.502342 0.216481
0 0.412763 0.231849 0.141686 0.045880 0.382904 0.208909 0.483607 0.225835 0.341920 0.231626 0.443794 0.254788
0 0.351288 0.270379 0.170960 0.042762 0.314988 0.248998 0.436768 0.270379 0.265808 0.275278 0.398126 0.291759
0 0.298595 0.312695 0.163934 0.041871 0.248244 0.291759 0.380562 0.302450 0.216628 0.324276 0.367682 0.333630
0 0.290984 0.358797 0.137002 0.033408 0.222482 0.344321 0.359485 0.342094 0.233021 0.374165 0.358314 0.375501
0 0.312646 0.407127 0.131148 0.040980 0.247073 0.391537 0.370023 0.386637 0.252927 0.427617 0.378220 0.420045
0 0.348361 0.457461 0.169789 0.051670 0.263466 0.438307 0.399297 0.431626 0.304450 0.483296 0.433255 0.464588
0 0.422131 0.510913 0.179157 0.056125 0.332553 0.502004 0.455504 0.482851 0.367682 0.538975 0.511710 0.519376
0 0.473653 0.564811 0.167447 0.059688 0.389930 0.557684 0.536300 0.534967 0.436768 0.594655 0.557377 0.572829
0 0.539813 0.621604 0.201405 0.056570 0.439110 0.613363 0.585480 0.593318 0.490632 0.649889 0.640515 0.636971
0 0.580211 0.687973 0.176815 0.051225 0.491803 0.670824 0.651054 0.662361 0.514051 0.713586 0.668618 0.711359
0 0.583138 0.761247 0.182670 0.050780 0.507026 0.735857 0.674473 0.736748 0.491803 0.780846 0.665105 0.786637
0 0.553864 0.836526 0.224824 0.062361 0.473068 0.805345 0.666276 0.815145 0.441452 0.851225 0.648712 0.867706
0 0.520492 0.898886 0.225995 0.045434 0.433255 0.876169 0.633489 0.888196 0.407494 0.910913 0.625293 0.921604