0 0.573034 0.031032 0.218299 0.029582 0.463884 0.017401 0.682183 0.016241 0.471910 0.040603 0.669342 0.045824
0 0.565008 0.068155 0.195827 0.033063 0.470305 0.051624 0.662921 0.055684 0.467095 0.077726 0.661316 0.084687
0 0.542536 0.112239 0.195827 0.046984 0.465490 0.088747 0.640449 0.102088 0.444623 0.117749 0.619583 0.135731
0 0.496790 0.159803 0.216693 0.065545 0.430177 0.127030 0.605136 0.149072 0.388443 0.164153 0.548957 0.192575
0 0.426164 0.203596 0.223114 0.063805 0.377207 0.171694 0.537721 0.200116 0.314607 0.207077 0.471910 0.235499
0 0.353130 0.245650 0.221509 0.062065 0.303371 0.214617 0.463884 0.245940 0.242376 0.245940 0.407705 0.276682
0 0.281701 0.288283 0.219904 0.061485 0.207063 0.257541 0.391653 0.289443 0.171750 0.290023 0.361156 0.319026
0 0.241573 0.337007 0.226324 0.054524 0.155698 0.309745 0.354735 0.327726 0.128411 0.345708 0.330658 0.364269
0 0.224719 0.388051 0.224719 0.039443 0.118780 0.368329 0.330658 0.370650 0.112360 0.407773 0.337079 0.403132
0 0.240770 0.441995 0.260032 0.056845 0.110754 0.426914 0.351525 0.413573 0.136437 0.470418 0.370787 0.445476
0 0.292937 0.494780 0.287319 0.076566 0.149278 0.486079 0.386838 0.456497 0.191011 0.533063 0.436597 0.494200
0 0.362761 0.552784 0.304976 0.081206 0.210273 0.554524 0.447833 0.512181 0.266453 0.593387 0.515249 0.553364
0 0.463082 0.615429 0.341894 0.089327 0.292135 0.618329 0.540931 0.570766 0.353130 0.660093 0.634029 0.618329
0 0.554575 0.677784 0.338684 0.082947 0.385233 0.685035 0.654896 0.636311 0.431782 0.719258 0.723917 0.687355
0 0.606742 0.750870 0.321027 0.053944 0.446228 0.736079 0.749599 0.723898 0.467095 0.776102 0.767255 0.777842
0 0.587480 0.837877 0.317817 0.069026 0.449438 0.803364 0.746388 0.814965 0.428571 0.848028 0.743178 0.872390
0 0.556180 0.920244 0.370787 0.078306 0.399679 0.881671 0.741573 0.881090 0.370787 0.918213 0.688604 0.959397