0 0.537181 0.051857 0.155383 0.030344 0.465039 0.039402 0.614872 0.036685 0.459489 0.066123 0.614872 0.067029
0 0.521088 0.103487 0.149834 0.057518 0.461709 0.074728 0.596004 0.084692 0.446171 0.105978 0.567148 0.132246
0 0.477248 0.147645 0.148724 0.051630 0.440622 0.121830 0.551609 0.142210 0.402886 0.144475 0.528302 0.173460
0 0.410100 0.183197 0.187569 0.060236 0.382908 0.153080 0.503885 0.185688 0.316315 0.180254 0.469478 0.213315
0 0.340178 0.221467 0.214206 0.056159 0.297447 0.193388 0.447281 0.221467 0.233074 0.224185 0.412875 0.249547
0 0.286903 0.258832 0.214206 0.045743 0.220866 0.235960 0.394007 0.259964 0.179800 0.267210 0.365150 0.281703
0 0.264706 0.301404 0.185350 0.034873 0.174251 0.283967 0.357381 0.295743 0.172031 0.318841 0.346282 0.316576
0 0.263596 0.354620 0.187569 0.051630 0.169811 0.337862 0.340733 0.328804 0.188679 0.380435 0.357381 0.360960
0 0.309656 0.406929 0.215316 0.062047 0.201998 0.396286 0.366260 0.375906 0.251942 0.437953 0.417314 0.408514
0 0.384018 0.457201 0.221976 0.066576 0.273030 0.450181 0.428413 0.423913 0.326304 0.490489 0.495006 0.457880
0 0.456160 0.507246 0.228635 0.068841 0.341842 0.504529 0.512764 0.472826 0.398446 0.541667 0.570477 0.518116
0 0.511099 0.571784 0.187569 0.052989 0.417314 0.562047 0.599334 0.545290 0.421754 0.598279 0.604883 0.592391
0 0.530522 0.640851 0.195339 0.039855 0.432852 0.620924 0.628191 0.620924 0.440622 0.658514 0.612653 0.660779
0 0.515538 0.713768 0.207547 0.048913 0.423973 0.689312 0.619312 0.700181 0.411765 0.725091 0.600444 0.738225
0 0.470033 0.778759 0.218646 0.061141 0.388457 0.748188 0.579356 0.764040 0.360710 0.790761 0.567148 0.809330
0 0.436737 0.847147 0.236404 0.053895 0.331854 0.820199 0.554939 0.834692 0.318535 0.870018 0.533851 0.874094
0 0.415094 0.909647 0.244173 0.044837 0.314095 0.887228 0.536071 0.893116 0.293008 0.928895 0.537181 0.932065