0 0.542197 0.112928 0.164162 0.035741 0.464740 0.095057 0.624277 0.103422 0.460116 0.123194 0.613873 0.130798
0 0.524277 0.154943 0.160694 0.028517 0.455491 0.140684 0.604624 0.144487 0.443931 0.165399 0.602312 0.169202
0 0.507514 0.193916 0.173410 0.032700 0.442775 0.177567 0.594220 0.183650 0.420809 0.204943 0.579191 0.210266
0 0.476301 0.239164 0.191908 0.038023 0.400000 0.220152 0.572254 0.231179 0.380347 0.246008 0.549133 0.258175
0 0.442197 0.285551 0.181503 0.038783 0.383815 0.266160 0.532948 0.269202 0.351445 0.296958 0.524855 0.304943
0 0.416763 0.327947 0.183815 0.036122 0.358382 0.309886 0.508671 0.310646 0.324855 0.342586 0.507514 0.346008
0 0.410405 0.374525 0.187283 0.037262 0.326012 0.355894 0.504046 0.356654 0.316763 0.393156 0.495954 0.391635
0 0.413295 0.420913 0.174566 0.038783 0.326012 0.406084 0.491329 0.401521 0.331792 0.440304 0.500578 0.429278
0 0.431214 0.468251 0.198844 0.051331 0.331792 0.457034 0.512139 0.442586 0.350289 0.493916 0.530636 0.476426
0 0.468208 0.520913 0.217341 0.050951 0.359538 0.508745 0.544509 0.495437 0.405780 0.546388 0.576879 0.529278
0 0.529480 0.572624 0.210405 0.049430 0.424277 0.564259 0.586127 0.547909 0.469364 0.597338 0.634682 0.581749
0 0.565318 0.631179 0.178035 0.040304 0.476301 0.616350 0.652023 0.611027 0.500578 0.651331 0.654335 0.647909
0 0.598844 0.693156 0.198844 0.043346 0.499422 0.674525 0.698266 0.671483 0.502890 0.712167 0.685549 0.714829
0 0.578035 0.763118 0.219653 0.059316 0.484393 0.733460 0.687861 0.743726 0.468208 0.778327 0.670520 0.792776
0 0.530636 0.829658 0.252023 0.062357 0.431214 0.798479 0.656647 0.811407 0.404624 0.842586 0.621965 0.860837
0 0.456069 0.904753 0.283237 0.046008 0.352601 0.881749 0.597688 0.892776 0.314451 0.920913 0.591908 0.927757
0 0.468208 0.945817 0.247399 0.002662 0.344509 0.944487 0.591908 0.946768 0.354913 0.945247 0.557225 0.947148