0 0.515234 0.030562 0.210011 0.036826 0.410229 0.020121 0.606094 0.012149 0.422198 0.048975 0.620239 0.038345
0 0.533732 0.067578 0.201306 0.038724 0.433079 0.060744 0.618063 0.048216 0.452666 0.086940 0.634385 0.080486
0 0.553319 0.106302 0.181719 0.040243 0.462459 0.096811 0.638738 0.086181 0.464635 0.126424 0.644178 0.124146
0 0.548422 0.149962 0.191513 0.040243 0.462459 0.134017 0.644178 0.129841 0.452666 0.165148 0.638738 0.170084
0 0.541349 0.204062 0.210011 0.055809 0.447225 0.176158 0.646355 0.180334 0.436344 0.209188 0.620239 0.231967
0 0.519587 0.250190 0.205658 0.050873 0.447225 0.224753 0.622416 0.242976 0.416757 0.259301 0.573449 0.275626
0 0.466268 0.295938 0.203482 0.055049 0.416757 0.268413 0.568009 0.283979 0.364527 0.308656 0.527748 0.323462
0 0.423830 0.346241 0.183896 0.051632 0.362350 0.320425 0.515778 0.335232 0.331882 0.361427 0.495103 0.372058
0 0.411317 0.397874 0.187160 0.047836 0.317737 0.373956 0.495103 0.378891 0.319913 0.421792 0.504897 0.416097
0 0.440696 0.453872 0.226333 0.061124 0.327530 0.435839 0.511425 0.423311 0.362350 0.484434 0.553863 0.465452
0 0.490207 0.507024 0.231774 0.068717 0.374320 0.497722 0.556039 0.472665 0.418934 0.541382 0.606094 0.516705
0 0.562024 0.565869 0.257889 0.072513 0.433079 0.556948 0.634385 0.529613 0.480958 0.602126 0.690968 0.575930
0 0.645267 0.624905 0.309032 0.066819 0.490751 0.613136 0.738847 0.591496 0.521219 0.658314 0.799782 0.641989
0 0.635473 0.695900 0.332971 0.058466 0.478781 0.670843 0.801959 0.666667 0.468988 0.723614 0.801959 0.725133
0 0.619151 0.762718 0.352557 0.076689 0.468988 0.724374 0.795430 0.748292 0.442873 0.765376 0.743199 0.801063
0 0.550599 0.828398 0.348205 0.096431 0.422198 0.780182 0.724701 0.817388 0.376496 0.834852 0.681175 0.876613
0 0.476061 0.897115 0.381937 0.096431 0.353645 0.848899 0.667029 0.889142 0.285093 0.908125 0.618063 0.945330