0 0.500000 0.068905 0.141383 0.028661 0.429309 0.058108 0.570691 0.054574 0.442724 0.083235 0.570691 0.076561
0 0.518060 0.103455 0.134159 0.027876 0.450980 0.093443 0.575851 0.089517 0.453044 0.117393 0.585139 0.114252
0 0.534056 0.140361 0.118679 0.029446 0.474716 0.126816 0.593395 0.125638 0.481940 0.155084 0.591331 0.151943
0 0.557276 0.184138 0.109391 0.035336 0.502580 0.168826 0.602683 0.166470 0.502580 0.201021 0.611971 0.201806
0 0.556760 0.225363 0.126935 0.024342 0.500516 0.213192 0.620227 0.214370 0.493292 0.236749 0.608875 0.237534
0 0.542312 0.267373 0.118679 0.036121 0.495356 0.249313 0.601651 0.252061 0.482972 0.275618 0.598555 0.285434
0 0.524768 0.308009 0.131063 0.038869 0.468524 0.288575 0.590299 0.296035 0.459236 0.320770 0.576883 0.327444
0 0.502580 0.352768 0.142415 0.038869 0.452012 0.333333 0.568627 0.337652 0.431373 0.367099 0.573787 0.372203
0 0.484520 0.396938 0.157895 0.036906 0.437564 0.378484 0.563468 0.383981 0.405573 0.413820 0.559340 0.415391
0 0.476780 0.444248 0.146543 0.037299 0.418989 0.426777 0.537668 0.425599 0.403509 0.462898 0.550052 0.462505
0 0.486068 0.495092 0.154799 0.043973 0.417957 0.474676 0.534572 0.473106 0.408669 0.517079 0.563468 0.514331
0 0.494840 0.550255 0.157895 0.045151 0.416925 0.527680 0.556244 0.527680 0.415893 0.572831 0.573787 0.568512
0 0.503612 0.608559 0.173375 0.046329 0.422085 0.588143 0.577915 0.585395 0.416925 0.631724 0.590299 0.630546
0 0.505676 0.670593 0.177503 0.045544 0.426213 0.651355 0.588235 0.647821 0.416925 0.690224 0.594427 0.693365
0 0.497936 0.737338 0.184727 0.043973 0.432405 0.715351 0.590299 0.715744 0.405573 0.754221 0.585139 0.759325
0 0.475748 0.800157 0.191950 0.057322 0.397317 0.771496 0.571723 0.781311 0.379773 0.819788 0.559340 0.828818
0 0.453560 0.865724 0.207430 0.043973 0.359133 0.843738 0.557276 0.846093 0.349845 0.887711 0.557276 0.885748