0 0.528676 0.065689 0.164755 0.026115 0.446298 0.055846 0.603754 0.052632 0.453597 0.078746 0.611053 0.076738
0 0.542232 0.101446 0.160584 0.030133 0.461940 0.087184 0.613139 0.086380 0.467153 0.116513 0.622523 0.115307
0 0.540667 0.145440 0.140772 0.036963 0.470282 0.129771 0.611053 0.126959 0.477581 0.163519 0.601668 0.163921
0 0.539625 0.195862 0.130344 0.039775 0.474453 0.175974 0.604797 0.178787 0.475495 0.211732 0.595412 0.215749
0 0.527112 0.243873 0.138686 0.031338 0.475495 0.228204 0.593326 0.229409 0.457768 0.256328 0.596455 0.259542
0 0.534411 0.292487 0.155370 0.040177 0.456726 0.272399 0.595412 0.273202 0.461940 0.312575 0.612096 0.311370
0 0.534411 0.344315 0.165798 0.041784 0.459854 0.326637 0.602711 0.323423 0.451512 0.365207 0.617310 0.360787
0 0.556830 0.395540 0.156413 0.050221 0.478624 0.380072 0.613139 0.370430 0.481752 0.420651 0.635036 0.404178
0 0.586549 0.446565 0.172054 0.044596 0.500521 0.433507 0.637122 0.424267 0.501564 0.468863 0.672576 0.458417
0 0.602190 0.496183 0.182482 0.043391 0.510949 0.478907 0.679875 0.474488 0.516163 0.517879 0.693431 0.514263
0 0.592805 0.552029 0.192909 0.042587 0.516163 0.530735 0.689260 0.536762 0.496350 0.562475 0.666319 0.573323
0 0.545881 0.610486 0.207508 0.060667 0.488008 0.580153 0.649635 0.597429 0.442127 0.617919 0.614181 0.640820
0 0.476538 0.669948 0.235662 0.063881 0.442127 0.638007 0.594369 0.657292 0.358707 0.679389 0.538060 0.701888
0 0.406152 0.730414 0.215850 0.052230 0.336809 0.704299 0.514077 0.715950 0.298227 0.752511 0.500521 0.756529
0 0.404588 0.805745 0.223149 0.060667 0.293014 0.779028 0.495308 0.775412 0.305527 0.836079 0.516163 0.822419
0 0.448905 0.874046 0.224192 0.070309 0.336809 0.858176 0.516163 0.838891 0.363921 0.909200 0.561001 0.884693
0 0.517205 0.934110 0.241919 0.054640 0.396246 0.927682 0.567258 0.906790 0.419187 0.961430 0.638165 0.947368