0 0.612690 0.090725 0.135025 0.022681 0.545178 0.081004 0.680203 0.079384 0.546193 0.101661 0.673096 0.102066
0 0.608122 0.125152 0.127919 0.028352 0.548223 0.110976 0.672081 0.120292 0.544162 0.130417 0.663959 0.139328
0 0.593401 0.162819 0.137056 0.042122 0.540102 0.141758 0.661929 0.153503 0.524873 0.168084 0.642640 0.183880
0 0.552284 0.206764 0.160406 0.044957 0.510660 0.184285 0.632487 0.199676 0.472081 0.215877 0.602030 0.229243
0 0.508629 0.249899 0.170558 0.046173 0.451777 0.226812 0.593909 0.241798 0.423350 0.253139 0.531980 0.272985
0 0.420305 0.284123 0.162437 0.041717 0.394924 0.263264 0.501523 0.283921 0.339086 0.289186 0.452792 0.304982
0 0.372081 0.326043 0.151269 0.042122 0.313706 0.304982 0.447716 0.315917 0.296447 0.339814 0.438579 0.347104
0 0.360914 0.374443 0.151269 0.035237 0.288325 0.356825 0.436548 0.358850 0.285279 0.392062 0.425381 0.388416
0 0.375127 0.423046 0.151269 0.045768 0.299492 0.409478 0.434518 0.400162 0.315736 0.445930 0.450761 0.430539
0 0.415736 0.471446 0.163452 0.060753 0.334010 0.462940 0.461929 0.441069 0.357360 0.501823 0.497462 0.477116
0 0.473604 0.521871 0.183756 0.061968 0.381726 0.514378 0.517766 0.490887 0.425381 0.552855 0.565482 0.528149
0 0.550254 0.574524 0.198985 0.067639 0.450761 0.566221 0.597970 0.540705 0.491371 0.608343 0.649746 0.589307
0 0.608122 0.639125 0.207107 0.068044 0.504569 0.624139 0.663959 0.605103 0.523858 0.673147 0.711675 0.658971
0 0.620305 0.710004 0.188832 0.055083 0.535025 0.689348 0.714721 0.682463 0.525888 0.734710 0.702538 0.737546
0 0.601523 0.783516 0.220305 0.061158 0.522843 0.752936 0.711675 0.762252 0.491371 0.798299 0.684264 0.814095
0 0.547716 0.852977 0.240609 0.070474 0.474112 0.817740 0.668020 0.839206 0.427411 0.868368 0.634518 0.888214
0 0.500508 0.917983 0.243655 0.045768 0.395939 0.895099 0.622335 0.912515 0.378680 0.936411 0.619289 0.940867