0 0.501192 0.046838 0.160906 0.033568 0.420739 0.030055 0.581645 0.033958 0.423123 0.060500 0.581645 0.063622
0 0.505364 0.089383 0.164482 0.033568 0.423123 0.072600 0.587604 0.073770 0.426698 0.101093 0.572110 0.106167
0 0.502980 0.132709 0.133492 0.030445 0.436234 0.117486 0.569726 0.118267 0.436234 0.136612 0.563766 0.147931
0 0.468415 0.173692 0.145411 0.037471 0.426698 0.154957 0.541120 0.161983 0.395709 0.179547 0.513707 0.192428
0 0.434446 0.213310 0.127533 0.035519 0.383790 0.195550 0.498212 0.208821 0.370679 0.220141 0.482718 0.231069
0 0.393921 0.252342 0.158522 0.038642 0.351609 0.233021 0.473182 0.242389 0.314660 0.259563 0.438617 0.271663
0 0.338498 0.294106 0.164482 0.032397 0.293206 0.277908 0.420739 0.284153 0.256257 0.303279 0.405244 0.310304
0 0.310489 0.335870 0.151371 0.032397 0.256257 0.319672 0.383790 0.323575 0.234803 0.345824 0.386174 0.352069
0 0.303933 0.383489 0.176400 0.032397 0.231228 0.367291 0.389750 0.372365 0.215733 0.397736 0.392134 0.399688
0 0.315256 0.433841 0.191895 0.037861 0.221692 0.420375 0.395709 0.414910 0.219309 0.452771 0.411204 0.447697
0 0.333731 0.484192 0.207390 0.051132 0.232420 0.471116 0.415971 0.458626 0.230036 0.509758 0.437425 0.498439
0 0.370679 0.540008 0.219309 0.048790 0.261025 0.527713 0.449344 0.515613 0.292014 0.564403 0.480334 0.553474
0 0.418355 0.604606 0.235995 0.060109 0.300358 0.586651 0.487485 0.574551 0.328963 0.634660 0.536353 0.617486
0 0.471395 0.661983 0.210965 0.050742 0.365912 0.651834 0.543504 0.636612 0.396901 0.687354 0.576877 0.676425
0 0.511919 0.729703 0.222884 0.051913 0.400477 0.710773 0.586412 0.703747 0.410012 0.755660 0.623361 0.751366
0 0.538141 0.805230 0.244338 0.050742 0.415971 0.779859 0.642431 0.782982 0.415971 0.830601 0.660310 0.830601
0 0.527414 0.890515 0.249106 0.058938 0.421931 0.862217 0.629321 0.861046 0.402861 0.912959 0.651967 0.919984