0 0.593631 0.050245 0.196178 0.032904 0.495541 0.033793 0.691720 0.038684 0.512102 0.064473 0.680255 0.066696
0 0.598726 0.088928 0.168153 0.032904 0.514650 0.072477 0.682803 0.074255 0.522293 0.102268 0.675159 0.105380
0 0.598726 0.128057 0.157962 0.032014 0.522293 0.112050 0.675159 0.112050 0.519745 0.141841 0.677707 0.144064
0 0.590446 0.175189 0.174522 0.041796 0.519745 0.154291 0.677707 0.156514 0.503185 0.184526 0.656051 0.196087
0 0.563057 0.221432 0.185987 0.045353 0.495541 0.198755 0.656051 0.206759 0.470064 0.232548 0.639490 0.244108
0 0.529936 0.271232 0.191083 0.059582 0.458599 0.241441 0.622930 0.254780 0.434395 0.289462 0.625478 0.301023
0 0.518471 0.316141 0.201274 0.032014 0.434395 0.300133 0.619108 0.308137 0.417834 0.327257 0.600000 0.332148
0 0.510828 0.359938 0.196178 0.038684 0.415287 0.341930 0.600000 0.340596 0.412739 0.379280 0.608917 0.378390
0 0.521656 0.409293 0.212739 0.042241 0.415287 0.392174 0.611465 0.388173 0.415287 0.430414 0.628025 0.424633
0 0.538854 0.458648 0.226752 0.050245 0.425478 0.441974 0.630573 0.433526 0.439490 0.483771 0.652229 0.474878
0 0.556051 0.512228 0.210191 0.056914 0.450955 0.497110 0.658599 0.483771 0.464968 0.540685 0.661147 0.529124
0 0.590446 0.572032 0.250955 0.052912 0.464968 0.551356 0.680255 0.545576 0.484076 0.598488 0.715924 0.591819
0 0.601911 0.637394 0.240764 0.052023 0.481529 0.613161 0.722293 0.611383 0.481529 0.656736 0.722293 0.663406
0 0.579618 0.702757 0.257325 0.063584 0.478981 0.670965 0.708280 0.691418 0.450955 0.714540 0.680255 0.734549
0 0.503185 0.768564 0.282803 0.076923 0.431847 0.730102 0.644586 0.755892 0.361783 0.782125 0.611465 0.807025
0 0.450955 0.841263 0.303185 0.068475 0.342675 0.807025 0.602548 0.823477 0.299363 0.863940 0.578344 0.875500
0 0.450955 0.904624 0.303185 0.052023 0.299363 0.878613 0.580892 0.885282 0.299363 0.929747 0.602548 0.930636