0 0.507946 0.046516 0.201711 0.037609 0.407090 0.038005 0.590465 0.027712 0.410758 0.065321 0.608802 0.057403
0 0.536064 0.089074 0.204156 0.034046 0.433985 0.075614 0.622249 0.072051 0.444988 0.106097 0.638142 0.100950
0 0.556846 0.129652 0.187042 0.031275 0.463325 0.118369 0.624694 0.114014 0.471883 0.144101 0.650367 0.145289
0 0.548289 0.171417 0.174817 0.034838 0.468215 0.153998 0.635697 0.157957 0.460880 0.181314 0.632029 0.188836
0 0.529340 0.209818 0.180929 0.038797 0.458435 0.190420 0.619804 0.207443 0.438875 0.211401 0.606357 0.229216
0 0.477995 0.250396 0.176039 0.041568 0.419315 0.229612 0.566015 0.242676 0.389976 0.256532 0.553790 0.271180
0 0.429095 0.294933 0.188264 0.047506 0.371638 0.271180 0.523227 0.287015 0.334963 0.306809 0.497555 0.318686
0 0.393643 0.338480 0.180929 0.033254 0.315403 0.321853 0.484108 0.330166 0.303178 0.350356 0.474328 0.355107
0 0.372249 0.382225 0.201711 0.035234 0.297066 0.364608 0.473105 0.369359 0.271394 0.395091 0.458435 0.399842
0 0.366748 0.435075 0.212714 0.039588 0.286064 0.415281 0.458435 0.418448 0.260391 0.451306 0.473105 0.454869
0 0.379584 0.489905 0.228606 0.032067 0.292176 0.473872 0.468215 0.473872 0.265281 0.505938 0.493888 0.505542
0 0.386308 0.543943 0.239609 0.041172 0.266504 0.524149 0.497555 0.523357 0.273839 0.564529 0.506112 0.555819
0 0.408313 0.593824 0.237164 0.030087 0.289731 0.582344 0.520782 0.578781 0.309291 0.608868 0.526895 0.602930
0 0.441320 0.648852 0.234719 0.034046 0.323961 0.637371 0.551345 0.631829 0.350856 0.665875 0.558680 0.658749
0 0.476773 0.719319 0.232274 0.034046 0.360636 0.712193 0.574572 0.702296 0.392421 0.736342 0.592910 0.730800
0 0.522616 0.793151 0.253056 0.036025 0.396088 0.787807 0.630807 0.775139 0.411980 0.811164 0.649144 0.804434
0 0.536675 0.865202 0.303178 0.029691 0.385086 0.859066 0.688264 0.850356 0.413203 0.880048 0.683374 0.880048