0 0.535813 0.039119 0.197429 0.019749 0.437098 0.029244 0.634527 0.034941 0.437098 0.044816 0.622590 0.048994
0 0.527089 0.063046 0.183655 0.018230 0.435262 0.053931 0.618916 0.056210 0.437098 0.067224 0.606979 0.072161
0 0.515611 0.096468 0.153352 0.027345 0.442608 0.082795 0.592287 0.090011 0.438935 0.105203 0.574839 0.110141
0 0.494949 0.136346 0.146924 0.034941 0.435262 0.118876 0.568411 0.122294 0.421488 0.142043 0.549128 0.153817
0 0.477043 0.181352 0.155188 0.040638 0.406795 0.161033 0.554637 0.164451 0.399449 0.199772 0.546373 0.201671
0 0.476125 0.227497 0.169881 0.038739 0.391185 0.208128 0.544536 0.208887 0.399449 0.246107 0.561065 0.246867
0 0.483012 0.279149 0.167126 0.047854 0.399449 0.259400 0.566575 0.255222 0.411387 0.303076 0.562902 0.301177
0 0.493572 0.335929 0.153352 0.052791 0.418733 0.311052 0.568411 0.309533 0.416896 0.358906 0.570248 0.362324
0 0.485767 0.393657 0.185491 0.049753 0.413223 0.368781 0.573003 0.372199 0.393021 0.413597 0.578512 0.418534
0 0.488981 0.445499 0.195592 0.047854 0.397612 0.421572 0.580349 0.423471 0.391185 0.469427 0.586777 0.467907
0 0.503673 0.499810 0.217631 0.056969 0.394858 0.479301 0.588613 0.471325 0.415060 0.528295 0.612489 0.514242
0 0.541781 0.570262 0.253444 0.071022 0.415060 0.548804 0.628099 0.534751 0.449036 0.605773 0.668503 0.590961
0 0.572544 0.631219 0.243343 0.054690 0.450872 0.614888 0.678604 0.603874 0.469238 0.655146 0.694215 0.658564
0 0.567952 0.693885 0.241506 0.060767 0.469238 0.663502 0.688705 0.672617 0.447199 0.704520 0.666667 0.724269
0 0.539486 0.752184 0.241506 0.081656 0.447199 0.711356 0.660239 0.740980 0.418733 0.752374 0.630854 0.793012
0 0.493113 0.803076 0.255280 0.073300 0.415060 0.766426 0.620753 0.793771 0.365473 0.815799 0.608815 0.839727
0 0.466942 0.871439 0.283747 0.071781 0.363636 0.835549 0.608815 0.851500 0.325069 0.896696 0.595041 0.907330