0 0.564209 0.040996 0.172414 0.029283 0.478002 0.026354 0.650416 0.027818 0.480381 0.054173 0.639715 0.055637
0 0.563615 0.078819 0.156956 0.030747 0.489893 0.063446 0.633769 0.063934 0.485137 0.091264 0.642093 0.094192
0 0.559453 0.115422 0.148633 0.033675 0.485137 0.098585 0.633769 0.101513 0.485137 0.130307 0.627824 0.132260
0 0.550535 0.158370 0.145065 0.039531 0.486326 0.138604 0.623068 0.142509 0.478002 0.170815 0.604043 0.178136
0 0.513080 0.206198 0.158145 0.054173 0.470868 0.179112 0.592152 0.191801 0.434007 0.215715 0.549346 0.233285
0 0.470273 0.255246 0.153389 0.053685 0.434007 0.228404 0.546968 0.242069 0.393579 0.264519 0.520809 0.282089
0 0.436980 0.304051 0.162901 0.050756 0.385256 0.278673 0.518430 0.293314 0.355529 0.313812 0.495838 0.329429
0 0.407848 0.354319 0.171225 0.052709 0.349584 0.327965 0.493460 0.343582 0.322235 0.368960 0.468490 0.380673
0 0.383472 0.404100 0.158145 0.045876 0.318668 0.381162 0.462545 0.388970 0.304400 0.426550 0.458977 0.427038
0 0.389417 0.460225 0.177170 0.047828 0.307967 0.441191 0.466112 0.436310 0.300832 0.484139 0.478002 0.472914
0 0.422117 0.514641 0.204518 0.061981 0.319857 0.499756 0.483948 0.483651 0.337693 0.545632 0.524376 0.521718
0 0.483353 0.568082 0.241379 0.071254 0.362664 0.562225 0.542212 0.532455 0.416171 0.603709 0.604043 0.566130
0 0.555886 0.626159 0.258026 0.072230 0.426873 0.622255 0.626635 0.590044 0.468490 0.662274 0.684899 0.639824
0 0.577289 0.692533 0.253270 0.050756 0.450654 0.673499 0.692033 0.667155 0.468490 0.717911 0.703924 0.717423
0 0.577883 0.758907 0.237812 0.058565 0.466112 0.729624 0.696790 0.738409 0.458977 0.768180 0.689655 0.788189
0 0.557075 0.822352 0.265161 0.070278 0.455410 0.787213 0.689655 0.814056 0.424495 0.829185 0.655172 0.857491
0 0.507729 0.886286 0.271106 0.073206 0.392390 0.849683 0.643282 0.876525 0.372176 0.899951 0.614744 0.922889