0 0.524170 0.088575 0.117605 0.039449 0.465368 0.081504 0.562049 0.068850 0.486291 0.108299 0.582973 0.094157
0 0.550866 0.128210 0.108947 0.040566 0.496392 0.121325 0.589466 0.107927 0.512987 0.148493 0.605339 0.143282
0 0.562049 0.177707 0.095238 0.041310 0.514430 0.161891 0.609668 0.157052 0.514430 0.191291 0.601732 0.198362
0 0.541486 0.223297 0.114719 0.043915 0.503608 0.201340 0.598846 0.215482 0.484127 0.231857 0.567821 0.245255
0 0.502525 0.264421 0.110390 0.048009 0.474747 0.240417 0.557720 0.257536 0.447330 0.270934 0.518759 0.288426
0 0.458874 0.307778 0.116883 0.051358 0.433622 0.282099 0.517316 0.298102 0.400433 0.317454 0.495671 0.333457
0 0.431818 0.354112 0.114719 0.044287 0.388167 0.331969 0.489177 0.342389 0.374459 0.371418 0.468254 0.376256
0 0.419553 0.407518 0.095960 0.040194 0.373737 0.387421 0.467532 0.387793 0.371573 0.427614 0.466089 0.423521
0 0.433622 0.460923 0.111111 0.049498 0.378066 0.443617 0.471140 0.436174 0.396104 0.485672 0.489177 0.473763
0 0.463564 0.518422 0.129149 0.059546 0.398990 0.503163 0.499278 0.488649 0.420635 0.548195 0.528139 0.531076
0 0.498918 0.574991 0.137807 0.059546 0.430014 0.561221 0.542569 0.545218 0.455988 0.604764 0.567821 0.591366
0 0.528860 0.636397 0.129870 0.057313 0.463925 0.617417 0.576479 0.607741 0.468975 0.665054 0.593795 0.660216
0 0.529942 0.708597 0.132035 0.059546 0.470418 0.678824 0.595960 0.681429 0.463925 0.721623 0.583694 0.738370
0 0.501804 0.772051 0.147908 0.068850 0.448773 0.737626 0.575758 0.758095 0.427850 0.788984 0.544733 0.806476
0 0.449856 0.841459 0.168110 0.071455 0.411977 0.805731 0.533911 0.826945 0.365801 0.855973 0.502886 0.877186
0 0.403680 0.903610 0.159452 0.043915 0.339827 0.881652 0.483405 0.893189 0.323954 0.918496 0.473304 0.925568
0 0.502525 0.051917 0.120491 0.038333 0.442280 0.048009 0.546898 0.032750 0.458153 0.071083 0.562771 0.059174