0 0.482125 0.033564 0.155260 0.024817 0.404494 0.024003 0.559755 0.021155 0.408580 0.045972 0.558733 0.045972
0 0.486721 0.068348 0.160368 0.025224 0.406537 0.056143 0.562819 0.055736 0.409602 0.080960 0.566905 0.079333
0 0.491828 0.105980 0.152196 0.033767 0.415730 0.089097 0.564862 0.089910 0.417773 0.120016 0.567926 0.122864
0 0.488253 0.154394 0.157303 0.048413 0.419816 0.130187 0.566905 0.134662 0.409602 0.172091 0.564862 0.178600
0 0.470889 0.208096 0.192033 0.039463 0.405516 0.188365 0.566905 0.196094 0.374872 0.218877 0.563841 0.227828
0 0.471399 0.252238 0.164454 0.026851 0.391216 0.238812 0.553626 0.242474 0.389173 0.263222 0.547497 0.265663
0 0.448927 0.306753 0.160368 0.049634 0.383044 0.281937 0.529111 0.290480 0.368744 0.322620 0.513790 0.331570
0 0.424413 0.360456 0.148110 0.048007 0.367722 0.336452 0.498468 0.342555 0.350358 0.375915 0.490296 0.384459
0 0.396323 0.410089 0.165475 0.042311 0.345250 0.388934 0.479060 0.394223 0.313585 0.426363 0.478039 0.431245
0 0.381001 0.466640 0.175689 0.046379 0.323800 0.443450 0.465781 0.448739 0.293156 0.489829 0.468846 0.489829
0 0.384576 0.531326 0.178754 0.046379 0.319714 0.508544 0.458631 0.508137 0.295199 0.554516 0.473953 0.552889
0 0.392237 0.588283 0.189990 0.054516 0.297242 0.572010 0.483146 0.561025 0.305414 0.615541 0.487232 0.595199
0 0.434627 0.647884 0.221655 0.056550 0.323800 0.632628 0.494382 0.619609 0.332993 0.676160 0.545455 0.661107
0 0.445863 0.712164 0.207354 0.052482 0.342186 0.697315 0.540347 0.685924 0.344229 0.738405 0.549540 0.727827
0 0.472421 0.771359 0.203269 0.052075 0.370787 0.757120 0.559755 0.745321 0.374872 0.797396 0.574055 0.792514
0 0.478550 0.839707 0.217569 0.049634 0.369765 0.814890 0.587334 0.815297 0.377937 0.861676 0.578141 0.864524
0 0.468335 0.901343 0.207354 0.032140 0.364658 0.885273 0.572012 0.887714 0.373851 0.913751 0.558733 0.917413