0 0.598864 0.031731 0.200000 0.024231 0.498864 0.019615 0.698864 0.020385 0.501136 0.043846 0.688636 0.040385
0 0.600568 0.060577 0.182955 0.025000 0.509091 0.048846 0.692045 0.048077 0.523864 0.072308 0.688636 0.073077
0 0.607955 0.096346 0.168182 0.026538 0.523864 0.083077 0.692045 0.084615 0.528409 0.107308 0.684091 0.109615
0 0.594318 0.140769 0.165909 0.038462 0.528409 0.121538 0.677273 0.125769 0.511364 0.150000 0.664773 0.160000
0 0.563068 0.186923 0.178409 0.046154 0.498864 0.163846 0.652273 0.171538 0.473864 0.197308 0.637500 0.210000
0 0.536364 0.242115 0.197727 0.062692 0.467045 0.210769 0.635227 0.218462 0.437500 0.259231 0.607955 0.273462
0 0.511364 0.294808 0.181818 0.045769 0.435227 0.271923 0.602273 0.275769 0.420455 0.313462 0.597727 0.317692
0 0.515341 0.346923 0.194318 0.046923 0.420455 0.325385 0.593182 0.323462 0.418182 0.370385 0.612500 0.364615
0 0.530114 0.398462 0.214773 0.057692 0.422727 0.380385 0.614773 0.369615 0.437500 0.427308 0.637500 0.413846
0 0.578977 0.451731 0.239773 0.057308 0.459091 0.436154 0.642045 0.423077 0.473864 0.480385 0.698864 0.461538
0 0.618750 0.504423 0.260227 0.061154 0.488636 0.491538 0.701136 0.473846 0.504545 0.535000 0.748864 0.523846
0 0.634659 0.565385 0.267045 0.050769 0.501136 0.545769 0.753409 0.540000 0.521591 0.590769 0.768182 0.590769
0 0.643182 0.633077 0.284091 0.067692 0.519318 0.599231 0.785227 0.610769 0.501136 0.647692 0.765909 0.666923
0 0.614773 0.696346 0.290909 0.082692 0.494318 0.655000 0.760227 0.683462 0.469318 0.709231 0.713636 0.737692
0 0.532386 0.765769 0.319318 0.090769 0.447727 0.720385 0.692045 0.760385 0.372727 0.773077 0.642045 0.811154
0 0.437500 0.842115 0.345455 0.091923 0.338636 0.796154 0.610227 0.823846 0.264773 0.846538 0.565909 0.888077
0 0.349432 0.914038 0.392045 0.105000 0.220455 0.861538 0.545455 0.897308 0.153409 0.914615 0.484091 0.966538