0 0.502461 0.075964 0.126969 0.031944 0.438976 0.065056 0.565945 0.059992 0.440945 0.091936 0.565945 0.089599
0 0.509350 0.112778 0.128937 0.025321 0.444882 0.103623 0.570866 0.100117 0.456693 0.125438 0.573819 0.123490
0 0.517717 0.153292 0.124016 0.029996 0.455709 0.139852 0.579724 0.138294 0.457677 0.164005 0.575787 0.168290
0 0.518209 0.192637 0.125000 0.033113 0.459646 0.176081 0.580709 0.180756 0.455709 0.201013 0.562008 0.209194
0 0.500492 0.233736 0.140748 0.038956 0.448819 0.214258 0.570866 0.223218 0.430118 0.243085 0.541339 0.253214
0 0.463091 0.270355 0.125000 0.038956 0.425197 0.250877 0.525591 0.260226 0.400591 0.280483 0.493110 0.289833
0 0.424213 0.313401 0.124016 0.041683 0.393701 0.292559 0.486220 0.299571 0.362205 0.326841 0.463583 0.334242
0 0.402067 0.357811 0.107283 0.033892 0.357283 0.340865 0.455709 0.343592 0.348425 0.371250 0.443898 0.374757
0 0.398130 0.404753 0.113189 0.033502 0.341535 0.390339 0.438976 0.388002 0.345472 0.421504 0.454724 0.418777
0 0.410925 0.455980 0.121063 0.046358 0.350394 0.435528 0.456693 0.432801 0.361220 0.479159 0.471457 0.469809
0 0.436516 0.509155 0.140748 0.049864 0.366142 0.495520 0.482283 0.484223 0.390748 0.534086 0.506890 0.519673
0 0.489665 0.561745 0.152559 0.056876 0.413386 0.547721 0.526575 0.533307 0.427165 0.590183 0.565945 0.575380
0 0.538386 0.618816 0.173228 0.054149 0.451772 0.606545 0.582677 0.591741 0.482283 0.645890 0.625000 0.634982
0 0.584154 0.682898 0.174213 0.055317 0.497047 0.663420 0.650591 0.655240 0.507874 0.710557 0.671260 0.702376
0 0.605807 0.751656 0.166339 0.052591 0.522638 0.728087 0.676181 0.725360 0.522638 0.777951 0.688976 0.772887
0 0.613681 0.814764 0.187992 0.047137 0.519685 0.792754 0.707677 0.791196 0.522638 0.837164 0.701772 0.838333
0 0.618110 0.875146 0.192913 0.035450 0.522638 0.857421 0.693898 0.858200 0.521654 0.889365 0.714567 0.892871