0 0.544613 0.065167 0.129630 0.035687 0.479798 0.047324 0.609428 0.053530 0.481481 0.070597 0.594276 0.083010
0 0.520202 0.110163 0.138047 0.044996 0.466330 0.087665 0.589226 0.097750 0.451178 0.110163 0.560606 0.132661
0 0.474747 0.149728 0.141414 0.051202 0.430976 0.124127 0.545455 0.145074 0.404040 0.155159 0.508417 0.175330
0 0.430135 0.192785 0.132997 0.048875 0.385522 0.168348 0.496633 0.187742 0.363636 0.190070 0.452862 0.217223
0 0.371212 0.227696 0.129630 0.051978 0.350168 0.201707 0.436027 0.227308 0.306397 0.228084 0.392256 0.253685
0 0.304714 0.263382 0.148148 0.053530 0.289562 0.236618 0.378788 0.263770 0.230640 0.268425 0.321549 0.290147
0 0.236532 0.304112 0.139731 0.054306 0.210438 0.276959 0.306397 0.297130 0.166667 0.311094 0.267677 0.331265
0 0.186869 0.358417 0.151515 0.066718 0.154882 0.325058 0.262626 0.343677 0.111111 0.380915 0.242424 0.391777
0 0.171717 0.413111 0.151515 0.028704 0.109428 0.398759 0.247475 0.404189 0.095960 0.421257 0.240741 0.427463
0 0.171717 0.463538 0.151515 0.048875 0.095960 0.442203 0.242424 0.439100 0.117845 0.487975 0.247475 0.477890
0 0.202020 0.518231 0.158249 0.063615 0.122896 0.504267 0.254209 0.486424 0.144781 0.550039 0.281145 0.524438
0 0.262626 0.573701 0.178451 0.075252 0.173401 0.567882 0.297980 0.536074 0.222222 0.611327 0.351852 0.577192
0 0.351852 0.628006 0.175084 0.079907 0.264310 0.631497 0.382155 0.588053 0.328283 0.667960 0.439394 0.632273
0 0.451178 0.683476 0.195286 0.076028 0.353535 0.685803 0.474747 0.645462 0.397306 0.721490 0.548822 0.687355
0 0.526936 0.747867 0.205387 0.080683 0.424242 0.737781 0.574074 0.707525 0.454545 0.788208 0.629630 0.761055
0 0.576599 0.818464 0.230640 0.072925 0.461279 0.802948 0.643098 0.782002 0.488215 0.854926 0.691919 0.841738
0 0.579125 0.891777 0.208754 0.044220 0.483165 0.869666 0.683502 0.871994 0.474747 0.913111 0.683502 0.913887