0 0.516466 0.071568 0.120482 0.027376 0.456225 0.059836 0.574297 0.057880 0.459438 0.084865 0.576707 0.085256
0 0.518474 0.112241 0.118072 0.030504 0.465863 0.096989 0.570281 0.101682 0.459438 0.120454 0.577510 0.127493
0 0.510040 0.155456 0.131727 0.035589 0.456225 0.137661 0.575904 0.142354 0.444177 0.164255 0.559839 0.173250
0 0.489558 0.193782 0.132530 0.035589 0.439357 0.175987 0.555823 0.186547 0.423293 0.203363 0.532530 0.211576
0 0.467470 0.239539 0.115663 0.044192 0.418474 0.217442 0.525301 0.226828 0.409639 0.253422 0.521285 0.261635
0 0.458635 0.286664 0.122088 0.035980 0.407229 0.268674 0.519679 0.274149 0.397590 0.294486 0.505221 0.304654
0 0.451807 0.331443 0.111647 0.037153 0.395984 0.312867 0.507631 0.319515 0.397590 0.350020 0.506827 0.349237
0 0.451807 0.380915 0.118072 0.039108 0.392771 0.362925 0.510843 0.361361 0.393574 0.400469 0.508434 0.393430
0 0.459036 0.430778 0.121285 0.046539 0.398394 0.414157 0.511647 0.407509 0.411245 0.454048 0.519679 0.443097
0 0.479116 0.481619 0.127711 0.044192 0.415261 0.468909 0.531727 0.459523 0.417671 0.503715 0.542972 0.499804
0 0.492369 0.538522 0.147791 0.039890 0.418474 0.521314 0.560643 0.518576 0.421687 0.555729 0.566265 0.558467
0 0.485944 0.600704 0.147791 0.046930 0.412048 0.577239 0.559839 0.584278 0.413655 0.615174 0.559036 0.624169
0 0.468273 0.661713 0.154217 0.047712 0.404819 0.637857 0.545382 0.646070 0.391165 0.676574 0.524498 0.685569
0 0.445382 0.721940 0.156627 0.055534 0.367068 0.694173 0.523695 0.707079 0.370281 0.745796 0.508434 0.749707
0 0.434940 0.794877 0.155020 0.051232 0.359839 0.769261 0.512450 0.769652 0.357430 0.820493 0.506827 0.816582
0 0.433333 0.858232 0.171084 0.039499 0.347791 0.838483 0.518875 0.839265 0.350201 0.875244 0.513253 0.877982
0 0.439357 0.897732 0.165462 0.033242 0.356627 0.885413 0.522088 0.881111 0.357430 0.908486 0.522088 0.914353