0 0.556369 0.072442 0.210835 0.028369 0.450952 0.058257 0.661786 0.059777 0.452416 0.085613 0.660322 0.086626
0 0.556369 0.111955 0.196193 0.026342 0.458272 0.098784 0.654466 0.099291 0.459736 0.124113 0.651537 0.125127
0 0.555637 0.153242 0.174231 0.023810 0.468521 0.141337 0.641288 0.142351 0.471449 0.163627 0.642753 0.165147
0 0.549780 0.193262 0.168375 0.026849 0.475842 0.179838 0.633968 0.180344 0.465593 0.204661 0.628111 0.206687
0 0.550512 0.232776 0.169839 0.026849 0.469985 0.220365 0.635432 0.219352 0.465593 0.246201 0.629575 0.245694
0 0.540264 0.273556 0.163982 0.028369 0.462665 0.259372 0.620791 0.260892 0.458272 0.286727 0.622255 0.287741
0 0.529283 0.319149 0.177160 0.027356 0.440703 0.306484 0.617862 0.305471 0.445095 0.331814 0.610542 0.332827
0 0.525622 0.366008 0.178624 0.028875 0.437775 0.351570 0.614934 0.354610 0.436310 0.373354 0.610542 0.380446
0 0.513177 0.411094 0.180088 0.030902 0.426061 0.395643 0.603221 0.400709 0.423133 0.417933 0.591508 0.426545
0 0.483163 0.458460 0.213763 0.038501 0.398243 0.439210 0.590044 0.449848 0.376281 0.466565 0.575403 0.477710
0 0.452416 0.512411 0.219619 0.041033 0.363104 0.491895 0.562225 0.502533 0.342606 0.518237 0.537335 0.532928
0 0.420205 0.564843 0.213763 0.039514 0.316252 0.545086 0.527086 0.553191 0.313324 0.575481 0.502196 0.584600
0 0.380673 0.622087 0.204978 0.046606 0.278184 0.598784 0.483163 0.607396 0.279649 0.637791 0.464129 0.645390
0 0.357247 0.687943 0.196193 0.041540 0.259151 0.669200 0.455344 0.667173 0.267936 0.708207 0.452416 0.708713
0 0.376281 0.757345 0.222548 0.050659 0.265007 0.737589 0.450952 0.732016 0.292826 0.782675 0.487555 0.777609
0 0.427526 0.830800 0.243045 0.056738 0.306003 0.810537 0.502196 0.802432 0.323572 0.859169 0.549048 0.848024
0 0.472182 0.891591 0.250366 0.057751 0.346999 0.878926 0.566618 0.862715 0.358712 0.920466 0.597365 0.904762