0 0.560120 0.045661 0.310621 0.049870 0.414830 0.020725 0.715431 0.029145 0.404810 0.056347 0.641283 0.070596
0 0.503006 0.091645 0.268537 0.055052 0.400802 0.064119 0.637275 0.079016 0.368737 0.102332 0.627254 0.119171
0 0.486974 0.140220 0.276553 0.051166 0.374750 0.114637 0.625251 0.126943 0.348697 0.155440 0.589178 0.165803
0 0.451904 0.193977 0.266533 0.048575 0.350701 0.169689 0.585170 0.177461 0.318637 0.207254 0.563126 0.218264
0 0.435872 0.244819 0.254509 0.049223 0.326653 0.220207 0.563126 0.228627 0.308617 0.257124 0.543086 0.269430
0 0.412826 0.293718 0.236473 0.044689 0.312625 0.271373 0.529058 0.279793 0.294589 0.308938 0.531062 0.316062
0 0.414830 0.348446 0.244489 0.040155 0.292585 0.328368 0.537074 0.332254 0.292585 0.367876 0.527054 0.368523
0 0.408818 0.402850 0.264529 0.045337 0.280561 0.385363 0.531062 0.380181 0.276553 0.425518 0.541082 0.422280
0 0.409820 0.458549 0.278557 0.042746 0.280561 0.438471 0.539078 0.437176 0.270541 0.477979 0.549098 0.479922
0 0.389780 0.509067 0.294589 0.044041 0.268537 0.487047 0.537074 0.492876 0.242485 0.529793 0.533066 0.531088
0 0.379760 0.564767 0.302605 0.050518 0.236473 0.540803 0.531062 0.539508 0.228457 0.587435 0.531062 0.590026
0 0.383768 0.625971 0.294589 0.053756 0.238477 0.602332 0.529058 0.599093 0.236473 0.652850 0.531062 0.650259
0 0.395792 0.690414 0.314629 0.060881 0.238477 0.665803 0.537074 0.659974 0.240481 0.720855 0.553106 0.715026
0 0.414830 0.769430 0.356713 0.071244 0.236473 0.744819 0.551102 0.733808 0.252505 0.805052 0.593186 0.794041
0 0.428858 0.831606 0.352705 0.047927 0.252505 0.825130 0.585170 0.807642 0.272545 0.855570 0.605210 0.837435
0 0.444890 0.885039 0.368737 0.047280 0.264529 0.873057 0.617234 0.861399 0.260521 0.908679 0.629259 0.900259
0 0.446894 0.930376 0.396794 0.044689 0.254509 0.918394 0.633267 0.908031 0.248497 0.952720 0.645291 0.944948