0 0.417639 0.058092 0.155642 0.036282 0.339818 0.052181 0.488975 0.039951 0.350195 0.076233 0.495460 0.065634
0 0.469520 0.101305 0.184176 0.034651 0.377432 0.092947 0.542153 0.083979 0.400778 0.118630 0.561608 0.105993
0 0.508431 0.144925 0.212711 0.042805 0.405966 0.136567 0.588846 0.123522 0.402075 0.166327 0.614786 0.156135
0 0.535668 0.193437 0.207523 0.033836 0.431907 0.183857 0.619974 0.176519 0.439689 0.210355 0.639429 0.209539
0 0.546044 0.240726 0.236057 0.029759 0.446174 0.225846 0.656291 0.226254 0.428016 0.251936 0.664073 0.255605
0 0.564202 0.286384 0.256809 0.037097 0.435798 0.268651 0.674449 0.267835 0.439689 0.304933 0.692607 0.303302
0 0.577821 0.336934 0.229572 0.041989 0.463035 0.317978 0.692607 0.315940 0.481193 0.357929 0.682231 0.352629
0 0.588197 0.386669 0.208820 0.040359 0.483787 0.371790 0.686122 0.366490 0.501945 0.406849 0.692607 0.404810
0 0.599222 0.439870 0.217899 0.039951 0.507134 0.423563 0.688716 0.419894 0.490272 0.459845 0.708171 0.458214
0 0.573930 0.494293 0.234760 0.041174 0.491569 0.473706 0.691310 0.478598 0.456550 0.512841 0.686122 0.514880
0 0.552529 0.546066 0.225681 0.046881 0.472114 0.522625 0.665370 0.529556 0.439689 0.558092 0.648508 0.569507
0 0.516213 0.599674 0.251621 0.040766 0.424125 0.579291 0.642023 0.587036 0.390402 0.613127 0.631647 0.620057
0 0.462387 0.651243 0.289235 0.053404 0.368353 0.624541 0.607004 0.635956 0.317769 0.662046 0.575875 0.677945
0 0.423476 0.707909 0.268482 0.038728 0.306096 0.688545 0.552529 0.690583 0.289235 0.724827 0.557717 0.727273
0 0.405966 0.765797 0.269780 0.047697 0.291829 0.741949 0.538262 0.743579 0.271077 0.789645 0.540856 0.789238
0 0.396239 0.831227 0.273671 0.040766 0.259403 0.810844 0.533074 0.811252 0.269780 0.851610 0.529183 0.847534
0 0.400778 0.898288 0.261997 0.054219 0.269780 0.874847 0.523995 0.871178 0.300908 0.925397 0.531777 0.918875