0 0.579114 0.063558 0.141350 0.031090 0.508439 0.048013 0.649789 0.051161 0.512658 0.073987 0.649789 0.079103
0 0.584388 0.103503 0.164557 0.039355 0.508439 0.083825 0.666667 0.090909 0.502110 0.106257 0.649789 0.123180
0 0.551688 0.141086 0.196203 0.048406 0.494726 0.116883 0.649789 0.136167 0.453586 0.141677 0.603376 0.165289
0 0.503165 0.178276 0.191983 0.051948 0.447257 0.152302 0.599156 0.181031 0.407173 0.175521 0.542194 0.204250
0 0.427743 0.211531 0.201477 0.054703 0.390295 0.184179 0.528481 0.218024 0.327004 0.206612 0.492616 0.238882
0 0.332278 0.244392 0.175105 0.059819 0.287975 0.214482 0.419831 0.247147 0.244726 0.253444 0.382911 0.274301
0 0.267405 0.285518 0.174051 0.041322 0.219409 0.264856 0.354430 0.283747 0.180380 0.297914 0.327004 0.306179
0 0.258439 0.331562 0.162447 0.036600 0.177215 0.313262 0.327004 0.314050 0.182489 0.349862 0.339662 0.343959
0 0.285338 0.379772 0.180380 0.049587 0.195148 0.358914 0.345992 0.354978 0.222574 0.404565 0.375527 0.389610
0 0.337025 0.427784 0.186709 0.059819 0.243671 0.421094 0.402954 0.397875 0.291139 0.457694 0.430380 0.430539
0 0.406118 0.481503 0.177215 0.062574 0.317511 0.476190 0.458861 0.450216 0.358650 0.512790 0.494726 0.482487
0 0.467300 0.532861 0.196203 0.056671 0.369198 0.528532 0.521097 0.504526 0.413502 0.561196 0.565401 0.542306
0 0.514241 0.591499 0.184599 0.057458 0.421941 0.579300 0.582278 0.562771 0.444093 0.620228 0.606540 0.612751
0 0.540084 0.664305 0.187764 0.052735 0.446203 0.640299 0.629747 0.637938 0.452532 0.690673 0.633966 0.683983
0 0.545886 0.734357 0.214135 0.055884 0.447257 0.706808 0.648734 0.706415 0.438819 0.762298 0.652954 0.759150
0 0.549578 0.809524 0.223629 0.059819 0.444093 0.779614 0.660338 0.781188 0.437764 0.838646 0.661392 0.839433
0 0.552215 0.885872 0.247890 0.057458 0.428270 0.857143 0.676160 0.857143 0.441983 0.909878 0.669831 0.914601