0 0.453897 0.073738 0.135932 0.026814 0.385932 0.061909 0.521863 0.060331 0.397338 0.087145 0.518061 0.082019
0 0.469106 0.108241 0.126426 0.032729 0.405894 0.097792 0.524715 0.091877 0.420152 0.124606 0.532319 0.115536
0 0.487643 0.153391 0.102662 0.037855 0.436312 0.137618 0.532319 0.134464 0.442015 0.170741 0.538973 0.172319
0 0.485741 0.203667 0.098859 0.035883 0.443916 0.185726 0.529468 0.185726 0.436312 0.218454 0.535171 0.221609
0 0.470532 0.246845 0.119772 0.034700 0.430608 0.229495 0.530418 0.234621 0.410646 0.261830 0.509506 0.264196
0 0.456749 0.294953 0.111217 0.037855 0.411597 0.276025 0.512357 0.280757 0.401141 0.311120 0.509506 0.313880
0 0.457224 0.334976 0.114068 0.023265 0.405894 0.323344 0.498099 0.323344 0.400190 0.346609 0.514259 0.344243
0 0.454373 0.386830 0.142586 0.049685 0.402091 0.361987 0.513308 0.363959 0.383080 0.406940 0.525665 0.411672
0 0.439639 0.444401 0.139734 0.045741 0.394487 0.421530 0.508555 0.428628 0.369772 0.455836 0.509506 0.467271
0 0.412548 0.496451 0.167300 0.051262 0.356464 0.470820 0.496198 0.483438 0.328897 0.502366 0.488593 0.522082
0 0.368346 0.543375 0.192966 0.054416 0.316540 0.516167 0.464829 0.534700 0.271863 0.561909 0.436312 0.570584
0 0.351711 0.601538 0.184411 0.051656 0.269011 0.575710 0.439164 0.586356 0.259506 0.627366 0.443916 0.626577
0 0.368821 0.669953 0.199620 0.054416 0.269011 0.654968 0.448669 0.642744 0.276616 0.697161 0.468631 0.685726
0 0.406369 0.736593 0.208175 0.067823 0.302281 0.724369 0.475285 0.702681 0.341255 0.770505 0.510456 0.746057
0 0.478137 0.801262 0.230038 0.074132 0.363118 0.787855 0.539924 0.764196 0.399240 0.838328 0.593156 0.812697
0 0.532319 0.871057 0.245247 0.074132 0.409696 0.855284 0.605513 0.833991 0.437262 0.908123 0.654943 0.886830
0 0.559411 0.941049 0.223384 0.056388 0.447719 0.927445 0.670152 0.912855 0.457224 0.969243 0.671103 0.957808