0 0.776913 0.081743 0.158236 0.037532 0.697795 0.062977 0.856031 0.068702 0.708171 0.097328 0.843061 0.100509
0 0.767834 0.131997 0.150454 0.036260 0.692607 0.113868 0.843061 0.122137 0.695201 0.139949 0.817121 0.150127
0 0.741894 0.177163 0.134890 0.041349 0.687419 0.156489 0.809339 0.171120 0.674449 0.185115 0.805447 0.197837
0 0.718547 0.225509 0.134890 0.040076 0.673152 0.205471 0.785992 0.213104 0.651102 0.230916 0.771725 0.245547
0 0.682879 0.269720 0.156939 0.044529 0.645914 0.247455 0.761349 0.261450 0.604410 0.275445 0.748379 0.291985
0 0.660830 0.317430 0.154345 0.049618 0.609598 0.292621 0.738003 0.311705 0.583658 0.325064 0.725032 0.342239
0 0.634890 0.367366 0.154345 0.052799 0.579767 0.340967 0.712062 0.361323 0.557717 0.374046 0.695201 0.393766
0 0.598573 0.414440 0.151751 0.055344 0.552529 0.386768 0.674449 0.408397 0.522698 0.421120 0.671855 0.442112
0 0.564851 0.462150 0.177691 0.057888 0.516213 0.433206 0.653696 0.453562 0.476005 0.464377 0.627756 0.491094
0 0.518158 0.505407 0.180285 0.064249 0.461738 0.473282 0.608301 0.500636 0.428016 0.508906 0.583658 0.537532
0 0.477302 0.560751 0.212711 0.075700 0.403372 0.522901 0.583658 0.555344 0.370947 0.570611 0.543450 0.598601
0 0.415045 0.625000 0.215305 0.060433 0.337224 0.594784 0.522698 0.618321 0.307393 0.633588 0.499352 0.655216
0 0.398184 0.681934 0.194553 0.053435 0.306096 0.655216 0.492866 0.669847 0.300908 0.708651 0.495460 0.704835
0 0.413100 0.753817 0.195850 0.049618 0.315175 0.729644 0.511025 0.729008 0.328145 0.778626 0.503243 0.763995
0 0.411803 0.817430 0.169909 0.039440 0.326848 0.802799 0.495460 0.797710 0.330739 0.837150 0.496757 0.830789
0 0.416991 0.868003 0.172503 0.034987 0.333333 0.858142 0.499352 0.850509 0.330739 0.885496 0.503243 0.880407
0 0.424125 0.889949 0.173800 0.049618 0.346303 0.865140 0.345006 0.879135 0.511025 0.882316 0.337224 0.914758