0 0.543017 0.039296 0.255611 0.031109 0.415212 0.023741 0.670823 0.026607 0.415212 0.048711 0.662095 0.054851
0 0.531172 0.079411 0.219451 0.041752 0.426434 0.058535 0.640898 0.068359 0.421446 0.081457 0.618454 0.100287
0 0.487531 0.121163 0.224439 0.059763 0.405237 0.091281 0.599751 0.112567 0.375312 0.126074 0.529925 0.151044
0 0.408978 0.164347 0.201995 0.055260 0.350374 0.136717 0.509975 0.162505 0.307980 0.167826 0.461347 0.191977
0 0.342893 0.205076 0.226933 0.062219 0.296758 0.173966 0.456359 0.197298 0.229426 0.209578 0.415212 0.236185
0 0.275561 0.242325 0.259352 0.059763 0.218204 0.212444 0.405237 0.242325 0.145885 0.256652 0.339152 0.272206
0 0.225062 0.291445 0.220698 0.048301 0.139651 0.267294 0.335411 0.281621 0.114713 0.307818 0.322943 0.315596
0 0.225062 0.343635 0.215711 0.047073 0.117207 0.322554 0.322943 0.320098 0.117207 0.367171 0.332918 0.357348
0 0.251870 0.393369 0.241895 0.057307 0.130923 0.375767 0.335411 0.364716 0.153367 0.422022 0.372818 0.403193
0 0.300499 0.441875 0.266833 0.069177 0.167082 0.429390 0.380299 0.407286 0.224439 0.476463 0.433915 0.449447
0 0.387157 0.494065 0.295511 0.075317 0.239401 0.481375 0.450125 0.456406 0.312968 0.531723 0.534913 0.494474
0 0.493142 0.546869 0.312968 0.083504 0.336658 0.544003 0.562344 0.505117 0.396509 0.588621 0.649626 0.545231
0 0.577307 0.608883 0.306733 0.075727 0.423940 0.599263 0.685786 0.571019 0.466334 0.646746 0.730673 0.621367
0 0.616584 0.675604 0.300499 0.059353 0.466334 0.655751 0.750623 0.645927 0.470075 0.705280 0.766833 0.702415
0 0.607855 0.751330 0.325436 0.060991 0.473815 0.720835 0.770574 0.724928 0.445137 0.769955 0.756858 0.781826
0 0.569825 0.823987 0.354115 0.075317 0.441397 0.786328 0.746883 0.805976 0.392768 0.840360 0.706983 0.861646
0 0.525561 0.898895 0.347880 0.070405 0.376559 0.863692 0.699501 0.884159 0.351621 0.914449 0.688279 0.934097