0 0.552870 0.066468 0.238671 0.036706 0.451662 0.048115 0.672205 0.069444 0.433535 0.059524 0.661631 0.084821
0 0.537009 0.087798 0.237160 0.039683 0.433535 0.067956 0.655589 0.090278 0.418429 0.086806 0.637462 0.107639
0 0.524924 0.112847 0.206949 0.026290 0.424471 0.099702 0.628399 0.117063 0.421450 0.120536 0.620846 0.125992
0 0.527946 0.138889 0.197885 0.018849 0.429003 0.129464 0.626888 0.137897 0.448640 0.148313 0.623867 0.147321
0 0.549849 0.166667 0.169184 0.023810 0.465257 0.158730 0.634441 0.154762 0.477341 0.178571 0.626888 0.178075
0 0.574018 0.203621 0.166163 0.032242 0.492447 0.187500 0.643505 0.188988 0.490937 0.219246 0.657100 0.219742
0 0.580816 0.250744 0.200906 0.037202 0.480363 0.232143 0.675227 0.236111 0.500000 0.259425 0.681269 0.269345
0 0.586858 0.293155 0.185801 0.024802 0.503021 0.280754 0.679758 0.290179 0.493958 0.305556 0.672205 0.305556
0 0.577039 0.334573 0.178248 0.025298 0.506042 0.323413 0.666163 0.321925 0.487915 0.347222 0.661631 0.347222
0 0.573263 0.376240 0.185801 0.030258 0.490937 0.361111 0.660121 0.365575 0.480363 0.388393 0.666163 0.391369
0 0.570242 0.420139 0.185801 0.029762 0.492447 0.405258 0.654079 0.406746 0.477341 0.430556 0.663142 0.435020
0 0.570997 0.465030 0.196375 0.035218 0.498489 0.447421 0.669184 0.450893 0.472810 0.475694 0.667674 0.482639
0 0.561178 0.516121 0.200906 0.043155 0.489426 0.494544 0.661631 0.501984 0.460725 0.522321 0.652568 0.537698
0 0.526435 0.570188 0.228097 0.044147 0.432024 0.548115 0.640483 0.557044 0.412387 0.592262 0.632931 0.589782
0 0.507553 0.634425 0.241692 0.039683 0.386707 0.621528 0.628399 0.614583 0.412387 0.654266 0.622356 0.650794
0 0.514350 0.692956 0.231118 0.035714 0.398792 0.679067 0.628399 0.675099 0.398792 0.710813 0.629909 0.708829
0 0.510574 0.753720 0.271903 0.036210 0.374622 0.735615 0.646526 0.736607 0.382175 0.766369 0.641994 0.771825