0 0.413342 0.084198 0.185786 0.022170 0.320449 0.073113 0.506234 0.075000 0.327930 0.095283 0.497506 0.094811
0 0.421446 0.114858 0.152120 0.023113 0.345387 0.108019 0.488778 0.103302 0.360349 0.126415 0.497506 0.117925
0 0.449501 0.142217 0.150873 0.032547 0.374065 0.135377 0.504988 0.125943 0.380299 0.158491 0.524938 0.154717
0 0.462594 0.184670 0.162095 0.035377 0.381546 0.180189 0.532419 0.166981 0.395262 0.202358 0.543641 0.190094
0 0.473192 0.231368 0.163342 0.031604 0.397756 0.217925 0.546135 0.215566 0.391521 0.241981 0.554863 0.247170
0 0.473815 0.279245 0.179551 0.029245 0.384040 0.264623 0.563591 0.266509 0.389027 0.293868 0.557357 0.292925
0 0.476309 0.323349 0.174564 0.026887 0.389027 0.311792 0.563591 0.309906 0.390274 0.336792 0.562344 0.336792
0 0.477556 0.375236 0.189526 0.024057 0.382793 0.363208 0.571072 0.363679 0.402743 0.380660 0.572319 0.387264
0 0.480673 0.438915 0.183292 0.034434 0.389027 0.421698 0.572319 0.432075 0.394015 0.443396 0.572319 0.456132
0 0.465087 0.494575 0.189526 0.028774 0.380299 0.480189 0.559850 0.487736 0.370324 0.498585 0.532419 0.508962
0 0.436409 0.563915 0.179551 0.038208 0.346633 0.544811 0.526185 0.546698 0.356608 0.583019 0.522444 0.572641
0 0.459476 0.621226 0.195761 0.031132 0.361596 0.614623 0.539900 0.605660 0.370324 0.636792 0.557357 0.631132
0 0.466958 0.678302 0.203242 0.023585 0.365337 0.668396 0.549875 0.666509 0.376559 0.690094 0.568579 0.687264
0 0.463217 0.734670 0.200748 0.022170 0.362843 0.723585 0.563591 0.724057 0.365337 0.743396 0.561097 0.745755
0 0.453865 0.788443 0.231920 0.029717 0.354115 0.773585 0.568579 0.781132 0.337905 0.803302 0.569825 0.802830
0 0.449501 0.848585 0.233167 0.021698 0.332918 0.837736 0.566085 0.838208 0.332918 0.854245 0.541147 0.859434
0 0.427681 0.891745 0.239401 0.025000 0.312968 0.879245 0.547382 0.882547 0.307980 0.904245 0.547382 0.903774