0 0.538296 0.077486 0.124785 0.030133 0.475904 0.062419 0.600688 0.067585 0.481928 0.088248 0.600688 0.092553
0 0.537866 0.113431 0.122203 0.031425 0.481067 0.097718 0.598967 0.101593 0.476764 0.123117 0.586058 0.129143
0 0.527108 0.151528 0.116179 0.036160 0.478485 0.133448 0.585198 0.138614 0.469019 0.156694 0.566265 0.169608
0 0.500430 0.193069 0.126506 0.046922 0.451807 0.169608 0.563683 0.181662 0.437177 0.199311 0.547332 0.216530
0 0.459983 0.237193 0.145439 0.044770 0.418244 0.214808 0.532702 0.228153 0.387263 0.241929 0.503442 0.259578
0 0.400172 0.277443 0.148021 0.048644 0.358864 0.253121 0.474182 0.275506 0.326162 0.275936 0.444062 0.301765
0 0.351119 0.310159 0.168675 0.053810 0.306368 0.283254 0.435456 0.311235 0.266781 0.309514 0.400172 0.337064
0 0.312392 0.349333 0.149742 0.055532 0.259036 0.321567 0.387263 0.345674 0.237522 0.363754 0.381239 0.377099
0 0.293460 0.396901 0.154905 0.042187 0.216007 0.375807 0.370912 0.390443 0.216007 0.417994 0.370052 0.412828
0 0.296472 0.445760 0.157487 0.041756 0.217728 0.430478 0.366609 0.424882 0.222892 0.466638 0.375215 0.458459
0 0.325731 0.501291 0.185026 0.061558 0.233219 0.485149 0.392427 0.470512 0.259036 0.532071 0.418244 0.509686
0 0.368761 0.556393 0.181583 0.072751 0.277969 0.549720 0.425990 0.520017 0.315835 0.592768 0.459552 0.555316
0 0.432874 0.612139 0.192771 0.077486 0.336489 0.606974 0.499139 0.573396 0.388124 0.650882 0.529260 0.611709
0 0.493115 0.665519 0.180723 0.076625 0.402754 0.664227 0.543890 0.627206 0.454389 0.703831 0.583477 0.666810
0 0.544750 0.713947 0.166954 0.066724 0.461274 0.719759 0.605852 0.680585 0.504303 0.747310 0.628227 0.714593
0 0.587349 0.771632 0.152324 0.062419 0.511188 0.766681 0.645439 0.740422 0.524096 0.802841 0.663511 0.786483
0 0.603270 0.826733 0.149742 0.049505 0.529260 0.814034 0.666093 0.801980 0.528399 0.851485 0.678141 0.844598