0 0.407084 0.032941 0.146817 0.034824 0.333676 0.023059 0.477413 0.015529 0.347023 0.050353 0.480493 0.041412
0 0.417864 0.068706 0.145791 0.034824 0.344969 0.062588 0.479466 0.051294 0.364476 0.086118 0.490760 0.082353
0 0.433265 0.110588 0.127310 0.032000 0.369610 0.100706 0.493840 0.094588 0.373717 0.126588 0.496920 0.122824
0 0.443018 0.153412 0.126283 0.036706 0.379877 0.142588 0.503080 0.135059 0.392197 0.171765 0.506160 0.167059
0 0.445072 0.200471 0.126283 0.038588 0.391170 0.183529 0.508214 0.181176 0.381930 0.218824 0.506160 0.219765
0 0.447125 0.253647 0.126283 0.034824 0.383984 0.240471 0.510267 0.236235 0.392197 0.270588 0.508214 0.271059
0 0.451232 0.306118 0.138604 0.040941 0.381930 0.285647 0.520534 0.287059 0.393224 0.326588 0.515400 0.320471
0 0.466119 0.359294 0.127310 0.049412 0.402464 0.342118 0.510267 0.334588 0.409651 0.384000 0.529774 0.374118
0 0.489220 0.415059 0.146817 0.052706 0.415811 0.402353 0.531828 0.388706 0.431212 0.441412 0.562628 0.426824
0 0.521047 0.474353 0.157084 0.063059 0.442505 0.458824 0.570842 0.442824 0.459959 0.505882 0.599589 0.481882
0 0.559035 0.529176 0.173511 0.059765 0.472279 0.517176 0.618070 0.499294 0.497947 0.559059 0.645791 0.542588
0 0.611910 0.589412 0.199179 0.062588 0.512320 0.579294 0.680698 0.558118 0.544148 0.620706 0.711499 0.602824
0 0.656057 0.648471 0.190965 0.048941 0.560575 0.637176 0.724846 0.624000 0.569815 0.670118 0.751540 0.672941
0 0.652977 0.716941 0.193018 0.064471 0.562628 0.684706 0.747433 0.696000 0.556468 0.736471 0.749487 0.749176
0 0.643224 0.788000 0.179671 0.067294 0.553388 0.754353 0.733060 0.768941 0.554415 0.799059 0.721766 0.821647
0 0.606776 0.858118 0.207392 0.082353 0.533881 0.816941 0.710472 0.843294 0.503080 0.873882 0.677618 0.899294
0 0.577002 0.927294 0.197125 0.056000 0.479466 0.899294 0.675565 0.917176 0.478439 0.937882 0.660164 0.955294