0 0.524457 0.055141 0.220652 0.035589 0.417391 0.037346 0.634783 0.038664 0.414130 0.063269 0.623913 0.072935
0 0.511957 0.096002 0.189130 0.048770 0.423913 0.071617 0.606522 0.079965 0.417391 0.108524 0.576087 0.120387
0 0.479891 0.142135 0.175000 0.050527 0.416304 0.116872 0.567391 0.124780 0.392391 0.148506 0.552174 0.167399
0 0.455978 0.186292 0.175000 0.052724 0.398913 0.159930 0.543478 0.175308 0.368478 0.192882 0.508696 0.212654
0 0.415217 0.233304 0.180435 0.060633 0.361957 0.202988 0.505435 0.221441 0.325000 0.239016 0.470652 0.263620
0 0.355978 0.282074 0.188043 0.059754 0.311957 0.252197 0.450000 0.271090 0.261957 0.286467 0.420652 0.311951
0 0.313587 0.328427 0.198913 0.058436 0.248913 0.299209 0.413043 0.322935 0.214130 0.341388 0.371739 0.357645
0 0.285870 0.376318 0.165217 0.042619 0.205435 0.355009 0.368478 0.363357 0.203261 0.395431 0.354348 0.397627
0 0.288043 0.438708 0.197826 0.062830 0.189130 0.414323 0.357609 0.407293 0.221739 0.470123 0.386957 0.442443
0 0.348370 0.484842 0.222826 0.069859 0.236957 0.486819 0.393478 0.449912 0.288043 0.519772 0.459783 0.481107
0 0.433696 0.530097 0.241304 0.076011 0.313043 0.536907 0.476087 0.492091 0.378261 0.568102 0.554348 0.523286
0 0.539674 0.581942 0.281522 0.107645 0.398913 0.590070 0.569565 0.528120 0.483696 0.635764 0.680435 0.568102
0 0.641304 0.625879 0.306522 0.076889 0.488043 0.640158 0.727174 0.587434 0.516304 0.664323 0.794565 0.630492
0 0.671739 0.686511 0.300000 0.040861 0.521739 0.672671 0.818478 0.666081 0.522826 0.699912 0.821739 0.706942
0 0.633696 0.746046 0.319565 0.086995 0.523913 0.702548 0.793478 0.742531 0.473913 0.732865 0.744565 0.789543
0 0.563587 0.812830 0.314130 0.095782 0.464130 0.764938 0.720652 0.815905 0.406522 0.816344 0.638043 0.860721
0 0.469022 0.871924 0.311957 0.088313 0.384783 0.827768 0.625000 0.868629 0.313043 0.876977 0.564130 0.916081