0 0.518919 0.056703 0.142342 0.027542 0.447748 0.049413 0.590090 0.042932 0.451351 0.070474 0.581081 0.061968
0 0.529730 0.089510 0.138739 0.031592 0.460360 0.080599 0.589189 0.073714 0.465766 0.105306 0.599099 0.102066
0 0.542342 0.136493 0.124324 0.039692 0.480180 0.116646 0.604505 0.120292 0.486486 0.147833 0.600901 0.156339
0 0.521622 0.185095 0.140541 0.051033 0.474775 0.159579 0.591892 0.171729 0.451351 0.193196 0.572973 0.210612
0 0.490541 0.228230 0.155856 0.052248 0.449550 0.202106 0.568468 0.221547 0.412613 0.231268 0.543243 0.254354
0 0.452703 0.272175 0.148649 0.051033 0.414414 0.246659 0.527027 0.264885 0.378378 0.280275 0.489189 0.297691
0 0.412162 0.316120 0.134234 0.046578 0.380180 0.292831 0.479279 0.304982 0.345045 0.326853 0.457658 0.339409
0 0.384234 0.361887 0.128829 0.041717 0.347748 0.341029 0.448649 0.345889 0.319820 0.381531 0.430631 0.382746
0 0.388739 0.413730 0.125225 0.044147 0.339640 0.395302 0.436937 0.391657 0.326126 0.435804 0.451351 0.430539
0 0.407658 0.465776 0.152252 0.052653 0.331532 0.449575 0.454054 0.439449 0.350450 0.492102 0.483784 0.477521
0 0.437387 0.521669 0.154054 0.063183 0.360360 0.507088 0.490991 0.490077 0.377477 0.553260 0.514414 0.536655
0 0.487838 0.583637 0.164865 0.057513 0.405405 0.568651 0.536937 0.554880 0.423423 0.612394 0.570270 0.592953
0 0.525225 0.644998 0.192793 0.054678 0.428829 0.629810 0.588288 0.617659 0.460360 0.672337 0.621622 0.663832
0 0.548649 0.717902 0.167568 0.051438 0.464865 0.694208 0.627928 0.692183 0.466667 0.743621 0.632432 0.740381
0 0.543243 0.788781 0.180180 0.058728 0.474775 0.759417 0.633333 0.767517 0.453153 0.805589 0.609910 0.818145
0 0.504505 0.857635 0.200000 0.070069 0.438739 0.822600 0.604505 0.839206 0.404505 0.873228 0.586486 0.892669
0 0.472072 0.936209 0.201802 0.040097 0.375676 0.916160 0.572973 0.923451 0.371171 0.952612 0.572973 0.956258