0 0.282569 0.054270 0.231193 0.064057 0.166972 0.053381 0.387156 0.022242 0.190826 0.086299 0.398165 0.056940
0 0.313761 0.105427 0.216514 0.070285 0.205505 0.098754 0.400000 0.070285 0.240367 0.140569 0.422018 0.117438
0 0.353211 0.152580 0.207339 0.061388 0.249541 0.148577 0.422018 0.121886 0.260550 0.183274 0.456881 0.152135
0 0.388073 0.199733 0.229358 0.080961 0.273394 0.193950 0.467890 0.159253 0.306422 0.240214 0.502752 0.197509
0 0.435780 0.245107 0.229358 0.082740 0.321101 0.248221 0.510092 0.203737 0.361468 0.286477 0.550459 0.232206
0 0.494495 0.283363 0.229358 0.082740 0.379817 0.291815 0.563303 0.241993 0.416514 0.324733 0.609174 0.282918
0 0.566972 0.329626 0.245872 0.080961 0.444037 0.333630 0.623853 0.289146 0.475229 0.370107 0.689908 0.328292
0 0.603670 0.377224 0.242202 0.076512 0.482569 0.380783 0.700917 0.338968 0.489908 0.415480 0.724771 0.383452
0 0.629358 0.427936 0.264220 0.056940 0.497248 0.420819 0.737615 0.399466 0.500917 0.456406 0.761468 0.445730
0 0.638532 0.488434 0.253211 0.042705 0.511927 0.468861 0.765138 0.467082 0.517431 0.509786 0.761468 0.504448
0 0.653211 0.536477 0.264220 0.051601 0.521101 0.524021 0.765138 0.510676 0.533945 0.562278 0.785321 0.550712
0 0.666055 0.592972 0.245872 0.054270 0.543119 0.576512 0.783486 0.565836 0.543119 0.620107 0.788991 0.604982
0 0.677064 0.653915 0.253211 0.056940 0.550459 0.632562 0.794495 0.625445 0.555963 0.682384 0.803670 0.679715
0 0.644954 0.747776 0.273394 0.102313 0.555963 0.696619 0.781651 0.756228 0.508257 0.732206 0.732110 0.798932
0 0.543119 0.807829 0.304587 0.096085 0.447706 0.759786 0.695413 0.822954 0.390826 0.793594 0.649541 0.855872
0 0.474312 0.869217 0.317431 0.120996 0.366972 0.808719 0.633027 0.878114 0.315596 0.855872 0.596330 0.929715
0 0.473394 0.869217 0.308257 0.113879 0.376147 0.812278 0.627523 0.879004 0.319266 0.854982 0.581651 0.926157