0 0.542608 0.052857 0.144764 0.022542 0.470226 0.042752 0.614990 0.041586 0.476386 0.064127 0.604723 0.062573
0 0.535421 0.091527 0.120123 0.040031 0.484600 0.071512 0.592402 0.075010 0.475359 0.101049 0.595483 0.111543
0 0.521047 0.135056 0.122177 0.043140 0.477413 0.113486 0.582135 0.126312 0.459959 0.144967 0.557495 0.156627
0 0.496407 0.178780 0.118070 0.044306 0.456879 0.156627 0.555441 0.172173 0.437372 0.187330 0.523614 0.200933
0 0.435832 0.218228 0.126283 0.045472 0.413758 0.195492 0.498973 0.210649 0.372690 0.221920 0.463039 0.240964
0 0.367556 0.257676 0.151951 0.046638 0.353183 0.234357 0.443532 0.246794 0.291581 0.261951 0.418891 0.280995
0 0.340862 0.296735 0.154004 0.042363 0.294661 0.275554 0.417864 0.289157 0.263860 0.305869 0.391170 0.317917
0 0.317248 0.342985 0.158111 0.040031 0.245380 0.322969 0.395277 0.330354 0.238193 0.358725 0.396304 0.363000
0 0.315708 0.394287 0.159138 0.040808 0.236140 0.374271 0.381930 0.373883 0.242300 0.414691 0.395277 0.408473
0 0.336756 0.448892 0.180698 0.052857 0.246407 0.430237 0.393224 0.422464 0.267967 0.475321 0.427105 0.459386
0 0.377310 0.505052 0.177618 0.060241 0.288501 0.488146 0.424025 0.474932 0.320329 0.535173 0.466119 0.515352
0 0.428131 0.559852 0.186858 0.054800 0.334702 0.549164 0.479466 0.532452 0.376797 0.587252 0.521561 0.568986
0 0.486140 0.619316 0.175565 0.051691 0.398357 0.607073 0.549281 0.593471 0.444559 0.645161 0.573922 0.632724
0 0.529774 0.686747 0.168378 0.051302 0.445585 0.670812 0.613963 0.661096 0.486653 0.712398 0.612936 0.701516
0 0.560575 0.756121 0.184805 0.054023 0.468172 0.729110 0.652977 0.729887 0.478439 0.780023 0.636550 0.783133
0 0.547228 0.828410 0.199179 0.056354 0.447639 0.800233 0.646817 0.803342 0.451745 0.845317 0.620123 0.856588
0 0.522587 0.890983 0.209446 0.036922 0.425051 0.872522 0.614990 0.873688 0.417864 0.908667 0.627310 0.909444