0 0.513823 0.042148 0.150620 0.040650 0.448999 0.021823 0.589132 0.032092 0.438513 0.046641 0.578646 0.062473
0 0.493327 0.083012 0.163012 0.053915 0.429933 0.056055 0.574833 0.071031 0.411821 0.093282 0.537655 0.109970
0 0.451859 0.127514 0.163966 0.055627 0.408961 0.099700 0.533842 0.118100 0.369876 0.131365 0.493804 0.155327
0 0.409438 0.168592 0.157293 0.053915 0.357483 0.141635 0.488084 0.163885 0.330791 0.175011 0.456625 0.195550
0 0.366063 0.212024 0.165872 0.050064 0.311725 0.186992 0.448999 0.205819 0.283127 0.225075 0.424214 0.237056
0 0.339847 0.258023 0.159199 0.043646 0.283127 0.236200 0.419447 0.245614 0.260248 0.276423 0.399428 0.279846
0 0.342707 0.311938 0.157293 0.043646 0.264061 0.290116 0.405148 0.290971 0.264061 0.333761 0.421354 0.330338
0 0.349380 0.361789 0.164919 0.050064 0.266921 0.347882 0.421354 0.336757 0.270734 0.386821 0.431840 0.377407
0 0.368923 0.415704 0.188751 0.059478 0.274547 0.403509 0.438513 0.385965 0.301239 0.445443 0.463298 0.428755
0 0.399905 0.468122 0.180172 0.060762 0.309819 0.455712 0.469018 0.437741 0.334604 0.498502 0.489990 0.482670
0 0.433270 0.526316 0.180172 0.065041 0.343184 0.513051 0.500477 0.493795 0.364156 0.558836 0.523356 0.546855
0 0.459962 0.594138 0.204957 0.068892 0.357483 0.575524 0.527169 0.559692 0.371783 0.628584 0.562440 0.608045
0 0.499523 0.656397 0.234509 0.065041 0.382269 0.647839 0.572927 0.623877 0.396568 0.688917 0.616778 0.668378
0 0.525262 0.721866 0.223070 0.067608 0.413727 0.710312 0.618684 0.688062 0.429933 0.755670 0.636797 0.734275
0 0.545758 0.787334 0.224023 0.072743 0.433746 0.773214 0.641563 0.750963 0.444233 0.823706 0.657769 0.808729
0 0.580076 0.859221 0.246902 0.067608 0.456625 0.839538 0.698761 0.825417 0.458532 0.893025 0.703527 0.878477
0 0.584843 0.928113 0.252622 0.053059 0.458532 0.907146 0.709247 0.901583 0.475691 0.953787 0.711154 0.954643