0 0.518102 0.030754 0.184769 0.031716 0.425718 0.024507 0.610487 0.014897 0.434457 0.046612 0.610487 0.036521
0 0.533708 0.063431 0.188514 0.037482 0.439451 0.055262 0.612984 0.044690 0.450687 0.082172 0.627965 0.069678
0 0.543695 0.098751 0.171036 0.037001 0.461923 0.091302 0.627965 0.080250 0.458177 0.117251 0.629214 0.109563
0 0.545568 0.140798 0.164794 0.037482 0.465668 0.124940 0.627965 0.122057 0.463171 0.157617 0.627965 0.159539
0 0.536205 0.194858 0.173533 0.057184 0.469413 0.166266 0.622971 0.173955 0.449438 0.206631 0.596754 0.223450
0 0.500624 0.239068 0.187266 0.049495 0.449438 0.214320 0.594257 0.232580 0.406991 0.247958 0.555556 0.263815
0 0.456305 0.282556 0.183521 0.046132 0.390762 0.259491 0.548065 0.274868 0.364544 0.290245 0.523096 0.305622
0 0.420100 0.326045 0.173533 0.043729 0.360799 0.304181 0.506866 0.316194 0.333333 0.334935 0.478152 0.347910
0 0.399501 0.371456 0.172285 0.042287 0.329588 0.350312 0.485643 0.358001 0.313358 0.384911 0.469413 0.392600
0 0.402622 0.419990 0.178527 0.041326 0.313358 0.405094 0.474407 0.399327 0.317104 0.440654 0.491885 0.432965
0 0.430712 0.469486 0.209738 0.051898 0.325843 0.457472 0.505618 0.443537 0.335830 0.495435 0.535581 0.481019
0 0.456305 0.525949 0.228464 0.056223 0.342072 0.514176 0.543071 0.497838 0.365793 0.554061 0.570537 0.535800
0 0.506866 0.583854 0.259675 0.065353 0.377029 0.572802 0.590512 0.551177 0.394507 0.616531 0.636704 0.593465
0 0.539326 0.643921 0.257179 0.057665 0.410737 0.635271 0.649189 0.615089 0.438202 0.672754 0.667915 0.659779
0 0.573034 0.709995 0.252185 0.056223 0.446941 0.697261 0.672909 0.681884 0.469413 0.738107 0.699126 0.731379
0 0.599875 0.780875 0.258427 0.049976 0.470662 0.761173 0.711610 0.755887 0.479401 0.805863 0.729089 0.802979
0 0.606742 0.857040 0.314607 0.061989 0.459426 0.826526 0.736579 0.826045 0.449438 0.884190 0.764045 0.888035