0 0.494132 0.092181 0.129925 0.019548 0.429170 0.085473 0.559095 0.082407 0.432523 0.101188 0.555742 0.101955
0 0.495390 0.124952 0.125733 0.023764 0.432523 0.113453 0.558257 0.113070 0.445935 0.136067 0.548198 0.136834
0 0.491199 0.163664 0.112322 0.029130 0.439229 0.149483 0.547360 0.149099 0.435038 0.174396 0.544007 0.178229
0 0.486169 0.206401 0.110645 0.036412 0.436714 0.188195 0.541492 0.192028 0.430847 0.219624 0.533110 0.224607
0 0.477787 0.250671 0.105616 0.036029 0.428332 0.232656 0.530595 0.235339 0.424979 0.268302 0.519698 0.268685
0 0.461861 0.296090 0.100587 0.034879 0.420788 0.278651 0.512154 0.279801 0.411567 0.308164 0.501257 0.313530
0 0.453479 0.342085 0.093881 0.040245 0.410729 0.321962 0.500419 0.323496 0.406538 0.359141 0.499581 0.362208
0 0.453898 0.391146 0.096396 0.040245 0.411567 0.374090 0.500419 0.371023 0.405700 0.411269 0.502096 0.407819
0 0.462280 0.442123 0.108131 0.044078 0.408215 0.427367 0.500419 0.420084 0.427494 0.464163 0.516345 0.451514
0 0.495390 0.493292 0.110645 0.052127 0.440067 0.481411 0.531433 0.467229 0.459346 0.519356 0.550712 0.499425
0 0.549874 0.542545 0.142498 0.057877 0.478625 0.535071 0.580050 0.513607 0.517184 0.571483 0.621123 0.544270
0 0.617770 0.587007 0.155909 0.064776 0.539816 0.586048 0.652137 0.554619 0.580050 0.619394 0.695725 0.597547
0 0.667225 0.636451 0.160939 0.047911 0.586756 0.628977 0.722548 0.612495 0.595977 0.659256 0.747695 0.660406
0 0.673512 0.692986 0.175189 0.045995 0.595977 0.669989 0.761106 0.678038 0.585918 0.696819 0.757754 0.715983
0 0.654233 0.751629 0.188600 0.074358 0.583403 0.714450 0.748533 0.735531 0.559933 0.752012 0.708298 0.788808
0 0.601425 0.814105 0.196982 0.074358 0.549874 0.776926 0.699916 0.804139 0.502934 0.824837 0.661358 0.851284
0 0.550293 0.884822 0.207041 0.079341 0.487008 0.845151 0.653814 0.869682 0.446773 0.876581 0.598491 0.924492