0 0.615430 0.038431 0.217903 0.035081 0.506478 0.028380 0.700824 0.020891 0.512367 0.055972 0.724382 0.044541
0 0.628386 0.071147 0.206125 0.037446 0.525324 0.061884 0.729093 0.052424 0.547703 0.089870 0.731449 0.081592
0 0.643698 0.106228 0.196702 0.035869 0.545347 0.097753 0.742049 0.088293 0.547703 0.124162 0.739694 0.121009
0 0.643698 0.147221 0.201413 0.035869 0.545347 0.133622 0.744405 0.129287 0.542992 0.163579 0.739694 0.165156
0 0.626620 0.194521 0.209658 0.044541 0.540636 0.172251 0.731449 0.178952 0.521790 0.208120 0.716137 0.216791
0 0.596584 0.244974 0.215548 0.056366 0.512367 0.216791 0.704358 0.228616 0.488810 0.259361 0.665489 0.273157
0 0.548881 0.298581 0.207303 0.055577 0.484099 0.270792 0.652532 0.281829 0.445230 0.309026 0.614841 0.326370
0 0.509423 0.347655 0.203769 0.051242 0.438163 0.322034 0.611307 0.335830 0.407538 0.364604 0.591284 0.373276
0 0.493522 0.402444 0.209658 0.048088 0.401649 0.378400 0.578327 0.381159 0.388693 0.426488 0.598351 0.421364
0 0.519435 0.458415 0.230860 0.059125 0.404005 0.441072 0.595995 0.428853 0.419317 0.487978 0.634865 0.472605
0 0.570671 0.514978 0.276796 0.065826 0.432273 0.502562 0.647821 0.482065 0.478210 0.547891 0.709069 0.527395
0 0.644876 0.576665 0.302709 0.069373 0.493522 0.563264 0.731449 0.541979 0.527680 0.611352 0.796231 0.590067
0 0.693757 0.637958 0.292108 0.054789 0.547703 0.621600 0.809187 0.610564 0.563015 0.665353 0.839812 0.661805
0 0.692580 0.713638 0.294464 0.065826 0.552415 0.680725 0.839812 0.695309 0.545347 0.721719 0.805654 0.746551
0 0.626031 0.776902 0.335689 0.088293 0.525324 0.732755 0.793875 0.768624 0.458186 0.778084 0.726737 0.821048
0 0.521201 0.845487 0.340400 0.098542 0.445230 0.796216 0.691402 0.838786 0.351001 0.845093 0.621908 0.894758
0 0.404594 0.909933 0.425206 0.085534 0.283863 0.867166 0.617197 0.906583 0.191991 0.924714 0.547703 0.952700