0 0.457912 0.094369 0.181818 0.026609 0.367003 0.082302 0.548822 0.081064 0.378788 0.107673 0.543771 0.105817
0 0.468013 0.137067 0.171717 0.032797 0.382155 0.120668 0.553872 0.124381 0.382155 0.148515 0.550505 0.153465
0 0.470539 0.176980 0.176768 0.032178 0.382155 0.160891 0.558923 0.165842 0.385522 0.186881 0.547138 0.193069
0 0.456229 0.218441 0.168350 0.039604 0.378788 0.198639 0.540404 0.206064 0.372054 0.232673 0.520202 0.238243
0 0.424242 0.262686 0.168350 0.036510 0.353535 0.244431 0.508417 0.254332 0.340067 0.273515 0.498316 0.280941
0 0.396465 0.306931 0.190236 0.033416 0.311448 0.290223 0.491582 0.299505 0.301347 0.319307 0.468013 0.323639
0 0.374579 0.353960 0.170034 0.035891 0.289562 0.336015 0.459596 0.337252 0.296296 0.370668 0.446128 0.371906
0 0.368687 0.399443 0.161616 0.035272 0.287879 0.384282 0.449495 0.381807 0.291246 0.417079 0.449495 0.413366
0 0.386364 0.446782 0.186869 0.044554 0.292929 0.430693 0.454545 0.424505 0.308081 0.469059 0.479798 0.457921
0 0.413300 0.497834 0.190236 0.046411 0.318182 0.483911 0.486532 0.474629 0.343434 0.521040 0.508417 0.509282
0 0.467172 0.547030 0.200337 0.048267 0.368687 0.532797 0.523569 0.522896 0.367003 0.571163 0.567340 0.560644
0 0.478114 0.601795 0.228956 0.045173 0.363636 0.587871 0.575758 0.579208 0.377104 0.624381 0.592593 0.620668
0 0.481481 0.667698 0.212121 0.051980 0.375421 0.641708 0.587542 0.646040 0.383838 0.681312 0.587542 0.693688
0 0.465488 0.726485 0.240741 0.059406 0.360269 0.696782 0.585859 0.709777 0.345118 0.741337 0.569024 0.756188
0 0.422559 0.793317 0.249158 0.058168 0.326599 0.764233 0.547138 0.775990 0.297980 0.813738 0.528620 0.822401
0 0.392256 0.857054 0.239057 0.044554 0.282828 0.834777 0.511784 0.844678 0.272727 0.878713 0.510101 0.879332
0 0.382997 0.913366 0.240741 0.034653 0.262626 0.896658 0.503367 0.896040 0.279461 0.930693 0.494949 0.930693