0 0.503741 0.049602 0.152120 0.028117 0.427681 0.041910 0.577307 0.035544 0.433915 0.063660 0.579800 0.062599
0 0.510598 0.090716 0.153367 0.029708 0.433915 0.075862 0.584788 0.075862 0.450125 0.105570 0.587282 0.102387
0 0.523691 0.134748 0.134663 0.038196 0.456359 0.115650 0.589776 0.115650 0.463840 0.150133 0.591022 0.153846
0 0.525561 0.181432 0.140898 0.037135 0.465087 0.162865 0.596010 0.167639 0.455112 0.197347 0.583541 0.200000
0 0.506234 0.229973 0.154613 0.039788 0.453865 0.210080 0.583541 0.218568 0.428928 0.239257 0.571072 0.249867
0 0.489401 0.276393 0.148379 0.041379 0.421446 0.255703 0.563591 0.264191 0.415212 0.287533 0.561097 0.297082
0 0.495012 0.320424 0.199501 0.043501 0.411471 0.298674 0.594763 0.314589 0.395262 0.333156 0.552369 0.342175
0 0.460100 0.374271 0.169576 0.038727 0.389027 0.354907 0.529925 0.357560 0.375312 0.388859 0.544888 0.393634
0 0.455112 0.421485 0.192020 0.032361 0.374065 0.405305 0.546135 0.407427 0.359102 0.437666 0.551122 0.435544
0 0.468204 0.475066 0.165835 0.042971 0.386534 0.456764 0.551122 0.453581 0.385287 0.496552 0.547382 0.485411
0 0.473192 0.526525 0.185786 0.046154 0.384040 0.514058 0.552369 0.503448 0.380299 0.549602 0.566085 0.540053
0 0.485037 0.583289 0.187032 0.042971 0.391521 0.568170 0.567332 0.561804 0.396509 0.604775 0.578554 0.600000
0 0.499377 0.649602 0.193267 0.047215 0.402743 0.629708 0.584788 0.625995 0.411471 0.673210 0.596010 0.671618
0 0.500623 0.717241 0.190773 0.040318 0.411471 0.697082 0.596010 0.697082 0.405237 0.736870 0.596010 0.737401
0 0.506858 0.780637 0.198254 0.041910 0.411471 0.759682 0.605985 0.760212 0.407731 0.801592 0.603491 0.801061
0 0.488778 0.851459 0.214464 0.045623 0.381546 0.828647 0.596010 0.832891 0.381546 0.867904 0.582294 0.874271
0 0.471322 0.912467 0.239401 0.038196 0.356608 0.893369 0.586035 0.897613 0.351621 0.921485 0.591022 0.931565