0 0.560393 0.060800 0.150749 0.040000 0.489700 0.040800 0.635768 0.046800 0.485019 0.071200 0.613296 0.080800
0 0.533240 0.104400 0.135768 0.047200 0.481273 0.080800 0.601124 0.094400 0.465356 0.113600 0.587079 0.128000
0 0.500468 0.149800 0.135768 0.048400 0.455056 0.125600 0.568352 0.143200 0.432584 0.154800 0.548689 0.174000
0 0.467228 0.192600 0.142322 0.046800 0.427903 0.169200 0.538390 0.186800 0.396067 0.196400 0.496255 0.216000
0 0.406835 0.231400 0.156367 0.052400 0.381086 0.205200 0.485019 0.226400 0.328652 0.234400 0.444757 0.257600
0 0.345506 0.273200 0.157303 0.053600 0.330524 0.246400 0.424157 0.267600 0.266854 0.276000 0.381086 0.300000
0 0.290730 0.312400 0.161985 0.054400 0.249064 0.285200 0.371723 0.307200 0.209738 0.322800 0.330524 0.339600
0 0.239232 0.364000 0.137640 0.052800 0.201311 0.337600 0.308052 0.348400 0.170412 0.377200 0.298689 0.390400
0 0.224719 0.417000 0.140449 0.044400 0.166667 0.394800 0.290262 0.399600 0.154494 0.439200 0.294944 0.438400
0 0.236891 0.477000 0.166667 0.054000 0.153558 0.456800 0.294007 0.450000 0.168539 0.504000 0.320225 0.490400
0 0.277154 0.533600 0.174157 0.064000 0.190075 0.519200 0.325843 0.501600 0.225655 0.565600 0.364232 0.540000
0 0.348783 0.591200 0.197566 0.079200 0.250000 0.582800 0.382959 0.551600 0.307116 0.630800 0.447566 0.592000
0 0.431180 0.638200 0.201311 0.070000 0.330524 0.644000 0.484082 0.603200 0.397004 0.673200 0.531835 0.643600
0 0.539326 0.700000 0.204120 0.078400 0.437266 0.693600 0.586142 0.660800 0.485955 0.739200 0.641386 0.698400
0 0.625468 0.765200 0.234082 0.076000 0.508427 0.756800 0.687266 0.727200 0.547753 0.803200 0.742509 0.778000
0 0.672285 0.834400 0.237828 0.072000 0.553371 0.818000 0.754682 0.798400 0.577715 0.870400 0.791198 0.858400
0 0.693820 0.902400 0.222846 0.041600 0.587079 0.887600 0.791198 0.881600 0.582397 0.923200 0.805243 0.923200