0 0.432519 0.040163 0.176408 0.030498 0.344315 0.032646 0.495218 0.024914 0.359192 0.055412 0.520723 0.052835
0 0.443146 0.078823 0.172157 0.034794 0.357067 0.064003 0.518597 0.061426 0.376196 0.096220 0.529224 0.090206
0 0.464931 0.120919 0.162593 0.042526 0.383634 0.108247 0.533475 0.099656 0.398512 0.142182 0.546227 0.138746
0 0.484060 0.164734 0.158342 0.039948 0.404888 0.150773 0.550478 0.144759 0.411265 0.184708 0.563231 0.182990
0 0.476621 0.214132 0.173220 0.043385 0.407014 0.192440 0.561105 0.194158 0.390011 0.230670 0.563231 0.235825
0 0.482465 0.263101 0.157279 0.045103 0.407014 0.240550 0.561105 0.242698 0.403826 0.279210 0.561105 0.285653
0 0.470776 0.313789 0.178533 0.052835 0.403826 0.287371 0.560043 0.299399 0.381509 0.325601 0.545165 0.340206
0 0.444208 0.363832 0.191286 0.054124 0.374070 0.336770 0.539851 0.350086 0.348565 0.374570 0.521785 0.390893
0 0.420829 0.413445 0.191286 0.054553 0.342189 0.386168 0.516472 0.401632 0.325186 0.423540 0.487779 0.440722
0 0.390542 0.465636 0.198725 0.060137 0.316684 0.435567 0.489904 0.451460 0.291180 0.473797 0.468650 0.495704
0 0.363443 0.516538 0.201913 0.049399 0.281615 0.491838 0.464400 0.502577 0.262487 0.530498 0.455898 0.541237
0 0.350159 0.574957 0.224230 0.057131 0.241233 0.546392 0.451647 0.546392 0.238045 0.603522 0.462274 0.600945
0 0.382040 0.645404 0.287991 0.078608 0.238045 0.631873 0.465462 0.606100 0.263549 0.684708 0.526036 0.645619
0 0.425080 0.711125 0.293305 0.088058 0.278427 0.703608 0.513284 0.667096 0.320935 0.755155 0.571732 0.716924
0 0.482465 0.782861 0.291180 0.086340 0.336876 0.779639 0.584485 0.739691 0.378321 0.826031 0.628055 0.797680
0 0.535600 0.855026 0.286929 0.085481 0.392136 0.852663 0.639745 0.812285 0.427205 0.897766 0.679065 0.870275
0 0.589798 0.918385 0.320935 0.067010 0.429330 0.920103 0.704570 0.884880 0.448459 0.951890 0.750266 0.921392