0 0.482436 0.067299 0.168618 0.029336 0.398126 0.052632 0.566745 0.053494 0.398126 0.081967 0.559719 0.080242
0 0.482436 0.100518 0.163934 0.023296 0.400468 0.088870 0.564403 0.089733 0.400468 0.111303 0.562061 0.112166
0 0.485948 0.139344 0.161592 0.033650 0.405152 0.122519 0.562061 0.122519 0.412178 0.156169 0.566745 0.155306
0 0.489461 0.185073 0.163934 0.038827 0.414520 0.165660 0.571429 0.165660 0.407494 0.204487 0.562061 0.199310
0 0.482436 0.237705 0.163934 0.038827 0.407494 0.218292 0.564403 0.218292 0.400468 0.257118 0.562061 0.257118
0 0.480094 0.288611 0.154567 0.033650 0.414520 0.271786 0.552693 0.271786 0.402810 0.305436 0.557377 0.302847
0 0.482436 0.336066 0.154567 0.038827 0.419204 0.320104 0.548009 0.316652 0.405152 0.355479 0.559719 0.351165
0 0.489461 0.383520 0.159251 0.038827 0.409836 0.365833 0.559719 0.364107 0.409836 0.402934 0.569087 0.402934
0 0.488290 0.436583 0.170960 0.039689 0.405152 0.421053 0.573770 0.416739 0.402810 0.455565 0.571429 0.456428
0 0.487119 0.491803 0.182670 0.043141 0.402810 0.470233 0.578454 0.475410 0.395785 0.510785 0.578454 0.513374
0 0.477752 0.551337 0.192037 0.041415 0.395785 0.530630 0.573770 0.532355 0.381733 0.570319 0.564403 0.572045
0 0.456674 0.609577 0.182670 0.038827 0.370023 0.590164 0.548009 0.591027 0.365340 0.624676 0.548009 0.628991
0 0.446136 0.665229 0.175644 0.037964 0.360656 0.646247 0.533958 0.647110 0.358314 0.683348 0.512881 0.684211
0 0.433255 0.722174 0.177986 0.043141 0.344262 0.704918 0.522248 0.700604 0.348946 0.742019 0.512881 0.743745
0 0.439110 0.790336 0.189696 0.053494 0.346604 0.767903 0.512881 0.763589 0.344262 0.817084 0.533958 0.805004
0 0.467213 0.861087 0.227166 0.065574 0.353630 0.840380 0.538642 0.828300 0.367682 0.893874 0.580796 0.884383
0 0.490632 0.930975 0.241218 0.050043 0.370023 0.912856 0.611241 0.905953 0.372365 0.955997 0.606557 0.954271