0 0.482587 0.039773 0.139303 0.020768 0.412935 0.029389 0.552239 0.029389 0.419901 0.049373 0.552239 0.050157
0 0.484577 0.073080 0.131343 0.025470 0.418905 0.060345 0.548259 0.062304 0.426866 0.085031 0.550249 0.085815
0 0.485572 0.114224 0.125373 0.033307 0.422886 0.097571 0.548259 0.098746 0.426866 0.128135 0.544279 0.130878
0 0.485075 0.159091 0.124378 0.039185 0.429851 0.139498 0.547264 0.141066 0.422886 0.171238 0.525373 0.178683
0 0.464179 0.200627 0.132338 0.034483 0.417910 0.183386 0.530348 0.188480 0.398010 0.208856 0.520398 0.217868
0 0.449254 0.250392 0.130348 0.063480 0.390050 0.218652 0.514428 0.231191 0.384080 0.276254 0.492537 0.282132
0 0.410945 0.312304 0.153234 0.043887 0.358209 0.290361 0.487562 0.294671 0.334328 0.331897 0.471642 0.334248
0 0.404478 0.365400 0.142289 0.040361 0.333333 0.345611 0.466667 0.345219 0.338308 0.385580 0.475622 0.383621
0 0.415423 0.419279 0.148259 0.050157 0.341294 0.398903 0.475622 0.394201 0.355224 0.444357 0.489552 0.432994
0 0.467662 0.475509 0.193035 0.061520 0.371144 0.458464 0.497512 0.444749 0.411940 0.506270 0.564179 0.490204
0 0.518905 0.533111 0.178109 0.066223 0.429851 0.520376 0.577114 0.500000 0.462687 0.566223 0.607960 0.541928
0 0.581095 0.590321 0.212935 0.063871 0.474627 0.579937 0.635821 0.558386 0.505473 0.622257 0.687562 0.613245
0 0.600000 0.660658 0.189055 0.053292 0.525373 0.635972 0.694527 0.634013 0.505473 0.682602 0.694527 0.687304
0 0.597015 0.723746 0.200995 0.057994 0.513433 0.694749 0.697512 0.704545 0.496517 0.735110 0.661692 0.752743
0 0.532338 0.782132 0.210945 0.065831 0.473632 0.749216 0.637811 0.779389 0.426866 0.792712 0.595025 0.815047
0 0.466169 0.840909 0.231841 0.068966 0.405970 0.806426 0.582090 0.828762 0.350249 0.855408 0.530348 0.875392
0 0.404975 0.908895 0.242786 0.058386 0.317413 0.879702 0.526368 0.892241 0.283582 0.930643 0.502488 0.938088