0 0.609436 0.037867 0.233290 0.024187 0.492792 0.025773 0.726081 0.027756 0.498034 0.047581 0.719528 0.049960
0 0.604849 0.078113 0.213630 0.038858 0.503277 0.058684 0.711664 0.068200 0.498034 0.087232 0.694626 0.097542
0 0.585845 0.118160 0.193971 0.032514 0.503277 0.101903 0.682831 0.109437 0.488860 0.132831 0.674967 0.134417
0 0.580603 0.164948 0.228047 0.042030 0.486239 0.143933 0.682831 0.149881 0.466579 0.175654 0.694626 0.185964
0 0.573394 0.206780 0.258191 0.046392 0.461337 0.183584 0.702490 0.193101 0.444299 0.220460 0.657929 0.229976
0 0.547837 0.257137 0.225426 0.044013 0.446920 0.235131 0.660550 0.242268 0.435125 0.271213 0.643512 0.279144
0 0.528178 0.305313 0.225426 0.040444 0.429882 0.285091 0.636959 0.287867 0.415465 0.325535 0.640891 0.323949
0 0.532110 0.354877 0.233290 0.046788 0.415465 0.338620 0.646134 0.331483 0.420708 0.378271 0.648755 0.373910
0 0.549148 0.409397 0.238532 0.054322 0.429882 0.394528 0.651376 0.382236 0.454784 0.436558 0.668414 0.421094
0 0.595020 0.461142 0.267366 0.062649 0.461337 0.446868 0.680210 0.429818 0.509830 0.492466 0.728702 0.472641
0 0.655963 0.514076 0.271298 0.065424 0.520315 0.501983 0.736566 0.481364 0.537353 0.546788 0.791612 0.528945
0 0.695937 0.576130 0.288336 0.048374 0.551769 0.557891 0.816514 0.551943 0.554391 0.600317 0.840105 0.593180
0 0.687418 0.639770 0.310616 0.055115 0.549148 0.612213 0.842726 0.625297 0.532110 0.656225 0.836173 0.667328
0 0.650066 0.706582 0.332896 0.078509 0.529489 0.667328 0.816514 0.699445 0.483617 0.709754 0.757536 0.745837
0 0.550459 0.765067 0.338139 0.083664 0.458716 0.723236 0.719528 0.764869 0.381389 0.764869 0.651376 0.806899
0 0.443644 0.830690 0.342071 0.081681 0.325033 0.789849 0.614679 0.819984 0.272608 0.836241 0.558322 0.871531
0 0.376802 0.902855 0.384010 0.072958 0.235911 0.866376 0.568807 0.886201 0.184797 0.914354 0.524246 0.939334