0 0.456401 0.106282 0.133581 0.024496 0.389610 0.094034 0.523191 0.096405 0.403525 0.118530 0.521336 0.114579
0 0.467996 0.137693 0.110390 0.021731 0.414657 0.128803 0.518553 0.126827 0.412801 0.148558 0.523191 0.147373
0 0.472634 0.175622 0.101113 0.032003 0.422078 0.159621 0.523191 0.159621 0.425788 0.188463 0.518553 0.191624
0 0.450371 0.220861 0.114100 0.041090 0.405380 0.200316 0.507421 0.205452 0.393321 0.234295 0.495362 0.241407
0 0.443878 0.269261 0.115955 0.045437 0.391466 0.246543 0.501855 0.256025 0.385900 0.280917 0.477737 0.291979
0 0.424861 0.310352 0.131725 0.032003 0.377551 0.294350 0.490724 0.299486 0.358998 0.323588 0.478664 0.326353
0 0.415121 0.354208 0.123377 0.035954 0.366419 0.336231 0.476809 0.338206 0.353432 0.369419 0.466605 0.372185
0 0.413729 0.399447 0.131725 0.037139 0.358998 0.384038 0.465677 0.380877 0.347866 0.418017 0.479592 0.418017
0 0.423469 0.449230 0.136364 0.040300 0.355288 0.433030 0.475881 0.429079 0.361781 0.469380 0.491651 0.463848
0 0.448980 0.499210 0.148423 0.042276 0.374768 0.485184 0.489796 0.478072 0.383117 0.520348 0.523191 0.513236
0 0.473098 0.553141 0.155844 0.044251 0.395176 0.538917 0.530612 0.531015 0.405380 0.575267 0.551020 0.572106
0 0.470315 0.615962 0.153989 0.041881 0.407236 0.595022 0.547310 0.596997 0.393321 0.627420 0.542672 0.636902
0 0.457792 0.672066 0.164193 0.051363 0.408163 0.646385 0.539889 0.660213 0.375696 0.681154 0.493506 0.697748
0 0.423006 0.727776 0.185529 0.059265 0.374768 0.698143 0.515770 0.722244 0.330241 0.732517 0.476809 0.757408
0 0.375232 0.788819 0.192022 0.063611 0.307050 0.757013 0.471243 0.775978 0.279221 0.800079 0.433210 0.820624
0 0.322356 0.857961 0.188312 0.064401 0.256957 0.825761 0.416512 0.836823 0.228200 0.876729 0.397032 0.890162
0 0.455473 0.067760 0.159555 0.025682 0.375696 0.054919 0.535250 0.055709 0.391466 0.080601 0.520408 0.079810