0 0.560886 0.055411 0.182042 0.033819 0.469865 0.055671 0.639606 0.038502 0.494465 0.072320 0.651906 0.062435
0 0.573186 0.093913 0.132841 0.028616 0.506765 0.082206 0.639606 0.079605 0.522755 0.108221 0.634686 0.097815
0 0.583641 0.138397 0.121771 0.036420 0.522755 0.124350 0.644526 0.120187 0.522755 0.156608 0.627306 0.156608
0 0.563961 0.186004 0.111931 0.028616 0.514145 0.171696 0.619926 0.176899 0.507995 0.194589 0.602706 0.200312
0 0.548585 0.235692 0.125461 0.041623 0.507995 0.214880 0.611316 0.216962 0.485855 0.241935 0.591636 0.256504
0 0.508610 0.274714 0.131611 0.042664 0.452645 0.253382 0.574416 0.268991 0.442804 0.283559 0.549815 0.296046
0 0.477245 0.319459 0.142681 0.040583 0.423124 0.299168 0.548585 0.313736 0.405904 0.320499 0.531365 0.339750
0 0.439729 0.361342 0.136531 0.042144 0.400984 0.340271 0.507995 0.349115 0.371464 0.369407 0.507995 0.382414
0 0.424354 0.411290 0.150062 0.036941 0.377614 0.392820 0.499385 0.393861 0.349323 0.425078 0.478475 0.429761
0 0.413284 0.461759 0.159902 0.039022 0.355474 0.442248 0.482165 0.442248 0.333333 0.479709 0.493235 0.481270
0 0.427429 0.513788 0.153752 0.043184 0.355474 0.496358 0.496925 0.492196 0.350554 0.535380 0.504305 0.528616
0 0.451415 0.573881 0.159902 0.046826 0.371464 0.555151 0.503075 0.550468 0.380074 0.597295 0.531365 0.588970
0 0.484625 0.637877 0.172202 0.049948 0.398524 0.622789 0.557196 0.612903 0.421894 0.662851 0.570726 0.650885
0 0.527060 0.699532 0.178352 0.045265 0.437884 0.692508 0.610086 0.676899 0.464945 0.722164 0.616236 0.708117
0 0.571956 0.764568 0.182042 0.040062 0.480935 0.757024 0.650676 0.744537 0.494465 0.784599 0.662977 0.776795
0 0.589176 0.830905 0.204182 0.036420 0.487085 0.814776 0.682657 0.812695 0.492005 0.849115 0.691267 0.849115
0 0.573186 0.899063 0.209102 0.045786 0.473555 0.876171 0.677737 0.881374 0.468635 0.917274 0.675277 0.921956