0 0.480892 0.057983 0.142857 0.022689 0.409463 0.048319 0.552320 0.046639 0.423112 0.069328 0.545041 0.068487
0 0.494086 0.092017 0.131028 0.032773 0.428571 0.079412 0.540491 0.075630 0.443130 0.108403 0.559600 0.100420
0 0.507734 0.127941 0.116470 0.036555 0.449500 0.116387 0.555050 0.109664 0.467698 0.146218 0.565969 0.135714
0 0.537307 0.170798 0.122839 0.049160 0.476797 0.154622 0.572338 0.146218 0.475887 0.195378 0.598726 0.188235
0 0.539581 0.227311 0.118289 0.039496 0.480437 0.212605 0.595086 0.207563 0.485896 0.247059 0.598726 0.238235
0 0.558235 0.275840 0.141037 0.039916 0.487716 0.259664 0.605096 0.255882 0.507734 0.295798 0.628753 0.289076
0 0.573703 0.321639 0.124659 0.043277 0.511374 0.306723 0.636033 0.300000 0.515014 0.343277 0.627843 0.339496
0 0.571884 0.373529 0.139217 0.043697 0.511374 0.353361 0.641492 0.351681 0.502275 0.391176 0.633303 0.395378
0 0.555505 0.429202 0.153776 0.044958 0.498635 0.406723 0.632393 0.407563 0.478617 0.442857 0.623294 0.451681
0 0.540036 0.483824 0.166515 0.055882 0.477707 0.455882 0.623294 0.467647 0.456779 0.500000 0.604186 0.511765
0 0.505459 0.540756 0.184713 0.053782 0.448590 0.513866 0.597816 0.524790 0.413103 0.557143 0.581438 0.567647
0 0.494540 0.602731 0.164695 0.056723 0.420382 0.574370 0.576888 0.586555 0.412193 0.623529 0.557780 0.631092
0 0.475432 0.668067 0.151956 0.046218 0.401274 0.644958 0.551410 0.649160 0.399454 0.688655 0.536852 0.691176
0 0.460419 0.734664 0.156506 0.049160 0.387625 0.710084 0.538671 0.710924 0.382166 0.759244 0.531392 0.755462
0 0.464513 0.793067 0.161056 0.048319 0.387625 0.776891 0.542311 0.768908 0.383985 0.817227 0.545041 0.809664
0 0.466788 0.857773 0.176524 0.052521 0.378526 0.837395 0.542311 0.831513 0.397634 0.880672 0.555050 0.884034
0 0.470883 0.930042 0.204732 0.054202 0.375796 0.902941 0.570519 0.902941 0.368517 0.953781 0.573248 0.957143