0 0.510279 0.041899 0.224670 0.039106 0.397944 0.033520 0.596182 0.022346 0.406755 0.061453 0.622614 0.048248
0 0.522026 0.078974 0.201175 0.039106 0.421439 0.072626 0.622614 0.059421 0.441997 0.098527 0.618209 0.090909
0 0.525698 0.126968 0.179148 0.042661 0.444934 0.108685 0.612335 0.105637 0.436123 0.144744 0.615272 0.148299
0 0.514684 0.176232 0.204112 0.051803 0.431718 0.150330 0.616740 0.156932 0.412629 0.190452 0.599119 0.202133
0 0.491189 0.223718 0.212922 0.053327 0.411160 0.197054 0.597651 0.207720 0.384728 0.232605 0.565345 0.250381
0 0.458150 0.270950 0.214391 0.049264 0.383260 0.246318 0.565345 0.261554 0.350954 0.278314 0.546256 0.295582
0 0.424376 0.319959 0.205580 0.041646 0.337739 0.299137 0.527166 0.305739 0.321586 0.329101 0.522761 0.340782
0 0.412629 0.365668 0.196769 0.034535 0.325991 0.348400 0.511013 0.351447 0.314244 0.381412 0.503671 0.382935
0 0.421439 0.414678 0.208517 0.039106 0.317181 0.399695 0.511013 0.395124 0.317181 0.434231 0.525698 0.429152
0 0.439794 0.467750 0.233480 0.044693 0.330396 0.452514 0.527166 0.445404 0.323054 0.490097 0.556535 0.478923
0 0.463289 0.524378 0.251101 0.050279 0.337739 0.508380 0.549192 0.499238 0.346549 0.549518 0.588840 0.540376
0 0.480910 0.590147 0.259912 0.048756 0.350954 0.570848 0.603524 0.565769 0.352423 0.614525 0.610866 0.606907
0 0.491924 0.654647 0.270191 0.044693 0.361233 0.634840 0.622614 0.632301 0.356828 0.675978 0.627019 0.676993
0 0.500734 0.725241 0.287812 0.047740 0.361233 0.703911 0.625551 0.701371 0.356828 0.747588 0.644640 0.749111
0 0.511013 0.796343 0.299559 0.041646 0.361233 0.775521 0.649046 0.777552 0.361233 0.815135 0.660793 0.817166
0 0.502937 0.868969 0.321586 0.042661 0.342144 0.847638 0.660793 0.847638 0.349486 0.890300 0.663730 0.890300
0 0.510279 0.929152 0.374449 0.053327 0.336270 0.903504 0.678414 0.902489 0.323054 0.949721 0.697504 0.955815