0 0.380397 0.037375 0.210035 0.031291 0.275379 0.028683 0.477246 0.021730 0.287048 0.053020 0.485414 0.048674
0 0.393232 0.073664 0.184364 0.032595 0.301050 0.062581 0.480747 0.057366 0.317386 0.089961 0.485414 0.083877
0 0.418903 0.123642 0.184364 0.051717 0.326721 0.108214 0.494749 0.097784 0.345391 0.149500 0.511085 0.143416
0 0.437573 0.168405 0.184364 0.041286 0.345391 0.152108 0.515753 0.147762 0.353559 0.189048 0.529755 0.188179
0 0.441074 0.217514 0.177363 0.044763 0.355893 0.195133 0.529755 0.196871 0.352392 0.234246 0.515753 0.239896
0 0.428821 0.268144 0.180863 0.052151 0.355893 0.242069 0.519253 0.248588 0.338390 0.285528 0.514586 0.294220
0 0.413652 0.321382 0.208868 0.055193 0.337223 0.293785 0.518086 0.305085 0.309218 0.333333 0.491249 0.348979
0 0.371062 0.372229 0.221704 0.058670 0.299883 0.342894 0.481914 0.358540 0.260210 0.385050 0.463244 0.401565
0 0.340723 0.424598 0.226371 0.054759 0.247375 0.397219 0.453909 0.410691 0.227538 0.438940 0.423571 0.451977
0 0.309802 0.471969 0.225204 0.054759 0.226371 0.444589 0.422404 0.459800 0.197200 0.485007 0.388565 0.499348
0 0.270128 0.527814 0.222870 0.055193 0.184364 0.500217 0.381564 0.508040 0.158693 0.549761 0.366394 0.555411
0 0.253209 0.588657 0.224037 0.051717 0.149358 0.563668 0.365228 0.562799 0.141190 0.614515 0.365228 0.612342
0 0.268961 0.660148 0.264877 0.079096 0.136523 0.641026 0.361727 0.620600 0.178530 0.699696 0.401400 0.675359
0 0.338973 0.726858 0.283547 0.089092 0.197200 0.716210 0.409568 0.682312 0.260210 0.771404 0.480747 0.739678
0 0.420653 0.793785 0.297550 0.084746 0.271879 0.790526 0.519253 0.751412 0.327888 0.836158 0.569428 0.802260
0 0.492999 0.867014 0.295216 0.084311 0.345391 0.855280 0.599767 0.824859 0.395566 0.909170 0.640607 0.887875
0 0.550758 0.934811 0.303384 0.054759 0.399067 0.932638 0.660443 0.907432 0.401400 0.962190 0.702450 0.943068