0 0.508224 0.057634 0.161184 0.023664 0.427632 0.045802 0.588816 0.045802 0.434211 0.069466 0.581140 0.069466
0 0.510965 0.090076 0.153509 0.022901 0.434211 0.081298 0.587719 0.078626 0.448465 0.101527 0.583333 0.101527
0 0.517544 0.128626 0.142544 0.032061 0.450658 0.112977 0.588816 0.112595 0.446272 0.142748 0.588816 0.144656
0 0.502193 0.171565 0.175439 0.040840 0.442982 0.151145 0.589912 0.157252 0.414474 0.190076 0.585526 0.191985
0 0.467105 0.229198 0.184211 0.051527 0.415570 0.203435 0.559211 0.212977 0.375000 0.248092 0.540570 0.254962
0 0.444079 0.282824 0.157895 0.044275 0.368421 0.260687 0.523026 0.267557 0.365132 0.301145 0.507675 0.304962
0 0.435855 0.334924 0.150219 0.040076 0.360746 0.314885 0.507675 0.315267 0.360746 0.354962 0.510965 0.352672
0 0.452303 0.388740 0.169956 0.050763 0.367325 0.366031 0.520833 0.363359 0.381579 0.414122 0.537281 0.402672
0 0.479715 0.444466 0.183114 0.056870 0.388158 0.427099 0.544956 0.416031 0.410088 0.472901 0.571272 0.459924
0 0.533991 0.501145 0.201754 0.062595 0.433114 0.486641 0.592105 0.469847 0.453947 0.532443 0.634868 0.519847
0 0.566338 0.565649 0.202851 0.054198 0.464912 0.548473 0.651316 0.538550 0.469298 0.592748 0.667763 0.586641
0 0.580044 0.627099 0.208333 0.048092 0.478070 0.606107 0.684211 0.603053 0.475877 0.641985 0.682018 0.651145
0 0.556469 0.680534 0.235746 0.049618 0.474781 0.655725 0.674342 0.671374 0.438596 0.687786 0.631579 0.705343
0 0.496162 0.736450 0.248904 0.059160 0.418860 0.706870 0.620614 0.725954 0.371711 0.743893 0.543860 0.766031
0 0.409539 0.791221 0.268640 0.061069 0.343202 0.760687 0.543860 0.779008 0.275219 0.800763 0.490132 0.821756
0 0.354167 0.852863 0.267544 0.056107 0.251096 0.824809 0.487939 0.839313 0.220395 0.880916 0.482456 0.880916
0 0.350329 0.915649 0.279605 0.044275 0.214912 0.893511 0.490132 0.895038 0.210526 0.932061 0.478070 0.937786