0 0.605298 0.041435 0.227815 0.021808 0.491391 0.030928 0.719205 0.030531 0.500662 0.050357 0.699338 0.052339
0 0.603974 0.070381 0.196026 0.028152 0.508609 0.057891 0.701987 0.056305 0.505960 0.084457 0.688742 0.084457
0 0.601987 0.106067 0.176159 0.028945 0.517881 0.093577 0.690066 0.091594 0.513907 0.120539 0.688742 0.119746
0 0.606623 0.147700 0.177483 0.033703 0.517881 0.130849 0.695364 0.131245 0.521854 0.162569 0.690066 0.164552
0 0.595364 0.198057 0.205298 0.052736 0.527152 0.171689 0.698013 0.176844 0.492715 0.211340 0.676821 0.224425
0 0.552980 0.247026 0.231788 0.065821 0.488742 0.214116 0.668874 0.228390 0.437086 0.255749 0.630464 0.279937
0 0.487417 0.294211 0.256954 0.057891 0.415894 0.265266 0.615894 0.288263 0.358940 0.302538 0.569536 0.323156
0 0.429801 0.342189 0.252980 0.052339 0.352318 0.316019 0.556291 0.330690 0.303311 0.354481 0.513907 0.368358
0 0.402649 0.391554 0.233113 0.042427 0.296689 0.370341 0.519205 0.375892 0.286093 0.412768 0.508609 0.411578
0 0.402649 0.446273 0.249007 0.051943 0.278146 0.428232 0.512583 0.420301 0.299338 0.472244 0.527152 0.459556
0 0.462914 0.499603 0.274172 0.063442 0.325828 0.490880 0.549669 0.467883 0.337748 0.531324 0.600000 0.510706
0 0.516556 0.558684 0.312583 0.063442 0.360265 0.551546 0.619868 0.526963 0.377483 0.590404 0.672848 0.570579
0 0.566225 0.621332 0.329801 0.057891 0.401325 0.609437 0.695364 0.592387 0.429139 0.650278 0.731126 0.634814
0 0.590728 0.684774 0.301987 0.051546 0.439735 0.665742 0.732450 0.659001 0.441060 0.710547 0.741722 0.707772
0 0.587417 0.755551 0.335099 0.056701 0.449007 0.727201 0.754967 0.734734 0.419868 0.773592 0.753642 0.783902
0 0.555629 0.829500 0.356291 0.066614 0.410596 0.796193 0.733775 0.809278 0.377483 0.844171 0.711258 0.862807
0 0.503973 0.905234 0.422517 0.074544 0.350993 0.867962 0.715232 0.886201 0.292715 0.923473 0.701987 0.942506