0 0.580311 0.034406 0.220207 0.033065 0.475389 0.017873 0.690414 0.026810 0.470207 0.042002 0.664508 0.050938
0 0.567358 0.073503 0.207254 0.038874 0.466321 0.054066 0.670984 0.058534 0.463731 0.081323 0.651554 0.092940
0 0.543394 0.120420 0.208549 0.054960 0.463731 0.092940 0.647668 0.108579 0.439119 0.130920 0.621762 0.147900
0 0.501943 0.171135 0.198187 0.060769 0.439119 0.140751 0.601036 0.156390 0.402850 0.176944 0.564767 0.201519
0 0.442358 0.220956 0.208549 0.062109 0.388601 0.189902 0.546632 0.210903 0.338083 0.228776 0.501295 0.252011
0 0.354922 0.271001 0.243523 0.064790 0.317358 0.238606 0.476684 0.260500 0.233161 0.277480 0.408031 0.303396
0 0.288860 0.320599 0.222798 0.058534 0.216321 0.291332 0.400259 0.309651 0.177461 0.337355 0.383420 0.349866
0 0.283031 0.382261 0.224093 0.053172 0.174870 0.355675 0.379534 0.355675 0.170984 0.408847 0.395078 0.395889
0 0.319301 0.440349 0.275907 0.072833 0.181347 0.423593 0.402850 0.403932 0.224093 0.476765 0.457254 0.452636
0 0.395725 0.488606 0.268135 0.086238 0.261658 0.492851 0.441710 0.445487 0.361399 0.531725 0.529793 0.472744
0 0.521373 0.525693 0.294041 0.088919 0.374352 0.538427 0.558290 0.481233 0.476684 0.570152 0.668394 0.516086
0 0.654145 0.573280 0.313471 0.084897 0.497409 0.578642 0.715026 0.530831 0.588083 0.615728 0.810881 0.582663
0 0.749352 0.635389 0.314767 0.071492 0.591969 0.627346 0.847150 0.599643 0.636010 0.671135 0.906736 0.655943
0 0.779793 0.716711 0.290155 0.065237 0.643782 0.684093 0.924870 0.686327 0.634715 0.730116 0.906736 0.749330
0 0.709845 0.791332 0.344560 0.096515 0.604922 0.743074 0.882124 0.780608 0.537565 0.793566 0.805699 0.839589
0 0.560881 0.861037 0.373057 0.108132 0.484456 0.806971 0.747409 0.861930 0.374352 0.865505 0.659326 0.915103
0 0.431995 0.928954 0.382124 0.088472 0.331606 0.884718 0.623057 0.922699 0.240933 0.928061 0.551813 0.973190