0 0.510101 0.043768 0.153535 0.022186 0.433333 0.033481 0.586869 0.032674 0.434343 0.054457 0.581818 0.054861
0 0.509596 0.077652 0.146465 0.028641 0.436364 0.065349 0.581818 0.063332 0.441414 0.091973 0.582828 0.089956
0 0.514141 0.117386 0.145455 0.034691 0.442424 0.100040 0.586869 0.102461 0.441414 0.131101 0.582828 0.134732
0 0.505050 0.161759 0.151515 0.033885 0.439394 0.144816 0.580808 0.145623 0.429293 0.178298 0.577778 0.178701
0 0.492929 0.212989 0.151515 0.041952 0.432323 0.192013 0.568687 0.192820 0.417172 0.231142 0.552525 0.233965
0 0.484848 0.261396 0.127273 0.033078 0.425253 0.247681 0.546465 0.244857 0.421212 0.277935 0.548485 0.277935
0 0.494444 0.308592 0.132323 0.037112 0.430303 0.293263 0.554545 0.290036 0.428283 0.325938 0.560606 0.327148
0 0.497475 0.358814 0.140404 0.041549 0.432323 0.341267 0.554545 0.338040 0.427273 0.379589 0.567677 0.378378
0 0.497980 0.412666 0.155556 0.046793 0.431313 0.393304 0.562626 0.389270 0.420202 0.436063 0.575758 0.428399
0 0.517172 0.467931 0.161616 0.044373 0.436364 0.446148 0.573737 0.445744 0.444444 0.490117 0.597980 0.485680
0 0.535354 0.521581 0.171717 0.047600 0.449495 0.505042 0.606061 0.497781 0.462626 0.545381 0.621212 0.540137
0 0.557071 0.583905 0.162626 0.052037 0.475758 0.563130 0.627273 0.557886 0.497980 0.609923 0.638384 0.607503
0 0.570202 0.646833 0.154545 0.046390 0.492929 0.624042 0.643434 0.623639 0.500000 0.670028 0.647475 0.665994
0 0.584848 0.708350 0.200000 0.051634 0.502020 0.682533 0.684848 0.689794 0.484848 0.728923 0.665657 0.734167
0 0.546970 0.775716 0.207071 0.069383 0.469697 0.741025 0.650505 0.758774 0.443434 0.788221 0.639394 0.810407
0 0.484343 0.842678 0.239394 0.076644 0.411111 0.804357 0.604040 0.828157 0.364646 0.853167 0.573737 0.881000
0 0.437879 0.913271 0.229293 0.068576 0.354545 0.878983 0.552525 0.903187 0.323232 0.929810 0.509091 0.947559