0 0.447458 0.050080 0.183051 0.058604 0.371751 0.020778 0.538983 0.043154 0.355932 0.055408 0.509605 0.079382
0 0.412429 0.094832 0.183051 0.064997 0.350282 0.062334 0.503955 0.087906 0.320904 0.094832 0.474576 0.127331
0 0.372881 0.139584 0.198870 0.069259 0.316384 0.104955 0.472316 0.134257 0.273446 0.140650 0.422599 0.174214
0 0.322034 0.181140 0.180791 0.067128 0.265537 0.147576 0.412429 0.179009 0.231638 0.181140 0.363842 0.214704
0 0.274011 0.223761 0.170621 0.068194 0.224859 0.189664 0.359322 0.221630 0.188701 0.228556 0.306215 0.257858
0 0.221469 0.270911 0.169492 0.064465 0.179661 0.238679 0.306215 0.261588 0.136723 0.275972 0.265537 0.303143
0 0.172881 0.316196 0.176271 0.061268 0.126554 0.285562 0.261017 0.310069 0.084746 0.329782 0.242938 0.346830
0 0.155367 0.370804 0.177401 0.050080 0.076836 0.345765 0.244068 0.351092 0.066667 0.395844 0.241808 0.391050
0 0.154802 0.430208 0.178531 0.066596 0.065537 0.411827 0.241808 0.396910 0.082486 0.463506 0.244068 0.432605
0 0.200000 0.481087 0.201130 0.082046 0.099435 0.479489 0.249718 0.440064 0.145763 0.522110 0.300565 0.477357
0 0.282486 0.529835 0.212429 0.090037 0.176271 0.543953 0.318644 0.484816 0.247458 0.574853 0.388701 0.515184
0 0.393220 0.572722 0.228249 0.099094 0.279096 0.587107 0.424859 0.523175 0.363842 0.622270 0.507345 0.557805
0 0.506215 0.622003 0.232768 0.097496 0.389830 0.630261 0.541243 0.573255 0.464407 0.670751 0.622599 0.613213
0 0.613559 0.678210 0.237288 0.092701 0.494915 0.681406 0.664407 0.631859 0.561582 0.724560 0.732203 0.687800
0 0.680226 0.748801 0.237288 0.088972 0.561582 0.733085 0.753672 0.704315 0.581921 0.793287 0.798870 0.772509
0 0.701695 0.832712 0.232768 0.066063 0.585311 0.810336 0.811299 0.799680 0.587571 0.865210 0.818079 0.865743
0 0.697740 0.911827 0.254237 0.069792 0.576271 0.884390 0.823729 0.876931 0.570621 0.944060 0.824859 0.946724