0 0.514815 0.040618 0.183069 0.021378 0.423280 0.029929 0.606349 0.031354 0.428571 0.051306 0.603175 0.049881
0 0.517989 0.073159 0.174603 0.024703 0.430688 0.062233 0.605291 0.060808 0.438095 0.083610 0.605291 0.085511
0 0.517989 0.110689 0.168254 0.033254 0.433862 0.097862 0.601058 0.094062 0.445503 0.127316 0.602116 0.127316
0 0.525397 0.155819 0.153439 0.042755 0.448677 0.134442 0.602116 0.135867 0.453968 0.177197 0.597884 0.177197
0 0.528571 0.211164 0.144974 0.054632 0.458201 0.183848 0.591534 0.185273 0.456085 0.237530 0.601058 0.238480
0 0.529101 0.259620 0.160847 0.035629 0.458201 0.241805 0.601058 0.243705 0.448677 0.277435 0.609524 0.276010
0 0.526984 0.305226 0.179894 0.037530 0.445503 0.286936 0.608466 0.286461 0.437037 0.322090 0.616931 0.323990
0 0.523280 0.354869 0.172487 0.043705 0.445503 0.333017 0.609524 0.333017 0.437037 0.372922 0.606349 0.376722
0 0.518519 0.405938 0.173545 0.041330 0.441270 0.385273 0.605291 0.385273 0.431746 0.423278 0.597884 0.426603
0 0.513228 0.456770 0.190476 0.043230 0.431746 0.435154 0.597884 0.437530 0.417989 0.470784 0.608466 0.478385
0 0.500529 0.515202 0.222222 0.048931 0.417989 0.490736 0.611640 0.498337 0.389418 0.532067 0.611640 0.539667
0 0.487302 0.573159 0.235979 0.047981 0.386243 0.549169 0.605291 0.555819 0.369312 0.590499 0.597884 0.597150
0 0.488360 0.640618 0.229630 0.054632 0.373545 0.613302 0.601058 0.615202 0.373545 0.659858 0.603175 0.667933
0 0.477778 0.705226 0.257143 0.047981 0.369312 0.681235 0.605291 0.682660 0.349206 0.728741 0.606349 0.729216
0 0.480423 0.778860 0.262434 0.050831 0.349206 0.753444 0.606349 0.753919 0.352381 0.798100 0.611640 0.804276
0 0.473545 0.850594 0.282540 0.051781 0.337566 0.827078 0.614815 0.824703 0.332275 0.873634 0.611640 0.876485
0 0.473545 0.920190 0.310053 0.062708 0.328042 0.895487 0.615873 0.888836 0.318519 0.950119 0.628571 0.951544