0 0.623509 0.047815 0.323680 0.030723 0.461670 0.035915 0.778535 0.032453 0.478705 0.063176 0.785349 0.062311
0 0.639693 0.091519 0.298126 0.037646 0.490630 0.073561 0.788756 0.072696 0.497445 0.105149 0.788756 0.110342
0 0.637138 0.136954 0.303237 0.048031 0.504259 0.112938 0.788756 0.118131 0.485520 0.142363 0.761499 0.160969
0 0.599659 0.178494 0.310051 0.054089 0.485520 0.151450 0.754685 0.167893 0.444634 0.184336 0.689949 0.205539
0 0.540034 0.223064 0.293015 0.059282 0.434412 0.193423 0.686542 0.212462 0.393526 0.230636 0.637138 0.252704
0 0.477854 0.265037 0.311755 0.054089 0.386712 0.237992 0.633731 0.257897 0.321976 0.274340 0.582623 0.292081
0 0.422487 0.318693 0.320273 0.044569 0.303237 0.296408 0.572402 0.304197 0.262351 0.334055 0.582623 0.340978
0 0.422487 0.370619 0.327087 0.048897 0.258944 0.347901 0.582623 0.346170 0.279387 0.395067 0.586031 0.384682
0 0.459966 0.422112 0.347530 0.054089 0.286201 0.411510 0.589438 0.395067 0.310051 0.449156 0.633731 0.430117
0 0.528109 0.469710 0.350937 0.063609 0.352641 0.463436 0.643952 0.437906 0.383305 0.501514 0.703578 0.474686
0 0.589438 0.522068 0.350937 0.058416 0.413969 0.519256 0.730835 0.492860 0.454855 0.551277 0.764906 0.532237
0 0.645656 0.579186 0.354344 0.044569 0.468484 0.569883 0.802385 0.556902 0.485520 0.601471 0.822828 0.601471
0 0.666951 0.647988 0.410562 0.051493 0.475298 0.622241 0.872232 0.630896 0.461670 0.663349 0.809199 0.673734
0 0.604770 0.714842 0.422487 0.066638 0.441227 0.681523 0.816014 0.703592 0.393526 0.724362 0.778535 0.748161
0 0.528961 0.787754 0.478705 0.070532 0.356048 0.752488 0.768313 0.777585 0.289608 0.797058 0.703578 0.823020
0 0.457411 0.862181 0.451448 0.061878 0.269165 0.831242 0.683135 0.843358 0.231687 0.881004 0.650767 0.893120
0 0.444634 0.930982 0.425894 0.044569 0.231687 0.913025 0.657581 0.908698 0.231687 0.953267 0.643952 0.952402