0 0.581689 0.067497 0.154605 0.028927 0.504386 0.053033 0.650219 0.054640 0.507675 0.074327 0.658991 0.081961
0 0.576754 0.102652 0.153509 0.039775 0.502193 0.082764 0.653509 0.093210 0.500000 0.109683 0.645833 0.122539
0 0.561952 0.144837 0.156798 0.044596 0.500000 0.122539 0.640351 0.136199 0.483553 0.145038 0.603070 0.167135
0 0.499452 0.185416 0.189693 0.050221 0.460526 0.160305 0.594298 0.181599 0.404605 0.177983 0.527412 0.210526
0 0.390351 0.221575 0.201754 0.059060 0.354167 0.192045 0.491228 0.227802 0.289474 0.212937 0.434211 0.251105
0 0.306469 0.252511 0.222588 0.059060 0.258772 0.222981 0.417763 0.260747 0.195175 0.257131 0.389254 0.282041
0 0.256031 0.291282 0.224781 0.043391 0.182018 0.269586 0.368421 0.290076 0.143640 0.302531 0.328947 0.312977
0 0.235197 0.340297 0.202851 0.044998 0.144737 0.317798 0.320175 0.324628 0.133772 0.362796 0.336623 0.353154
0 0.254386 0.385094 0.195175 0.047810 0.156798 0.369225 0.333333 0.361189 0.173246 0.409000 0.351974 0.394938
0 0.309759 0.441342 0.226974 0.063078 0.196272 0.430695 0.384868 0.409803 0.246711 0.472881 0.423246 0.443953
0 0.364583 0.476296 0.202851 0.043793 0.263158 0.478505 0.428728 0.454399 0.271930 0.498192 0.466009 0.473282
0 0.411184 0.522901 0.206140 0.052632 0.308114 0.517477 0.475877 0.496585 0.338816 0.549217 0.514254 0.523905
0 0.473136 0.578746 0.205044 0.039775 0.370614 0.578947 0.553728 0.558859 0.388158 0.598634 0.575658 0.575733
0 0.519189 0.635998 0.183114 0.037766 0.428728 0.631177 0.607456 0.617115 0.427632 0.654881 0.610746 0.643632
0 0.551535 0.724588 0.203947 0.085577 0.457237 0.691844 0.618421 0.681800 0.449561 0.767376 0.653509 0.759341
0 0.561404 0.815388 0.232456 0.059863 0.452851 0.786260 0.661184 0.785456 0.445175 0.845319 0.677632 0.843712
0 0.566338 0.891523 0.251096 0.050623 0.448465 0.866211 0.689693 0.867015 0.440789 0.916834 0.691886 0.915227