0 0.569536 0.055830 0.145695 0.042439 0.501419 0.034611 0.642384 0.042439 0.496689 0.061805 0.634816 0.077050
0 0.543046 0.096621 0.149480 0.049856 0.486282 0.071693 0.617786 0.090235 0.468307 0.098063 0.589404 0.121549
0 0.494324 0.135558 0.175024 0.056860 0.448439 0.107128 0.581835 0.135970 0.406812 0.128554 0.517502 0.163988
0 0.407285 0.168315 0.182592 0.063865 0.389782 0.136382 0.498581 0.176761 0.315989 0.159456 0.450331 0.200247
0 0.339167 0.201895 0.193945 0.065101 0.292337 0.169345 0.436140 0.212196 0.242195 0.210548 0.385998 0.234446
0 0.287606 0.245777 0.160833 0.046560 0.228004 0.222497 0.368023 0.248455 0.207190 0.259992 0.355724 0.269056
0 0.265374 0.291306 0.139073 0.037907 0.195837 0.272353 0.334910 0.278945 0.195837 0.310260 0.325449 0.309436
0 0.268212 0.340544 0.148534 0.044911 0.193945 0.325917 0.325449 0.318088 0.208136 0.363000 0.342479 0.353523
0 0.294702 0.394520 0.148534 0.044911 0.220435 0.386073 0.350047 0.372064 0.243141 0.416976 0.368969 0.395550
0 0.334437 0.432427 0.156102 0.049856 0.256386 0.426864 0.382214 0.407499 0.280984 0.457355 0.412488 0.430161
0 0.383160 0.482077 0.164617 0.057684 0.300851 0.479192 0.437086 0.453234 0.342479 0.510919 0.465468 0.483313
0 0.451750 0.538731 0.148534 0.035023 0.377483 0.544293 0.508988 0.521220 0.387890 0.556242 0.526017 0.534817
0 0.483917 0.598063 0.157994 0.040791 0.404920 0.597445 0.554399 0.577668 0.408704 0.618459 0.562914 0.602802
0 0.516083 0.665019 0.188269 0.028018 0.421949 0.660486 0.591296 0.651010 0.426679 0.679028 0.610218 0.672023
0 0.526963 0.741244 0.185430 0.028842 0.437086 0.726823 0.607379 0.728059 0.434248 0.755665 0.619678 0.753193
0 0.525544 0.822002 0.197729 0.020602 0.434248 0.813350 0.617786 0.811702 0.426679 0.832303 0.624409 0.829831
0 0.523652 0.896992 0.199622 0.021426 0.435194 0.886279 0.619678 0.887927 0.423841 0.907705 0.623463 0.907705