0 0.486284 0.051684 0.169576 0.025842 0.401496 0.046147 0.561097 0.038763 0.412718 0.064605 0.571072 0.063221
0 0.497506 0.083526 0.149626 0.025842 0.422693 0.071066 0.562344 0.070605 0.427681 0.096447 0.572319 0.095062
0 0.506234 0.117905 0.147132 0.028150 0.432668 0.106138 0.579800 0.103830 0.443890 0.130595 0.571072 0.131980
0 0.527431 0.159668 0.144638 0.041532 0.455112 0.138902 0.579800 0.142593 0.463840 0.176742 0.599751 0.180434
0 0.541771 0.206276 0.130923 0.035994 0.481297 0.188279 0.600998 0.193816 0.476309 0.220120 0.607232 0.224273
0 0.543017 0.250346 0.143392 0.040148 0.482544 0.230272 0.610973 0.235810 0.471322 0.268113 0.614713 0.270420
0 0.526185 0.298339 0.187032 0.041071 0.470075 0.277803 0.615960 0.281495 0.432668 0.316105 0.619701 0.318874
0 0.534289 0.351177 0.185786 0.036917 0.447631 0.332718 0.615960 0.334564 0.441397 0.369174 0.627182 0.369635
0 0.538030 0.399400 0.183292 0.038302 0.446384 0.387171 0.629676 0.380249 0.452618 0.418551 0.620948 0.412090
0 0.544264 0.449008 0.180798 0.047070 0.453865 0.438394 0.624688 0.425473 0.465087 0.472543 0.634663 0.464698
0 0.564838 0.504384 0.179551 0.048916 0.475062 0.491001 0.625935 0.479926 0.485037 0.528842 0.654613 0.520074
0 0.614090 0.564605 0.198254 0.055838 0.514963 0.548223 0.664589 0.536687 0.519950 0.592524 0.713217 0.575450
0 0.653367 0.620905 0.204489 0.056760 0.551122 0.607753 0.710723 0.592524 0.559850 0.649285 0.755611 0.633595
0 0.678928 0.686433 0.213217 0.050300 0.584788 0.669128 0.734414 0.661283 0.572319 0.711583 0.785536 0.701892
0 0.676434 0.754730 0.210723 0.042916 0.582294 0.733272 0.781796 0.734656 0.571072 0.772035 0.758105 0.776188
0 0.649002 0.822566 0.260599 0.052146 0.559850 0.796493 0.779302 0.815874 0.518703 0.839409 0.736908 0.848639
0 0.596010 0.899862 0.226933 0.035994 0.482544 0.881864 0.688279 0.884172 0.482544 0.917859 0.709476 0.916013