0 0.477077 0.088994 0.123209 0.039848 0.429799 0.069070 0.538682 0.075901 0.415473 0.097533 0.526266 0.108918
0 0.455587 0.131499 0.124164 0.039089 0.410697 0.111954 0.517670 0.122581 0.393505 0.140038 0.504298 0.151044
0 0.432187 0.173055 0.117479 0.038710 0.397326 0.153700 0.490926 0.161290 0.373448 0.182543 0.467049 0.192410
0 0.398281 0.215180 0.133715 0.040228 0.355301 0.195066 0.465138 0.205313 0.331423 0.223529 0.438395 0.235294
0 0.362942 0.258444 0.129895 0.040987 0.326648 0.237951 0.427889 0.245920 0.297994 0.269450 0.406877 0.278937
0 0.339542 0.302467 0.132760 0.037951 0.289398 0.283491 0.405922 0.289184 0.273161 0.319924 0.395415 0.321442
0 0.333811 0.351044 0.136581 0.038710 0.275072 0.333966 0.391595 0.331689 0.265521 0.370398 0.402101 0.365085
0 0.346705 0.400380 0.145177 0.045541 0.274117 0.383681 0.402101 0.377609 0.283668 0.423150 0.419293 0.406452
0 0.382044 0.447249 0.173830 0.057306 0.295129 0.439848 0.440306 0.418596 0.328558 0.475901 0.468959 0.452372
0 0.437918 0.495825 0.176695 0.067173 0.349570 0.491841 0.486151 0.462239 0.402101 0.529412 0.526266 0.502087
0 0.509074 0.548008 0.171920 0.059962 0.423114 0.544592 0.552054 0.518027 0.460363 0.577989 0.595033 0.555218
0 0.571156 0.600569 0.177650 0.046679 0.482330 0.598102 0.611270 0.577230 0.516714 0.623909 0.659981 0.617078
0 0.612703 0.668121 0.178606 0.048197 0.523400 0.648956 0.694365 0.644023 0.536772 0.687666 0.702006 0.692220
0 0.606017 0.739089 0.203438 0.058824 0.515759 0.709677 0.707736 0.719545 0.504298 0.753700 0.698185 0.768501
0 0.566380 0.804934 0.227316 0.062998 0.482330 0.773435 0.680038 0.789374 0.452722 0.825427 0.638013 0.836433
0 0.520057 0.879886 0.207259 0.055787 0.433620 0.851992 0.623687 0.869070 0.416428 0.896015 0.605540 0.907780
0 0.500000 0.944402 0.214900 0.041366 0.395415 0.923719 0.607450 0.927514 0.392550 0.962429 0.607450 0.965085