0 0.672043 0.041041 0.184946 0.029315 0.579570 0.032979 0.764516 0.026383 0.598925 0.055698 0.751613 0.051301
0 0.686559 0.077501 0.168817 0.032613 0.602151 0.066691 0.758065 0.061195 0.610753 0.093807 0.770968 0.093807
0 0.695699 0.122206 0.156989 0.037010 0.617204 0.104800 0.774194 0.103701 0.617204 0.135214 0.748387 0.140711
0 0.675269 0.166361 0.159140 0.042506 0.610753 0.145108 0.754839 0.150605 0.595699 0.181019 0.735484 0.187615
0 0.657527 0.212715 0.155914 0.048003 0.582796 0.188714 0.735484 0.196409 0.579570 0.225724 0.713978 0.236717
0 0.632258 0.259985 0.163441 0.053133 0.573118 0.233419 0.713978 0.245145 0.550538 0.266032 0.678495 0.286552
0 0.588710 0.306889 0.160215 0.050934 0.534409 0.281422 0.668817 0.294247 0.508602 0.318432 0.646237 0.332356
0 0.567742 0.353609 0.150538 0.042506 0.492473 0.332356 0.643011 0.338952 0.492473 0.372664 0.633333 0.374863
0 0.567742 0.411506 0.156989 0.051301 0.489247 0.385856 0.636559 0.386955 0.492473 0.437156 0.646237 0.436057
0 0.579032 0.458226 0.170968 0.038476 0.493548 0.445218 0.647312 0.438989 0.504301 0.477464 0.664516 0.473067
0 0.586559 0.510993 0.190323 0.056064 0.491398 0.494687 0.668817 0.482961 0.497849 0.539025 0.681720 0.530231
0 0.605914 0.571272 0.198925 0.057164 0.506452 0.555148 0.696774 0.542690 0.517204 0.599853 0.705376 0.593624
0 0.625806 0.633016 0.217204 0.056064 0.521505 0.612312 0.721505 0.604984 0.517204 0.658117 0.734409 0.661048
0 0.606989 0.705387 0.259140 0.063760 0.504301 0.673507 0.736559 0.681935 0.477419 0.717479 0.711828 0.737266
0 0.548387 0.771711 0.270968 0.079150 0.468817 0.732136 0.683871 0.757420 0.412903 0.781605 0.645161 0.811286
0 0.462903 0.840967 0.304301 0.079883 0.380645 0.801026 0.615054 0.828142 0.310753 0.849029 0.577419 0.880909
0 0.393011 0.903078 0.317204 0.056064 0.274194 0.875046 0.551613 0.896299 0.234409 0.912789 0.523656 0.931110