0 0.480930 0.072160 0.146603 0.031180 0.407628 0.062361 0.554231 0.056570 0.417163 0.087751 0.553039 0.084187
0 0.489273 0.106013 0.148987 0.024944 0.414780 0.098441 0.554231 0.093541 0.419547 0.118486 0.563766 0.118040
0 0.492849 0.149889 0.144219 0.035189 0.420739 0.133185 0.564958 0.132294 0.420739 0.162138 0.562575 0.167483
0 0.483909 0.197550 0.162098 0.045880 0.425507 0.174610 0.564958 0.180401 0.402861 0.208909 0.536353 0.220490
0 0.450536 0.241648 0.152563 0.042316 0.396901 0.220490 0.526818 0.233853 0.374255 0.252561 0.502980 0.262806
0 0.417759 0.284633 0.153754 0.036526 0.367104 0.266370 0.494636 0.275278 0.340882 0.291759 0.479142 0.302895
0 0.393325 0.331403 0.143027 0.035635 0.327771 0.313586 0.464839 0.314477 0.321812 0.340757 0.455304 0.349220
0 0.383194 0.377506 0.134684 0.033408 0.315852 0.364365 0.450536 0.360802 0.318236 0.394209 0.446961 0.391091
0 0.390942 0.426503 0.133492 0.044989 0.325387 0.412027 0.445769 0.404009 0.324195 0.448998 0.457688 0.442762
0 0.414184 0.481514 0.160906 0.049889 0.333731 0.466370 0.471990 0.456570 0.356377 0.506459 0.494636 0.494432
0 0.449344 0.538085 0.157330 0.048998 0.370679 0.526058 0.514899 0.513586 0.389750 0.562584 0.528010 0.554566
0 0.477950 0.601336 0.164482 0.040980 0.395709 0.587528 0.558999 0.580846 0.410012 0.621826 0.560191 0.617817
0 0.476758 0.670379 0.169249 0.051670 0.401669 0.644543 0.556615 0.645880 0.392134 0.686414 0.561383 0.696214
0 0.456496 0.734298 0.174017 0.036971 0.384982 0.715813 0.543504 0.721158 0.369487 0.746102 0.529201 0.752784
0 0.431466 0.793987 0.202622 0.045880 0.348033 0.771047 0.532777 0.779510 0.330155 0.809800 0.518474 0.816926
0 0.415971 0.864811 0.226460 0.049443 0.303933 0.840089 0.518474 0.843207 0.302741 0.889532 0.529201 0.887305
0 0.418355 0.922940 0.228844 0.036526 0.307509 0.906013 0.525626 0.904677 0.303933 0.941203 0.532777 0.939866