0 0.470895 0.036050 0.126846 0.021944 0.407472 0.029389 0.534318 0.025078 0.413553 0.045063 0.529974 0.047022
0 0.470895 0.069357 0.118158 0.021944 0.411816 0.058386 0.529974 0.058386 0.418766 0.078370 0.529974 0.080329
0 0.472632 0.103056 0.109470 0.025862 0.417897 0.090125 0.527368 0.092085 0.420504 0.112853 0.520417 0.115987
0 0.468288 0.144592 0.102520 0.033699 0.417029 0.127743 0.519548 0.131661 0.418766 0.152821 0.512598 0.161442
0 0.453084 0.185737 0.124240 0.036050 0.399652 0.167712 0.515204 0.176724 0.390964 0.193574 0.493484 0.203762
0 0.425717 0.227273 0.125109 0.043887 0.384883 0.205329 0.488271 0.218652 0.363162 0.233934 0.458732 0.249216
0 0.387489 0.272531 0.135534 0.045063 0.354474 0.250000 0.455256 0.264890 0.319722 0.279389 0.425717 0.295063
0 0.345352 0.314851 0.132928 0.039577 0.299739 0.295063 0.411816 0.306034 0.278888 0.323276 0.384883 0.334639
0 0.313640 0.357955 0.107732 0.036442 0.266725 0.339734 0.367507 0.345219 0.259774 0.374608 0.362294 0.376176
0 0.311468 0.406152 0.113814 0.038009 0.254561 0.389890 0.364031 0.387147 0.259774 0.425157 0.368375 0.422022
0 0.320591 0.460227 0.121633 0.048197 0.259774 0.443574 0.370113 0.436129 0.269331 0.484326 0.381407 0.472571
0 0.348393 0.518613 0.142485 0.058386 0.277150 0.505878 0.397915 0.489420 0.306690 0.547806 0.419635 0.527821
0 0.390096 0.574647 0.147698 0.070141 0.316247 0.563480 0.433536 0.539577 0.357081 0.609718 0.463944 0.586599
0 0.466551 0.633817 0.170287 0.060737 0.381407 0.629702 0.491746 0.603448 0.428323 0.664185 0.551694 0.642633
0 0.539531 0.696904 0.177237 0.069357 0.450912 0.686912 0.576890 0.662226 0.490878 0.731583 0.628149 0.704937
0 0.589922 0.762735 0.163336 0.063871 0.508254 0.749216 0.636838 0.730799 0.521286 0.794671 0.671590 0.780956
0 0.609470 0.834835 0.174631 0.053683 0.524761 0.811520 0.682884 0.807994 0.522155 0.861677 0.696785 0.859326