0 0.561869 0.033035 0.120370 0.023319 0.501683 0.026040 0.622054 0.021376 0.501683 0.044695 0.620370 0.041197
0 0.561869 0.063156 0.108586 0.023708 0.512626 0.052468 0.611111 0.051302 0.507576 0.071512 0.616162 0.075010
0 0.557660 0.100855 0.110269 0.035367 0.512626 0.083171 0.601852 0.084337 0.502525 0.112709 0.612795 0.118539
0 0.548822 0.143412 0.104377 0.036533 0.502525 0.125146 0.601010 0.128644 0.496633 0.151963 0.593434 0.161679
0 0.526936 0.189856 0.111111 0.045472 0.485690 0.167120 0.582492 0.172173 0.471380 0.202099 0.569024 0.212592
0 0.506734 0.239604 0.117845 0.041586 0.470539 0.218811 0.565657 0.226584 0.447811 0.251846 0.546296 0.260396
0 0.484848 0.284881 0.116162 0.041197 0.455387 0.264283 0.542929 0.268558 0.426768 0.299650 0.536195 0.305480
0 0.473906 0.333657 0.122896 0.036922 0.431818 0.315974 0.528620 0.315196 0.412458 0.352118 0.535354 0.350952
0 0.479798 0.384182 0.134680 0.045472 0.424242 0.368053 0.537037 0.361446 0.412458 0.406918 0.547138 0.401088
0 0.494529 0.436455 0.128788 0.036533 0.437710 0.423630 0.543771 0.418189 0.430135 0.454722 0.558923 0.443451
0 0.524411 0.490672 0.134680 0.051691 0.457071 0.476487 0.563973 0.464827 0.469697 0.516518 0.591751 0.496308
0 0.553451 0.542946 0.123737 0.052079 0.497475 0.528955 0.594276 0.516906 0.491582 0.568986 0.615320 0.562767
0 0.565236 0.602021 0.117003 0.053634 0.506734 0.579091 0.623737 0.575204 0.519360 0.626506 0.618687 0.628838
0 0.584596 0.662651 0.125421 0.045084 0.521886 0.640109 0.647306 0.643607 0.522727 0.682860 0.623737 0.685192
0 0.564815 0.726972 0.131313 0.055577 0.514310 0.699184 0.630471 0.708900 0.499158 0.743879 0.609428 0.754761
0 0.539562 0.798290 0.164983 0.067625 0.473906 0.764477 0.622054 0.776914 0.457071 0.816557 0.591751 0.832103
0 0.497896 0.866110 0.182660 0.053245 0.430976 0.839487 0.589226 0.853090 0.406566 0.882239 0.576599 0.892732