0 0.508951 0.037173 0.230179 0.024510 0.393862 0.024918 0.624041 0.029003 0.393862 0.047794 0.612532 0.049428
0 0.500639 0.076797 0.218670 0.031046 0.391304 0.061275 0.609974 0.061275 0.415601 0.092320 0.602302 0.090278
0 0.501918 0.115605 0.200767 0.032680 0.401535 0.099265 0.602302 0.099265 0.424552 0.131944 0.590793 0.131127
0 0.515985 0.160131 0.177749 0.043301 0.427110 0.142565 0.593350 0.138480 0.432225 0.180964 0.604859 0.181781
0 0.527494 0.198938 0.210997 0.022059 0.427110 0.190768 0.609974 0.187909 0.421995 0.209150 0.632992 0.209967
0 0.514067 0.251838 0.225064 0.060049 0.410486 0.221814 0.626598 0.222631 0.401535 0.277369 0.624041 0.281863
0 0.506394 0.309845 0.230179 0.037990 0.413043 0.290850 0.609974 0.290850 0.391304 0.324755 0.621483 0.328840
0 0.492327 0.358252 0.258312 0.039216 0.404092 0.338644 0.621483 0.343954 0.363171 0.372549 0.618926 0.377859
0 0.492327 0.409314 0.258312 0.044935 0.368286 0.386846 0.621483 0.390931 0.363171 0.428513 0.609974 0.431781
0 0.487852 0.463031 0.249361 0.047794 0.365729 0.439134 0.604859 0.444444 0.363171 0.484069 0.612532 0.486928
0 0.482737 0.522672 0.282609 0.046977 0.346547 0.499183 0.618926 0.502859 0.341432 0.543709 0.624041 0.546160
0 0.472506 0.585376 0.308184 0.049837 0.327366 0.560458 0.626598 0.565768 0.318414 0.607435 0.626598 0.610294
0 0.476982 0.650940 0.289003 0.047794 0.332481 0.627042 0.616368 0.628676 0.332481 0.671569 0.621483 0.674837
0 0.467391 0.715278 0.303069 0.049020 0.324808 0.690768 0.612532 0.690768 0.315857 0.735294 0.618926 0.739788
0 0.478900 0.787173 0.308184 0.055556 0.324808 0.759395 0.632992 0.760212 0.341432 0.814951 0.626598 0.808824
0 0.478261 0.848039 0.291560 0.049837 0.332481 0.823121 0.624041 0.825572 0.335038 0.872958 0.624041 0.871732
0 0.468670 0.921160 0.349105 0.059641 0.294118 0.897467 0.638107 0.891340 0.299233 0.948938 0.643223 0.950980