0 0.590090 0.035205 0.199485 0.027214 0.496783 0.021598 0.689833 0.026782 0.490348 0.045356 0.682111 0.048812
0 0.577864 0.075162 0.190476 0.038013 0.495495 0.056156 0.673102 0.060475 0.482625 0.084233 0.669241 0.094168
0 0.557915 0.119438 0.184041 0.046220 0.483912 0.096328 0.649936 0.103240 0.465894 0.131749 0.639640 0.142549
0 0.528314 0.169330 0.209781 0.052700 0.473616 0.142981 0.633205 0.152052 0.423423 0.183153 0.603604 0.195680
0 0.503861 0.215983 0.184041 0.049244 0.420849 0.191361 0.595882 0.201296 0.411840 0.234557 0.585586 0.240605
0 0.481982 0.266307 0.199485 0.048812 0.411840 0.241901 0.581725 0.248812 0.382239 0.283369 0.571429 0.290713
0 0.463964 0.317279 0.209781 0.045356 0.395109 0.294600 0.568855 0.297624 0.359073 0.332613 0.562420 0.339957
0 0.449163 0.365659 0.216216 0.043629 0.353925 0.343845 0.557272 0.348164 0.341055 0.384449 0.544402 0.387473
0 0.456885 0.422246 0.216216 0.047948 0.348777 0.400000 0.541828 0.398272 0.350064 0.446220 0.564994 0.438877
0 0.481338 0.474514 0.244530 0.053996 0.359073 0.459611 0.564994 0.447516 0.383526 0.501512 0.603604 0.489417
0 0.536680 0.527214 0.259974 0.057451 0.406692 0.515335 0.608752 0.498488 0.441441 0.555939 0.666667 0.537797
0 0.588803 0.579050 0.268983 0.066091 0.454311 0.570626 0.682111 0.546004 0.503218 0.612095 0.723295 0.592657
0 0.647362 0.631101 0.259974 0.054428 0.517375 0.619438 0.740026 0.603888 0.550837 0.658315 0.777349 0.647948
0 0.689189 0.695032 0.245817 0.065659 0.566281 0.666955 0.767053 0.662203 0.566281 0.708855 0.812098 0.727862
0 0.646718 0.769114 0.312741 0.085097 0.519949 0.726566 0.803089 0.752052 0.490348 0.783585 0.761905 0.811663
0 0.574646 0.839741 0.330759 0.080346 0.454311 0.799568 0.740026 0.828510 0.409266 0.846652 0.679537 0.879914
0 0.490991 0.903240 0.315315 0.079482 0.369369 0.863499 0.648649 0.895464 0.333333 0.916631 0.604891 0.942981