0 0.543285 0.060392 0.136515 0.032486 0.475028 0.044148 0.610433 0.044565 0.477248 0.076218 0.611543 0.076635
0 0.541065 0.101833 0.123196 0.028738 0.480577 0.087464 0.602664 0.089130 0.479467 0.115369 0.601554 0.116202
0 0.536626 0.147022 0.129856 0.035818 0.476138 0.129113 0.601554 0.130362 0.471698 0.164931 0.592675 0.162849
0 0.528857 0.193878 0.132075 0.037068 0.466149 0.176593 0.594895 0.175344 0.462819 0.208663 0.586016 0.212411
0 0.520533 0.242191 0.133185 0.033736 0.457270 0.225323 0.587125 0.226156 0.453940 0.259059 0.573807 0.256143
0 0.514983 0.286964 0.124306 0.037484 0.457270 0.271137 0.572697 0.268222 0.452830 0.305706 0.577137 0.305706
0 0.517758 0.338817 0.138735 0.037901 0.448391 0.319867 0.578246 0.320283 0.453940 0.357768 0.587125 0.353186
0 0.524417 0.390046 0.149834 0.039567 0.449501 0.374427 0.597114 0.370262 0.462819 0.409829 0.599334 0.404415
0 0.537181 0.440441 0.153163 0.040400 0.460599 0.422741 0.601554 0.420242 0.460599 0.460641 0.613762 0.456476
0 0.547170 0.495002 0.166482 0.045398 0.463929 0.478967 0.608213 0.472303 0.473918 0.517701 0.630411 0.515619
0 0.554939 0.554144 0.155383 0.042899 0.477248 0.534361 0.630411 0.532695 0.488346 0.575594 0.632630 0.573511
0 0.572697 0.609746 0.166482 0.045814 0.489456 0.591420 0.641509 0.586839 0.499445 0.632653 0.655938 0.632237
0 0.587125 0.674927 0.188679 0.044565 0.504994 0.652645 0.681465 0.654311 0.492786 0.697209 0.672586 0.697209
0 0.587680 0.741566 0.203108 0.055394 0.499445 0.713869 0.687014 0.718451 0.486127 0.762182 0.689234 0.769263
0 0.580466 0.800083 0.208657 0.032486 0.479467 0.783840 0.684795 0.790504 0.476138 0.810912 0.668146 0.816327
0 0.568258 0.852561 0.224195 0.036651 0.456160 0.834236 0.680355 0.839650 0.461709 0.867972 0.653718 0.870887
0 0.546615 0.897334 0.198668 0.030404 0.459489 0.882132 0.645949 0.885464 0.447281 0.906706 0.632630 0.912536