0 0.460265 0.057333 0.186755 0.035733 0.366887 0.039467 0.553642 0.046400 0.372185 0.075200 0.541722 0.075200
0 0.458278 0.102400 0.182781 0.033067 0.366887 0.093333 0.536424 0.085867 0.369536 0.118933 0.549669 0.113067
0 0.463576 0.141600 0.166887 0.035733 0.380132 0.134933 0.539073 0.123733 0.402649 0.159467 0.547020 0.149867
0 0.491391 0.176267 0.140397 0.035733 0.421192 0.171200 0.552318 0.158400 0.421192 0.194133 0.561589 0.190400
0 0.496026 0.224800 0.165563 0.036800 0.419868 0.209067 0.572185 0.206400 0.413245 0.238933 0.578808 0.243200
0 0.488742 0.272533 0.180132 0.037333 0.419868 0.253867 0.578808 0.261867 0.398676 0.291200 0.572185 0.290667
0 0.483444 0.316800 0.172185 0.032000 0.410596 0.301867 0.569536 0.300800 0.397351 0.332800 0.553642 0.332800
0 0.472848 0.364267 0.172185 0.030933 0.393377 0.348800 0.558940 0.349867 0.386755 0.376000 0.557616 0.379733
0 0.467550 0.409867 0.174834 0.034667 0.392053 0.392533 0.554967 0.396267 0.380132 0.421867 0.547020 0.427200
0 0.447020 0.462667 0.197351 0.043200 0.381457 0.441067 0.545695 0.450133 0.348344 0.475200 0.531126 0.484267
0 0.433113 0.516800 0.196026 0.045867 0.335099 0.493867 0.531126 0.509333 0.335099 0.526400 0.519205 0.539733
0 0.388079 0.580267 0.217219 0.053333 0.308609 0.553600 0.496689 0.562667 0.279470 0.605333 0.486093 0.606933
0 0.394040 0.646667 0.218543 0.036800 0.284768 0.628267 0.503311 0.628800 0.290066 0.665067 0.498013 0.652800
0 0.404636 0.703733 0.226490 0.053867 0.291391 0.692800 0.500662 0.676800 0.303311 0.730667 0.517881 0.715733
0 0.409934 0.761333 0.218543 0.051733 0.300662 0.748800 0.519205 0.735467 0.324503 0.787200 0.515232 0.772267
0 0.406623 0.812800 0.209272 0.033067 0.313907 0.798933 0.511258 0.796267 0.301987 0.829333 0.503311 0.827733
0 0.420530 0.866400 0.234437 0.035733 0.303311 0.850133 0.523179 0.848533 0.307285 0.884267 0.537748 0.883733