0 0.436516 0.063073 0.138780 0.030118 0.367126 0.048014 0.505906 0.049760 0.371063 0.078132 0.502953 0.076822
0 0.442421 0.101702 0.132874 0.028808 0.375984 0.091663 0.508858 0.087298 0.380906 0.112615 0.506890 0.116107
0 0.447343 0.140986 0.123031 0.027935 0.385827 0.128328 0.508858 0.127019 0.392717 0.150153 0.505906 0.154954
0 0.445374 0.184636 0.130906 0.033173 0.379921 0.168049 0.510827 0.171104 0.387795 0.191619 0.501969 0.201222
0 0.425197 0.225884 0.131890 0.035356 0.378937 0.208206 0.491142 0.216063 0.359252 0.230031 0.479331 0.243562
0 0.406004 0.266478 0.134843 0.041467 0.357283 0.245744 0.473425 0.258402 0.338583 0.274553 0.440945 0.287211
0 0.371555 0.310781 0.126969 0.038411 0.325787 0.291576 0.435039 0.300742 0.308071 0.319511 0.418307 0.329987
0 0.351378 0.354212 0.118110 0.033610 0.294291 0.337407 0.410433 0.339153 0.292323 0.365343 0.406496 0.371017
0 0.348917 0.399389 0.117126 0.034046 0.291339 0.384985 0.407480 0.382366 0.290354 0.416412 0.404528 0.416412
0 0.356299 0.453295 0.135827 0.039721 0.288386 0.433435 0.411417 0.433435 0.288386 0.473156 0.424213 0.469227
0 0.369587 0.508512 0.148622 0.048887 0.295276 0.493671 0.426181 0.484068 0.308071 0.532955 0.443898 0.524662
0 0.391732 0.570711 0.147638 0.052815 0.317913 0.552597 0.453740 0.544304 0.329724 0.597119 0.465551 0.584897
0 0.420768 0.635094 0.166339 0.048887 0.337598 0.621563 0.478346 0.610650 0.356299 0.659537 0.503937 0.653426
0 0.448819 0.698603 0.179134 0.056307 0.359252 0.683108 0.520669 0.670450 0.382874 0.726757 0.538386 0.717154
0 0.471949 0.769315 0.166339 0.051942 0.388780 0.749454 0.546260 0.743344 0.407480 0.795286 0.555118 0.788739
0 0.487697 0.839153 0.178150 0.055434 0.398622 0.817110 0.563976 0.811436 0.412402 0.866870 0.576772 0.862505
0 0.509350 0.899825 0.184055 0.041467 0.417323 0.885639 0.588583 0.879092 0.433071 0.920559 0.601378 0.911392