0 0.511628 0.050604 0.155814 0.030404 0.433721 0.038317 0.589535 0.035402 0.437209 0.065806 0.588372 0.060808
0 0.516860 0.086631 0.154651 0.027489 0.439535 0.076218 0.593023 0.072886 0.447674 0.100375 0.594186 0.094960
0 0.537209 0.127239 0.137209 0.037068 0.469767 0.113703 0.597674 0.108705 0.468605 0.142441 0.605814 0.145773
0 0.546512 0.175344 0.137209 0.036651 0.477907 0.157018 0.615116 0.158684 0.480233 0.186589 0.603488 0.193669
0 0.531977 0.215535 0.143023 0.033736 0.477907 0.198667 0.601163 0.201999 0.460465 0.229488 0.603488 0.232403
0 0.512791 0.260933 0.169767 0.030404 0.448837 0.245731 0.597674 0.247397 0.427907 0.271554 0.588372 0.276135
0 0.500000 0.304040 0.160465 0.034985 0.434884 0.286547 0.580233 0.290296 0.419767 0.319034 0.574419 0.321533
0 0.484302 0.352561 0.168605 0.037068 0.417442 0.335277 0.567442 0.334027 0.400000 0.371095 0.568605 0.371095
0 0.490698 0.402957 0.174419 0.037068 0.404651 0.386089 0.565116 0.384423 0.403488 0.421491 0.577907 0.416493
0 0.497093 0.452103 0.180233 0.045398 0.406977 0.436901 0.579070 0.429404 0.415116 0.474802 0.587209 0.465639
0 0.526163 0.505623 0.201163 0.051645 0.425581 0.488963 0.591860 0.479800 0.433721 0.531445 0.626744 0.522282
0 0.546512 0.565598 0.211628 0.057476 0.440698 0.547272 0.639535 0.536860 0.459302 0.594336 0.652326 0.587255
0 0.563372 0.632237 0.194186 0.053311 0.466279 0.608913 0.660465 0.605581 0.470930 0.658892 0.660465 0.655977
0 0.555814 0.702832 0.209302 0.055394 0.463953 0.675135 0.660465 0.676801 0.451163 0.721366 0.654651 0.730529
0 0.517442 0.771554 0.244186 0.063723 0.425581 0.739692 0.639535 0.750937 0.395349 0.788838 0.615116 0.803415
0 0.477326 0.843190 0.254651 0.065389 0.386046 0.810496 0.604651 0.826739 0.350000 0.860891 0.584884 0.875885
0 0.433721 0.910662 0.246512 0.050396 0.332558 0.885464 0.556977 0.896293 0.310465 0.935444 0.546512 0.935860