0 0.464463 0.037805 0.244628 0.028780 0.347107 0.023415 0.586777 0.026341 0.342149 0.046341 0.576860 0.052195
0 0.446281 0.077317 0.241322 0.038537 0.338843 0.058049 0.566942 0.061951 0.325620 0.088780 0.543802 0.096585
0 0.424793 0.120244 0.231405 0.043415 0.322314 0.098537 0.540496 0.104390 0.309091 0.131220 0.530578 0.141951
0 0.393388 0.170488 0.261157 0.057073 0.312397 0.141951 0.523967 0.152683 0.262810 0.171220 0.492562 0.199024
0 0.346281 0.213902 0.252893 0.055122 0.256198 0.186341 0.472727 0.200976 0.219835 0.223415 0.419835 0.241463
0 0.287603 0.264634 0.257851 0.054146 0.206612 0.237561 0.416529 0.252195 0.158678 0.276585 0.390083 0.291707
0 0.264463 0.318293 0.257851 0.043415 0.145455 0.296585 0.393388 0.298537 0.135537 0.331707 0.386777 0.340000
0 0.256198 0.367561 0.267769 0.039512 0.135537 0.349756 0.390083 0.347805 0.122314 0.383902 0.386777 0.387317
0 0.249587 0.420244 0.274380 0.044390 0.112397 0.406829 0.380165 0.398049 0.125620 0.442439 0.386777 0.434146
0 0.269421 0.474390 0.280992 0.056098 0.128926 0.460000 0.393388 0.446341 0.142149 0.502439 0.409917 0.486341
0 0.310744 0.528537 0.304132 0.058049 0.158678 0.520000 0.413223 0.499512 0.193388 0.557561 0.462810 0.540000
0 0.383471 0.588049 0.314050 0.064878 0.226446 0.577073 0.482645 0.555610 0.256198 0.620488 0.540496 0.600000
0 0.462810 0.649512 0.353719 0.073659 0.285950 0.642439 0.576860 0.612683 0.322314 0.686341 0.639669 0.660000
0 0.542149 0.715610 0.376860 0.074146 0.353719 0.711219 0.662810 0.678537 0.390083 0.752683 0.730579 0.726829
0 0.601653 0.783171 0.370248 0.060976 0.416529 0.768293 0.740496 0.752683 0.433058 0.813659 0.786777 0.805854
0 0.608264 0.857805 0.396694 0.055122 0.423140 0.830244 0.783471 0.830244 0.409917 0.880488 0.806612 0.885366
0 0.593388 0.932439 0.439669 0.052195 0.409917 0.906341 0.796694 0.907317 0.373554 0.950732 0.813223 0.958537