0 0.257885 0.062246 0.244898 0.075671 0.135436 0.056957 0.354360 0.024410 0.170686 0.100081 0.380334 0.061839
0 0.292208 0.106591 0.231911 0.065094 0.176252 0.108218 0.376623 0.074044 0.209647 0.139138 0.408163 0.105777
0 0.348794 0.155004 0.248609 0.075671 0.224490 0.155411 0.408163 0.117168 0.237477 0.192840 0.473098 0.148902
0 0.397032 0.202197 0.241187 0.087063 0.276438 0.206672 0.463822 0.158666 0.319109 0.245728 0.517625 0.184703
0 0.465677 0.241253 0.226345 0.091945 0.352505 0.255492 0.525046 0.195281 0.404453 0.287225 0.578850 0.224573
0 0.547310 0.279902 0.241187 0.096013 0.426716 0.296176 0.591837 0.231896 0.489796 0.327909 0.667904 0.258747
0 0.636364 0.314890 0.244898 0.096013 0.513915 0.330350 0.695733 0.266884 0.545455 0.362897 0.758813 0.296989
0 0.701299 0.360862 0.285714 0.100081 0.558442 0.372661 0.784787 0.310822 0.580705 0.410903 0.844156 0.345810
0 0.749536 0.403580 0.315399 0.071603 0.591837 0.413344 0.862709 0.367779 0.599258 0.439382 0.907236 0.408462
0 0.769944 0.459723 0.319109 0.048820 0.610390 0.456469 0.912802 0.435313 0.619666 0.484133 0.929499 0.467046
0 0.794063 0.509357 0.330241 0.056957 0.628942 0.501221 0.942486 0.480879 0.647495 0.537836 0.959184 0.515867
0 0.831169 0.563873 0.304267 0.053702 0.679035 0.554923 0.972171 0.537022 0.686456 0.590724 0.983302 0.582587
0 0.826531 0.635069 0.306122 0.061025 0.680891 0.606998 0.979592 0.604557 0.673469 0.651749 0.946197 0.665582
0 0.871985 0.698535 0.204082 0.054516 0.812616 0.671277 0.974026 0.672905 0.769944 0.704638 0.962894 0.725793
0 0.782931 0.729048 0.270872 0.100895 0.679035 0.678600 0.918367 0.751017 0.647495 0.702197 0.853432 0.779496
0 0.656772 0.775834 0.304267 0.090317 0.564007 0.730675 0.808905 0.799837 0.504638 0.759967 0.769944 0.820993
0 0.584416 0.843369 0.348794 0.096827 0.435993 0.794955 0.758813 0.850285 0.410019 0.842962 0.708720 0.891782