0 0.495608 0.075603 0.185944 0.032172 0.402635 0.063271 0.588580 0.059517 0.405564 0.091689 0.579795 0.089008
0 0.508053 0.118231 0.175695 0.034853 0.420205 0.104558 0.595900 0.100804 0.427526 0.135657 0.595900 0.128686
0 0.519034 0.154960 0.171303 0.030027 0.433382 0.149062 0.603221 0.139946 0.452416 0.169973 0.604685 0.162466
0 0.540264 0.191689 0.152269 0.026273 0.464129 0.180161 0.616398 0.178552 0.465593 0.204826 0.610542 0.197855
0 0.547584 0.225737 0.158126 0.028954 0.468521 0.216086 0.612006 0.211260 0.491947 0.240214 0.626647 0.236997
0 0.563690 0.263807 0.143485 0.033244 0.491947 0.251475 0.623719 0.247185 0.497804 0.280429 0.635432 0.276676
0 0.565886 0.306434 0.136164 0.027346 0.497804 0.292761 0.633968 0.292761 0.497804 0.320107 0.633968 0.319571
0 0.565154 0.342091 0.137628 0.021448 0.497804 0.331367 0.633968 0.334048 0.496340 0.352815 0.628111 0.352815
0 0.552709 0.381233 0.165447 0.027882 0.472914 0.367292 0.635432 0.368901 0.469985 0.393566 0.632504 0.395174
0 0.550512 0.424397 0.172767 0.031635 0.469985 0.408579 0.636896 0.410724 0.464129 0.433244 0.629575 0.440214
0 0.535871 0.464879 0.181552 0.035389 0.445095 0.447185 0.622255 0.454692 0.452416 0.479357 0.626647 0.482574
0 0.530747 0.517426 0.194729 0.021448 0.433382 0.506702 0.628111 0.506702 0.445095 0.522788 0.616398 0.528150
0 0.512445 0.574263 0.199122 0.019303 0.424597 0.564611 0.601757 0.566756 0.412884 0.577480 0.612006 0.583914
0 0.505857 0.634853 0.191801 0.026810 0.414348 0.621448 0.601757 0.623056 0.409956 0.646113 0.597365 0.648257
0 0.500000 0.709920 0.209370 0.028954 0.405564 0.695442 0.595900 0.698660 0.395315 0.724397 0.604685 0.724397
0 0.496340 0.788740 0.216691 0.025737 0.387994 0.775871 0.604685 0.780161 0.396779 0.801609 0.603221 0.798928
0 0.497804 0.867024 0.234261 0.030027 0.393851 0.858981 0.614934 0.852011 0.380673 0.882038 0.614934 0.880429