0 0.472669 0.074785 0.156484 0.034794 0.394427 0.060099 0.547696 0.057388 0.405145 0.088116 0.550911 0.092183
0 0.487138 0.117939 0.166131 0.042476 0.410504 0.096701 0.550911 0.101672 0.404073 0.126977 0.570204 0.139178
0 0.484995 0.168324 0.163987 0.047447 0.412647 0.144600 0.566988 0.158156 0.403001 0.173972 0.539121 0.192047
0 0.437835 0.209670 0.176849 0.058744 0.380493 0.180298 0.526259 0.208315 0.349411 0.209218 0.456592 0.239042
0 0.347267 0.248983 0.169346 0.062359 0.329046 0.217804 0.431940 0.250791 0.262594 0.248983 0.376206 0.280163
0 0.272240 0.289426 0.171490 0.053773 0.247588 0.262540 0.357985 0.289652 0.186495 0.291460 0.324759 0.316313
0 0.213826 0.328965 0.187567 0.051514 0.153269 0.303208 0.307610 0.326254 0.120043 0.343425 0.277599 0.354722
0 0.185959 0.381157 0.170418 0.041121 0.101822 0.360596 0.271168 0.367375 0.100750 0.400362 0.267953 0.401717
0 0.191318 0.437867 0.187567 0.053321 0.097535 0.429282 0.271168 0.411207 0.127546 0.464528 0.285102 0.440578
0 0.236870 0.488251 0.169346 0.065522 0.152197 0.481699 0.294748 0.455490 0.187567 0.521012 0.321543 0.488477
0 0.308682 0.540217 0.182208 0.083597 0.217578 0.536376 0.347267 0.498418 0.286174 0.582015 0.399786 0.532309
0 0.430332 0.584049 0.181136 0.084501 0.339764 0.590601 0.441586 0.541798 0.392283 0.626299 0.520900 0.577497
0 0.531618 0.639178 0.195070 0.075463 0.434084 0.642567 0.565916 0.601446 0.480172 0.676909 0.629153 0.636240
0 0.621115 0.694306 0.198285 0.068233 0.521972 0.692273 0.677385 0.660190 0.568060 0.728423 0.720257 0.697695
0 0.676849 0.765251 0.215434 0.060099 0.569132 0.750565 0.752412 0.735201 0.585209 0.795300 0.784566 0.784004
0 0.685423 0.833484 0.243301 0.033891 0.577706 0.816539 0.783494 0.816990 0.563773 0.847718 0.807074 0.850429
0 0.669882 0.902847 0.267953 0.061455 0.562701 0.872119 0.803859 0.876638 0.535906 0.933574 0.795284 0.932219