0 0.482370 0.042386 0.122429 0.024006 0.425073 0.030383 0.541626 0.031508 0.421156 0.054014 0.543585 0.054389
0 0.473555 0.075956 0.120470 0.023631 0.420176 0.064516 0.533790 0.064141 0.413320 0.087772 0.530852 0.087772
0 0.477473 0.115904 0.145935 0.029257 0.420176 0.101275 0.535749 0.101650 0.404505 0.129782 0.550441 0.130533
0 0.490206 0.162791 0.149853 0.038260 0.437806 0.143661 0.565132 0.146662 0.415279 0.181920 0.555338 0.181545
0 0.481881 0.216617 0.123408 0.028132 0.428991 0.204426 0.533790 0.202551 0.420176 0.230683 0.543585 0.229557
0 0.460823 0.259752 0.155730 0.040885 0.426053 0.239310 0.538688 0.242311 0.382958 0.275694 0.525955 0.280195
0 0.446621 0.305889 0.158668 0.040885 0.385896 0.285446 0.525955 0.288072 0.367287 0.322956 0.525955 0.326332
0 0.436337 0.355026 0.153771 0.045386 0.365328 0.332333 0.513222 0.337584 0.359452 0.367592 0.508325 0.377719
0 0.412831 0.403601 0.167483 0.051763 0.354554 0.377719 0.496572 0.389347 0.329089 0.416729 0.483839 0.429482
0 0.389324 0.456302 0.161606 0.049887 0.326151 0.431358 0.470127 0.441860 0.308521 0.471493 0.450539 0.481245
0 0.362390 0.516129 0.164545 0.047262 0.291871 0.492873 0.443683 0.492498 0.280118 0.539760 0.444662 0.535634
0 0.373653 0.575956 0.169442 0.057389 0.288932 0.558515 0.448580 0.547262 0.289912 0.604651 0.458374 0.587772
0 0.397160 0.632033 0.200784 0.072768 0.296768 0.611778 0.460333 0.595649 0.340842 0.668417 0.497551 0.641785
0 0.476983 0.691298 0.219393 0.071268 0.367287 0.688672 0.511263 0.655664 0.436827 0.726932 0.586680 0.692798
0 0.577865 0.743811 0.203722 0.066767 0.476004 0.737809 0.627816 0.710428 0.506366 0.777194 0.679726 0.749812
0 0.637610 0.805514 0.229187 0.066392 0.523017 0.793323 0.710088 0.772318 0.560235 0.838710 0.752204 0.821080
0 0.664055 0.861778 0.188051 0.030383 0.570029 0.851838 0.754163 0.846587 0.571988 0.876969 0.758080 0.871343