0 0.500000 0.082141 0.138393 0.031380 0.430804 0.073373 0.569196 0.066451 0.446429 0.097831 0.566964 0.091832
0 0.516183 0.117905 0.128348 0.029995 0.452009 0.109829 0.575893 0.102907 0.463170 0.132903 0.580357 0.128288
0 0.528460 0.159206 0.119420 0.034149 0.468750 0.144439 0.588170 0.142132 0.470982 0.175819 0.581473 0.176281
0 0.513393 0.208353 0.133929 0.035533 0.463170 0.190586 0.580357 0.191970 0.446429 0.220581 0.575893 0.226119
0 0.502790 0.256345 0.146205 0.038302 0.439732 0.237194 0.575893 0.243193 0.429688 0.266267 0.550223 0.275496
0 0.471540 0.299262 0.139509 0.035533 0.419643 0.281495 0.541295 0.287956 0.401786 0.307799 0.523438 0.317028
0 0.448661 0.344485 0.138393 0.034610 0.405134 0.327180 0.517857 0.332257 0.379464 0.360868 0.512277 0.361791
0 0.451451 0.394555 0.126116 0.035994 0.397321 0.379326 0.506696 0.376557 0.388393 0.412552 0.514509 0.411168
0 0.473214 0.445778 0.138393 0.046147 0.404018 0.432395 0.514509 0.422704 0.412946 0.468851 0.542411 0.461006
0 0.498884 0.502077 0.142857 0.047993 0.428571 0.488233 0.547991 0.478080 0.427455 0.526073 0.570312 0.514075
0 0.521205 0.559760 0.171875 0.049838 0.435268 0.547762 0.581473 0.534841 0.459821 0.584679 0.607143 0.578219
0 0.544085 0.623904 0.159598 0.044301 0.465402 0.605445 0.618304 0.601754 0.464286 0.643747 0.623884 0.646054
0 0.544643 0.693124 0.158482 0.046147 0.465402 0.670051 0.623884 0.675127 0.476562 0.709275 0.620536 0.716197
0 0.525112 0.761191 0.177455 0.047531 0.455357 0.737425 0.613839 0.743424 0.436384 0.772035 0.587054 0.784956
0 0.494978 0.828565 0.199777 0.061375 0.417411 0.797877 0.594866 0.810798 0.395089 0.851407 0.570312 0.859252
0 0.487723 0.880480 0.187500 0.037840 0.393973 0.861560 0.581473 0.868482 0.405134 0.894785 0.572545 0.899400
0 0.491071 0.930549 0.200893 0.042916 0.390625 0.909091 0.590402 0.915551 0.393973 0.949239 0.591518 0.952007