0 0.544189 0.031940 0.202179 0.029968 0.443099 0.016956 0.645278 0.019322 0.450363 0.043375 0.635593 0.046924
0 0.542373 0.070781 0.191283 0.032729 0.446731 0.054416 0.638015 0.057571 0.449153 0.083991 0.622276 0.087145
0 0.536320 0.114748 0.179177 0.033912 0.449153 0.097792 0.625908 0.099763 0.446731 0.127760 0.623487 0.131703
0 0.529056 0.156940 0.188862 0.036278 0.446731 0.138801 0.623487 0.139196 0.434625 0.170741 0.623487 0.175079
0 0.521792 0.203076 0.203390 0.043375 0.427361 0.181388 0.623487 0.184543 0.420097 0.221609 0.617433 0.224763
0 0.514528 0.251774 0.198547 0.042192 0.420097 0.231861 0.613801 0.230678 0.415254 0.272871 0.611380 0.272476
0 0.516344 0.301853 0.202179 0.042192 0.415254 0.283123 0.617433 0.280757 0.417676 0.322950 0.613801 0.319795
0 0.524818 0.351932 0.209443 0.045347 0.420097 0.337539 0.613801 0.329259 0.430993 0.374606 0.629540 0.367508
0 0.551453 0.402208 0.211864 0.056782 0.445521 0.387618 0.634383 0.373817 0.468523 0.430599 0.657385 0.414038
0 0.599879 0.455047 0.231235 0.061514 0.484262 0.444006 0.669492 0.424290 0.512107 0.485804 0.715496 0.461751
0 0.659201 0.508872 0.253027 0.064274 0.532688 0.496451 0.715496 0.476735 0.569007 0.541009 0.785714 0.516167
0 0.712470 0.564274 0.267554 0.055205 0.578692 0.550473 0.806295 0.536672 0.582324 0.591877 0.846247 0.586751
0 0.709443 0.630323 0.273608 0.050868 0.576271 0.604890 0.842615 0.608044 0.572639 0.644322 0.846247 0.655757
0 0.686441 0.693021 0.309927 0.074527 0.576271 0.655757 0.841404 0.680599 0.531477 0.695978 0.790557 0.730284
0 0.599274 0.753155 0.312349 0.085174 0.506053 0.710568 0.755448 0.748423 0.443099 0.755126 0.697337 0.795741
0 0.503027 0.818612 0.315981 0.082019 0.404358 0.777603 0.661017 0.805994 0.345036 0.824133 0.617433 0.859621
0 0.429177 0.888407 0.357143 0.076498 0.320823 0.850158 0.607748 0.868691 0.250605 0.900237 0.604116 0.926656