0 0.489336 0.045330 0.191943 0.041209 0.393365 0.040293 0.569905 0.024725 0.414692 0.065934 0.585308 0.052198
0 0.516588 0.078297 0.187204 0.037546 0.422986 0.074176 0.591232 0.059524 0.441943 0.097070 0.610190 0.088370
0 0.523697 0.120421 0.184834 0.038462 0.433649 0.105769 0.616114 0.101190 0.431280 0.136447 0.610190 0.139652
0 0.521919 0.166438 0.195498 0.044414 0.433649 0.144231 0.619668 0.148810 0.424171 0.176282 0.595972 0.188645
0 0.490521 0.217720 0.203791 0.063645 0.418246 0.185897 0.592417 0.201923 0.388626 0.221154 0.542654 0.249542
0 0.412915 0.266484 0.202607 0.065934 0.376777 0.233516 0.514218 0.265110 0.311611 0.262821 0.449052 0.299451
0 0.331754 0.307234 0.208531 0.068681 0.296209 0.272894 0.436019 0.308150 0.227488 0.302656 0.370853 0.341575
0 0.247630 0.349130 0.208531 0.069139 0.197867 0.314560 0.351896 0.351190 0.143365 0.353022 0.305687 0.383700
0 0.199052 0.400412 0.210900 0.056319 0.124408 0.372253 0.304502 0.389652 0.093602 0.414835 0.273697 0.428571
0 0.191351 0.453297 0.212085 0.050366 0.086493 0.428114 0.277251 0.434066 0.085308 0.478480 0.297393 0.471154
0 0.203199 0.509386 0.223934 0.069139 0.091232 0.490842 0.290284 0.474817 0.116114 0.543956 0.315166 0.521520
0 0.260071 0.574405 0.264218 0.087454 0.127962 0.562729 0.323460 0.530678 0.174171 0.618132 0.392180 0.582875
0 0.327014 0.640339 0.274882 0.097527 0.189573 0.638736 0.405213 0.591575 0.261848 0.689103 0.464455 0.639194
0 0.448460 0.701694 0.304502 0.091117 0.296209 0.704212 0.503555 0.656136 0.351896 0.747253 0.600711 0.692308
0 0.533768 0.762592 0.299763 0.102106 0.383886 0.766484 0.614929 0.711538 0.426540 0.813645 0.683649 0.767857
0 0.596564 0.830815 0.313981 0.084707 0.439573 0.825549 0.713270 0.788462 0.483412 0.873168 0.753555 0.846154
0 0.649882 0.907280 0.321090 0.063645 0.489336 0.891941 0.787915 0.875458 0.491706 0.939103 0.810427 0.936355