0 0.451731 0.054763 0.158447 0.041651 0.372508 0.047435 0.522560 0.033938 0.397691 0.075588 0.530955 0.057462
0 0.493704 0.085808 0.156348 0.040494 0.415530 0.082144 0.533054 0.065561 0.450157 0.106055 0.571878 0.092943
0 0.543547 0.122445 0.151102 0.036637 0.467996 0.116853 0.587618 0.104126 0.497377 0.140764 0.619098 0.129194
0 0.563484 0.176629 0.138510 0.047821 0.497377 0.152719 0.632739 0.153876 0.494229 0.188585 0.621196 0.200540
0 0.528856 0.224836 0.167891 0.045507 0.482686 0.202083 0.612802 0.215195 0.444911 0.231778 0.569780 0.247590
0 0.481637 0.270922 0.174187 0.051292 0.438615 0.245276 0.568730 0.256845 0.394544 0.283070 0.563484 0.296568
0 0.457503 0.316429 0.172088 0.046664 0.385100 0.293097 0.543547 0.301967 0.371459 0.332819 0.530955 0.339761
0 0.448059 0.369456 0.182581 0.046278 0.359916 0.347474 0.516264 0.346317 0.356768 0.392595 0.539349 0.388353
0 0.461700 0.419591 0.172088 0.045507 0.375656 0.401080 0.524659 0.396838 0.377754 0.442345 0.547744 0.435789
0 0.489507 0.472233 0.179433 0.052063 0.399790 0.453143 0.551941 0.446201 0.417629 0.498265 0.579224 0.486309
0 0.517314 0.528346 0.190976 0.051678 0.421826 0.509834 0.583421 0.502507 0.430220 0.554184 0.612802 0.546471
0 0.533578 0.588700 0.173137 0.055920 0.453305 0.567297 0.620147 0.560740 0.447009 0.616660 0.616999 0.610490
0 0.547744 0.651755 0.190976 0.048592 0.452256 0.630544 0.643232 0.627459 0.457503 0.676051 0.629591 0.676051
0 0.554040 0.721558 0.186779 0.048592 0.460651 0.697648 0.647429 0.697262 0.464848 0.745854 0.643232 0.744697
0 0.547744 0.796182 0.218258 0.059005 0.451207 0.766680 0.652676 0.768993 0.438615 0.822985 0.656873 0.825685
0 0.547744 0.867914 0.228751 0.056691 0.437566 0.839568 0.660021 0.843039 0.433368 0.891631 0.662120 0.896259
0 0.547219 0.931354 0.254984 0.034709 0.419727 0.913999 0.661070 0.914385 0.421826 0.946009 0.674711 0.948708