0 0.525046 0.066989 0.133581 0.033610 0.458256 0.060773 0.583488 0.050184 0.478664 0.083794 0.591837 0.072284
0 0.549629 0.106123 0.128942 0.031768 0.485158 0.094843 0.593692 0.090239 0.501855 0.120626 0.614100 0.122007
0 0.551484 0.154696 0.119666 0.038674 0.506494 0.135359 0.611317 0.136280 0.491651 0.161142 0.591837 0.174033
0 0.508813 0.201888 0.115955 0.051105 0.487013 0.176335 0.566790 0.194291 0.450835 0.196133 0.522263 0.227440
0 0.431818 0.233425 0.138219 0.051565 0.422078 0.207643 0.500928 0.238029 0.362709 0.229282 0.446197 0.259208
0 0.358534 0.271179 0.127087 0.056169 0.333024 0.243094 0.422078 0.273020 0.294991 0.262891 0.378479 0.299263
0 0.278293 0.307090 0.142857 0.047882 0.267161 0.283149 0.349722 0.311234 0.206865 0.307090 0.318182 0.331031
0 0.237941 0.347376 0.141929 0.046501 0.191095 0.324125 0.308905 0.345304 0.166976 0.354512 0.275510 0.370626
0 0.207792 0.396179 0.126160 0.044659 0.161410 0.373849 0.270872 0.381676 0.144712 0.410221 0.253247 0.418508
0 0.208256 0.453039 0.151206 0.055249 0.132653 0.430018 0.252319 0.425414 0.151206 0.480663 0.283859 0.465930
0 0.247681 0.526243 0.166976 0.067219 0.164193 0.504604 0.283859 0.492634 0.216141 0.559853 0.331169 0.538674
0 0.306586 0.578269 0.143785 0.051565 0.234694 0.578729 0.343228 0.552486 0.264378 0.604052 0.378479 0.574125
0 0.392393 0.627993 0.152134 0.068140 0.316327 0.623849 0.420223 0.593923 0.352505 0.662063 0.468460 0.630295
0 0.481447 0.690147 0.172542 0.069982 0.395176 0.684162 0.504638 0.655157 0.439703 0.725138 0.567718 0.693370
0 0.553340 0.754144 0.195733 0.069061 0.455473 0.743094 0.603896 0.719613 0.487941 0.788674 0.651206 0.770718
0 0.580241 0.837017 0.179035 0.061694 0.495362 0.806630 0.656772 0.806169 0.490724 0.863720 0.669759 0.867864
0 0.567718 0.915516 0.205937 0.053867 0.482375 0.888582 0.670686 0.902394 0.464750 0.932320 0.638219 0.942449