0 0.537185 0.034838 0.205843 0.031113 0.434263 0.026731 0.636122 0.019281 0.442231 0.050394 0.640106 0.046450
0 0.542497 0.070333 0.203187 0.031113 0.440903 0.057406 0.644090 0.054777 0.459495 0.084575 0.644090 0.085890
0 0.552457 0.109334 0.183267 0.039001 0.460823 0.089833 0.644090 0.092025 0.463479 0.121823 0.621514 0.128834
0 0.527224 0.152717 0.180611 0.046012 0.458167 0.129711 0.617530 0.138037 0.436919 0.165644 0.600266 0.175723
0 0.484728 0.207493 0.199203 0.063541 0.413015 0.175723 0.584329 0.191937 0.385126 0.223926 0.549801 0.239264
0 0.447543 0.262270 0.207171 0.053024 0.386454 0.235758 0.551129 0.247152 0.343958 0.278265 0.528552 0.288782
0 0.424967 0.311788 0.207171 0.046889 0.335989 0.288344 0.528552 0.293164 0.321381 0.333041 0.515272 0.335232
0 0.424967 0.364812 0.212483 0.046889 0.318725 0.344873 0.516600 0.341367 0.318725 0.388256 0.531209 0.380806
0 0.448207 0.418493 0.235060 0.061350 0.330677 0.402279 0.537849 0.387818 0.361222 0.449167 0.565737 0.430762
0 0.505976 0.470859 0.265604 0.067046 0.373174 0.458370 0.569721 0.437336 0.434263 0.504382 0.638778 0.478528
0 0.590305 0.522349 0.285525 0.070990 0.447543 0.514461 0.644090 0.486854 0.494024 0.557844 0.733068 0.529798
0 0.660691 0.578440 0.301461 0.078002 0.509960 0.572305 0.750332 0.539439 0.561753 0.617441 0.811421 0.590710
0 0.707171 0.634531 0.314741 0.062226 0.572377 0.617441 0.844622 0.603418 0.549801 0.665644 0.864542 0.663015
0 0.707171 0.701358 0.322709 0.067923 0.597610 0.667397 0.868526 0.670026 0.545817 0.701139 0.845950 0.735320
0 0.673971 0.761393 0.328021 0.083699 0.563081 0.719544 0.837981 0.750219 0.509960 0.765118 0.771580 0.803243
0 0.594954 0.827344 0.329349 0.085013 0.492696 0.784838 0.759628 0.817704 0.430279 0.833918 0.705179 0.869851
0 0.513280 0.896582 0.333333 0.081507 0.395750 0.855828 0.679947 0.878177 0.346614 0.906223 0.642762 0.937336