0 0.566712 0.035268 0.264099 0.041516 0.434663 0.028617 0.674003 0.014510 0.453920 0.056026 0.698762 0.043128
0 0.584594 0.073962 0.244842 0.045546 0.462173 0.060863 0.707015 0.051189 0.484182 0.096735 0.696011 0.093511
0 0.585970 0.130189 0.236589 0.050786 0.484182 0.104796 0.704264 0.104796 0.467675 0.153970 0.682256 0.155582
0 0.578404 0.176139 0.243466 0.023378 0.459422 0.164450 0.690509 0.164450 0.456671 0.187021 0.700138 0.187827
0 0.581155 0.218662 0.248968 0.050383 0.456671 0.193470 0.705640 0.204756 0.462173 0.234180 0.676754 0.243853
0 0.557772 0.270254 0.237964 0.049577 0.460798 0.245466 0.676754 0.253527 0.438790 0.282547 0.645117 0.295042
0 0.520633 0.312777 0.257221 0.049980 0.438790 0.287787 0.649243 0.300282 0.392022 0.328900 0.614856 0.337767
0 0.497937 0.360943 0.225585 0.047158 0.392022 0.337364 0.610729 0.343007 0.385144 0.384522 0.603851 0.378879
0 0.515818 0.415558 0.255846 0.057235 0.393398 0.397017 0.614856 0.386941 0.387895 0.444176 0.643741 0.433696
0 0.559835 0.466344 0.291609 0.062878 0.414030 0.455865 0.660248 0.434905 0.444292 0.497783 0.705640 0.478839
0 0.618982 0.516324 0.313618 0.062878 0.462173 0.513100 0.718019 0.484885 0.514443 0.547763 0.775791 0.534865
0 0.646492 0.581620 0.294360 0.055623 0.499312 0.565095 0.790922 0.553809 0.503439 0.609432 0.793673 0.604595
0 0.654058 0.650343 0.339752 0.064087 0.493810 0.618299 0.781293 0.624748 0.484182 0.675131 0.823934 0.682386
0 0.640303 0.723096 0.367263 0.063684 0.475928 0.691254 0.823934 0.700927 0.456671 0.735187 0.821183 0.754938
0 0.590096 0.793833 0.393398 0.088271 0.462173 0.749698 0.786795 0.783152 0.393398 0.794438 0.726272 0.837969
0 0.502751 0.862152 0.397524 0.086256 0.365887 0.819025 0.701513 0.858122 0.303989 0.866989 0.636864 0.905280
0 0.406465 0.927852 0.433287 0.091898 0.279230 0.881902 0.623109 0.917372 0.189821 0.933092 0.551582 0.973801