0 0.493107 0.067071 0.173913 0.022292 0.406151 0.059445 0.580064 0.055925 0.413574 0.078217 0.577943 0.077043
0 0.492577 0.099140 0.153765 0.021510 0.415695 0.088776 0.565217 0.088385 0.415695 0.105201 0.569459 0.109894
0 0.495228 0.140790 0.137858 0.033633 0.426299 0.125929 0.564157 0.123973 0.431601 0.154087 0.556734 0.157607
0 0.495228 0.181854 0.142100 0.028158 0.428420 0.167775 0.566278 0.167775 0.424178 0.191631 0.562036 0.195933
0 0.487275 0.218811 0.136797 0.025420 0.441145 0.206492 0.555673 0.206101 0.418876 0.230348 0.537646 0.231521
0 0.472428 0.258115 0.117709 0.035980 0.415695 0.240125 0.531283 0.241689 0.413574 0.270239 0.531283 0.276105
0 0.475610 0.301134 0.143160 0.034415 0.413574 0.283926 0.534464 0.284709 0.404030 0.317951 0.547190 0.318342
0 0.475610 0.346500 0.151644 0.037544 0.404030 0.328119 0.546129 0.327728 0.399788 0.365272 0.551432 0.364099
0 0.485684 0.395190 0.167550 0.040282 0.401909 0.377004 0.553553 0.375049 0.401909 0.415330 0.569459 0.412984
0 0.494168 0.442511 0.161188 0.037153 0.413574 0.425499 0.565217 0.423934 0.420997 0.461087 0.574761 0.460696
0 0.514316 0.495698 0.173913 0.038717 0.427359 0.477513 0.588547 0.476339 0.437964 0.515057 0.601273 0.513883
0 0.529692 0.548299 0.174973 0.046148 0.442206 0.527571 0.615058 0.525225 0.451750 0.571373 0.617179 0.569417
0 0.531283 0.608135 0.171792 0.047712 0.445387 0.584278 0.617179 0.585843 0.452810 0.623778 0.598091 0.631991
0 0.518028 0.664451 0.198303 0.052405 0.437964 0.638248 0.617179 0.651545 0.418876 0.679312 0.585366 0.690653
0 0.485154 0.729761 0.225875 0.063355 0.396607 0.698084 0.598091 0.714509 0.372216 0.743058 0.555673 0.761439
0 0.444857 0.799765 0.244963 0.060227 0.340403 0.769652 0.567338 0.780993 0.322375 0.816973 0.536585 0.829879
0 0.411983 0.864881 0.223754 0.049668 0.304348 0.840047 0.523860 0.847869 0.300106 0.886195 0.513256 0.889714