0 0.589333 0.039676 0.229333 0.043402 0.474667 0.017975 0.704000 0.023235 0.474667 0.057869 0.704000 0.061377
0 0.585333 0.085708 0.232000 0.036388 0.474667 0.067514 0.701333 0.069268 0.469333 0.102148 0.694667 0.103902
0 0.585333 0.134809 0.226667 0.047786 0.472000 0.112670 0.698667 0.110916 0.474667 0.154318 0.689333 0.158702
0 0.587333 0.188295 0.214667 0.045156 0.485333 0.165717 0.694667 0.166594 0.480000 0.208242 0.689333 0.210872
0 0.590000 0.242218 0.209333 0.050416 0.485333 0.217887 0.692000 0.217010 0.490667 0.267427 0.694667 0.260412
0 0.600000 0.293512 0.240000 0.046909 0.488000 0.275756 0.706667 0.270057 0.480000 0.316966 0.720000 0.314336
0 0.609333 0.345024 0.248000 0.041210 0.488000 0.328803 0.725333 0.324419 0.485333 0.361245 0.733333 0.365629
0 0.602667 0.403989 0.272000 0.065322 0.488000 0.371328 0.738667 0.373082 0.466667 0.424375 0.717333 0.436651
0 0.588000 0.468435 0.264000 0.058308 0.464000 0.439281 0.720000 0.445419 0.456000 0.488821 0.717333 0.497589
0 0.578667 0.529154 0.288000 0.054362 0.464000 0.501973 0.722667 0.505042 0.434667 0.556335 0.714667 0.554581
0 0.594667 0.599518 0.293333 0.065322 0.448000 0.572118 0.720000 0.566857 0.469333 0.632179 0.741333 0.613766
0 0.641333 0.666813 0.328000 0.079790 0.477333 0.646646 0.752000 0.626918 0.517333 0.706708 0.805333 0.679965
0 0.695333 0.731477 0.340000 0.068829 0.525333 0.717229 0.813333 0.697063 0.538667 0.765892 0.865333 0.750986
0 0.644667 0.798334 0.430667 0.075406 0.506667 0.760631 0.860000 0.790881 0.429333 0.790881 0.778667 0.836037
0 0.520000 0.820254 0.322667 0.085927 0.421333 0.777291 0.681333 0.846559 0.358667 0.803156 0.601333 0.863218
0 0.398000 0.850943 0.358667 0.095572 0.313333 0.803156 0.577333 0.875055 0.218667 0.849189 0.517333 0.898729
0 0.314000 0.914511 0.412000 0.092065 0.192000 0.868479 0.520000 0.905743 0.108000 0.910127 0.496000 0.960544