0 0.565563 0.044471 0.201325 0.021176 0.478146 0.033882 0.666225 0.034824 0.464901 0.051765 0.659603 0.055059
0 0.546358 0.094588 0.184106 0.028235 0.463576 0.080471 0.638411 0.081882 0.454305 0.098353 0.618543 0.108706
0 0.533775 0.138118 0.182781 0.033412 0.458278 0.121412 0.625166 0.129412 0.442384 0.149647 0.613245 0.154824
0 0.513907 0.175765 0.174834 0.024000 0.449007 0.163765 0.601324 0.165647 0.426490 0.183059 0.596026 0.187765
0 0.507947 0.211765 0.213245 0.038588 0.419868 0.192471 0.614570 0.198588 0.401325 0.223059 0.590728 0.231059
0 0.476821 0.259294 0.174834 0.044235 0.402649 0.237176 0.564238 0.245176 0.389404 0.272471 0.545695 0.281412
0 0.447682 0.309647 0.227815 0.052706 0.386755 0.283294 0.561589 0.297412 0.333775 0.314353 0.500662 0.336000
0 0.368874 0.356000 0.226490 0.056000 0.311258 0.328000 0.482119 0.345412 0.255629 0.367059 0.464901 0.384000
0 0.320530 0.411294 0.230464 0.046118 0.219868 0.388235 0.435762 0.393882 0.205298 0.434353 0.430464 0.429647
0 0.349669 0.472235 0.251656 0.060706 0.223841 0.451765 0.437086 0.441882 0.256954 0.502588 0.475497 0.479059
0 0.405298 0.526353 0.272848 0.067294 0.268874 0.519529 0.482119 0.492706 0.320530 0.560000 0.541722 0.527529
0 0.503311 0.578824 0.254305 0.067765 0.376159 0.581647 0.558940 0.544941 0.427815 0.612706 0.630464 0.586353
0 0.595364 0.638824 0.300662 0.072941 0.445033 0.638588 0.660927 0.602353 0.501987 0.675294 0.745695 0.650824
0 0.641722 0.710588 0.255629 0.051765 0.513907 0.692706 0.745695 0.684706 0.543046 0.736471 0.769536 0.728000
0 0.633113 0.786588 0.251656 0.053176 0.516556 0.760000 0.735099 0.762353 0.507285 0.798588 0.758940 0.813176
0 0.579470 0.856471 0.303311 0.074353 0.460927 0.819294 0.731126 0.843765 0.427815 0.865412 0.695364 0.893647
0 0.527815 0.920941 0.292715 0.064000 0.385430 0.888941 0.674172 0.914824 0.381457 0.936941 0.634437 0.952941