0 0.424448 0.039243 0.268251 0.023151 0.290323 0.027668 0.558574 0.034444 0.292020 0.046866 0.539898 0.050819
0 0.414261 0.067758 0.244482 0.021457 0.295416 0.057030 0.536503 0.060418 0.292020 0.072276 0.521222 0.078487
0 0.397284 0.098250 0.203735 0.024845 0.297114 0.085827 0.499151 0.091474 0.295416 0.104461 0.482173 0.110672
0 0.376910 0.134670 0.173175 0.036702 0.290323 0.116318 0.463497 0.120271 0.292020 0.149633 0.458404 0.153021
0 0.384550 0.186053 0.232598 0.049125 0.295416 0.161491 0.465195 0.162055 0.268251 0.210615 0.500849 0.199322
0 0.427844 0.256352 0.230900 0.041784 0.312394 0.246753 0.514431 0.235460 0.342954 0.277245 0.543294 0.264257
0 0.499151 0.307171 0.258065 0.047431 0.370119 0.298701 0.599321 0.283456 0.429542 0.330887 0.628183 0.308300
0 0.585739 0.349520 0.275042 0.044043 0.448217 0.349520 0.691002 0.327499 0.451613 0.371542 0.723260 0.345567
0 0.606112 0.395822 0.292020 0.040655 0.460102 0.386222 0.752122 0.375494 0.485569 0.416149 0.736842 0.412761
0 0.550085 0.460757 0.275042 0.046302 0.466893 0.437606 0.687606 0.451722 0.412564 0.469791 0.646859 0.483907
0 0.506791 0.517222 0.249576 0.054207 0.405773 0.490119 0.631579 0.500847 0.382003 0.531903 0.599321 0.544325
0 0.473684 0.584416 0.220713 0.037267 0.368421 0.565782 0.584041 0.570299 0.363328 0.600791 0.544991 0.603049
0 0.446520 0.653586 0.237691 0.035573 0.327674 0.635799 0.565365 0.636928 0.353141 0.671372 0.555178 0.667420
0 0.455008 0.723038 0.241087 0.044608 0.341256 0.710333 0.573854 0.700734 0.334465 0.745342 0.575552 0.739695
0 0.486418 0.796160 0.266553 0.047431 0.353141 0.779785 0.575552 0.772445 0.371817 0.819876 0.619694 0.814229
0 0.504245 0.874929 0.329372 0.053642 0.390492 0.855449 0.616299 0.848108 0.339559 0.901750 0.668930 0.892716
0 0.517827 0.922643 0.349745 0.031621 0.342954 0.916996 0.692699 0.906832 0.353141 0.938453 0.684211 0.926031