0 0.524582 0.031420 0.152409 0.024337 0.448378 0.020705 0.600787 0.019252 0.464110 0.043589 0.600787 0.041409
0 0.532448 0.064293 0.136677 0.029786 0.468043 0.050854 0.597837 0.049401 0.464110 0.078097 0.600787 0.079186
0 0.533923 0.106611 0.139626 0.036687 0.465093 0.088267 0.598820 0.088631 0.464110 0.122412 0.603736 0.124955
0 0.522616 0.147294 0.156342 0.038140 0.470010 0.128224 0.600787 0.131130 0.444444 0.156556 0.590954 0.166364
0 0.496559 0.190701 0.178958 0.046495 0.442478 0.167454 0.586037 0.175808 0.407080 0.205594 0.568338 0.213948
0 0.468535 0.236833 0.168142 0.045768 0.412979 0.213948 0.552606 0.223393 0.384464 0.251725 0.529007 0.259717
0 0.443461 0.280240 0.161259 0.042499 0.375615 0.258990 0.524090 0.266981 0.362832 0.299673 0.512291 0.301489
0 0.439036 0.328187 0.160275 0.041773 0.364798 0.309117 0.516224 0.307301 0.358899 0.349074 0.519174 0.344715
0 0.452802 0.374137 0.187807 0.045768 0.358899 0.357792 0.525074 0.351253 0.372665 0.397021 0.546706 0.386487
0 0.485251 0.423175 0.213373 0.054486 0.378564 0.407919 0.552606 0.395932 0.392330 0.450418 0.591937 0.435162
0 0.515241 0.474755 0.216323 0.058845 0.407080 0.463131 0.601770 0.445332 0.418879 0.504177 0.623402 0.491464
0 0.542773 0.533236 0.226155 0.055212 0.429695 0.512532 0.635202 0.505630 0.435595 0.560843 0.655851 0.551398
0 0.554572 0.592263 0.218289 0.049037 0.445428 0.569924 0.650934 0.567744 0.445428 0.616055 0.663717 0.616782
0 0.546706 0.656375 0.234022 0.050854 0.445428 0.630948 0.661750 0.634580 0.429695 0.674537 0.663717 0.681802
0 0.526057 0.721213 0.263520 0.062114 0.432645 0.690156 0.657817 0.700327 0.394297 0.737014 0.645034 0.752270
0 0.492134 0.780785 0.280236 0.055576 0.381514 0.752997 0.632252 0.768616 0.355949 0.808572 0.352016 0.807483
0 0.458702 0.858518 0.311701 0.059208 0.350049 0.828914 0.604720 0.833273 0.302852 0.881220 0.614553 0.888122