0 0.502273 0.036118 0.181818 0.026231 0.411364 0.023810 0.586364 0.023002 0.415909 0.049233 0.593182 0.049233
0 0.501705 0.072639 0.157955 0.032284 0.422727 0.058111 0.580682 0.056497 0.426136 0.088781 0.573864 0.087167
0 0.494886 0.115617 0.157955 0.034302 0.420455 0.098467 0.573864 0.098467 0.415909 0.125504 0.565909 0.132768
0 0.480114 0.158999 0.178409 0.041969 0.413636 0.138015 0.569318 0.143261 0.390909 0.170299 0.559091 0.179984
0 0.458523 0.203995 0.185227 0.048023 0.388636 0.179984 0.551136 0.189669 0.365909 0.218725 0.521591 0.228006
0 0.435227 0.252825 0.177273 0.047215 0.361364 0.229217 0.523864 0.236077 0.346591 0.265940 0.521591 0.276433
0 0.425568 0.299637 0.187500 0.046408 0.342045 0.276433 0.519318 0.283293 0.331818 0.315981 0.517045 0.322841
0 0.421591 0.350484 0.200000 0.048023 0.331818 0.326473 0.504545 0.326473 0.321591 0.374496 0.521591 0.365617
0 0.436932 0.399112 0.219318 0.054076 0.327273 0.383374 0.521591 0.372074 0.339773 0.426150 0.546591 0.410412
0 0.480114 0.448547 0.246591 0.064165 0.356818 0.441082 0.559091 0.416465 0.396591 0.480630 0.603409 0.453188
0 0.559091 0.498991 0.265909 0.077078 0.426136 0.492736 0.615909 0.460452 0.479545 0.537530 0.692045 0.505246
0 0.628977 0.552865 0.273864 0.071025 0.492045 0.544391 0.704545 0.517353 0.529545 0.588378 0.765909 0.566586
0 0.676136 0.619048 0.254545 0.054076 0.548864 0.598870 0.793182 0.592010 0.561364 0.646086 0.803409 0.645278
0 0.666477 0.689064 0.273864 0.069814 0.561364 0.654157 0.803409 0.671509 0.529545 0.704197 0.780682 0.723971
0 0.615909 0.760089 0.315909 0.087571 0.521591 0.716303 0.773864 0.748588 0.457955 0.767151 0.694318 0.803874
0 0.510795 0.827482 0.337500 0.098063 0.422727 0.778450 0.679545 0.818806 0.342045 0.835351 0.620455 0.876513
0 0.435795 0.896287 0.355682 0.079903 0.287500 0.856336 0.613636 0.883777 0.257955 0.917676 0.580682 0.936239