0 0.555208 0.068867 0.297917 0.038305 0.418750 0.049715 0.704167 0.053790 0.406250 0.086390 0.702083 0.088020
0 0.556250 0.106764 0.279167 0.027710 0.416667 0.092910 0.695833 0.096170 0.452083 0.118989 0.683333 0.120619
0 0.606250 0.147514 0.241667 0.039120 0.485417 0.135289 0.704167 0.127954 0.489583 0.167074 0.727083 0.146699
0 0.625000 0.185412 0.241667 0.054605 0.504167 0.176039 0.727083 0.158109 0.504167 0.200489 0.745833 0.212714
0 0.583333 0.254686 0.291667 0.082315 0.472917 0.213529 0.729167 0.251019 0.437500 0.253464 0.635417 0.295844
0 0.491667 0.297066 0.254167 0.067645 0.397917 0.263244 0.618750 0.308883 0.364583 0.293399 0.587500 0.330888
0 0.491667 0.300734 0.237500 0.071720 0.418750 0.264874 0.610417 0.311328 0.372917 0.292584 0.597917 0.336593
0 0.455208 0.343113 0.285417 0.073350 0.337500 0.306438 0.597917 0.352893 0.312500 0.348818 0.568750 0.379788
0 0.435417 0.406683 0.275000 0.034230 0.297917 0.395273 0.568750 0.389568 0.300000 0.423798 0.572917 0.416463
0 0.436458 0.456805 0.264583 0.036675 0.304167 0.443358 0.556250 0.438468 0.304167 0.475143 0.568750 0.472698
0 0.437500 0.512225 0.262500 0.038305 0.306250 0.500408 0.568750 0.493073 0.306250 0.531377 0.556250 0.527302
0 0.437500 0.573350 0.262500 0.039935 0.306250 0.558272 0.568750 0.553382 0.306250 0.592502 0.560417 0.593317
0 0.442708 0.631214 0.272917 0.041565 0.306250 0.615322 0.579167 0.610432 0.316667 0.651997 0.572917 0.649552
0 0.444792 0.695599 0.268750 0.041565 0.310417 0.679707 0.579167 0.674817 0.325000 0.715566 0.579167 0.716381
0 0.455208 0.762429 0.285417 0.039935 0.312500 0.744906 0.591667 0.742461 0.316667 0.775061 0.597917 0.782396
0 0.450000 0.824368 0.312500 0.051345 0.310417 0.798696 0.606250 0.799511 0.293750 0.831296 0.591667 0.850041
0 0.442708 0.875306 0.302083 0.044010 0.304167 0.853301 0.591667 0.862266 0.291667 0.886716 0.593750 0.897310