0 0.548236 0.060900 0.146266 0.027153 0.475104 0.059348 0.604772 0.047324 0.486515 0.074476 0.621369 0.067494
0 0.561722 0.093677 0.140042 0.028317 0.491701 0.085725 0.618257 0.079519 0.500000 0.107836 0.631743 0.103957
0 0.580913 0.127618 0.134855 0.029480 0.513485 0.117921 0.634855 0.112878 0.513485 0.142358 0.648340 0.141195
0 0.573651 0.167378 0.132780 0.032196 0.515560 0.151280 0.640041 0.155159 0.507261 0.178433 0.629668 0.183476
0 0.554979 0.207719 0.132780 0.038402 0.496888 0.188518 0.621369 0.195888 0.488589 0.216835 0.613071 0.226920
0 0.526971 0.247673 0.151452 0.041505 0.473029 0.226920 0.602697 0.237005 0.451245 0.260279 0.580913 0.268425
0 0.489627 0.295190 0.143154 0.045772 0.446058 0.272304 0.561203 0.278510 0.418050 0.308766 0.547718 0.318076
0 0.455913 0.339604 0.156639 0.041505 0.415975 0.318852 0.534232 0.325834 0.377593 0.350272 0.513485 0.360357
0 0.429461 0.382079 0.161826 0.037238 0.372407 0.363460 0.510373 0.372382 0.348548 0.400698 0.496888 0.397595
0 0.427905 0.429403 0.158714 0.039566 0.348548 0.410784 0.491701 0.409620 0.350622 0.449185 0.507261 0.441040
0 0.436203 0.478860 0.164938 0.055469 0.353734 0.458107 0.505187 0.451125 0.372407 0.506594 0.518672 0.496509
0 0.479253 0.537626 0.197095 0.063615 0.380705 0.522886 0.540456 0.505818 0.407676 0.569434 0.577801 0.547324
0 0.539938 0.595811 0.200207 0.066718 0.439834 0.580683 0.594398 0.562452 0.473029 0.629170 0.640041 0.608999
0 0.587137 0.660396 0.213693 0.062452 0.480290 0.645462 0.667012 0.629170 0.507261 0.691621 0.693983 0.672614
0 0.630705 0.721684 0.203320 0.055469 0.529046 0.700931 0.715768 0.693949 0.547718 0.749418 0.732365 0.740109
0 0.642635 0.791117 0.227178 0.051590 0.529046 0.765322 0.756224 0.766486 0.537344 0.816912 0.747925 0.816912
0 0.623963 0.863460 0.227178 0.060512 0.537344 0.833204 0.737552 0.839023 0.510373 0.882467 0.720954 0.893716