0 0.628419 0.039504 0.193817 0.027561 0.531510 0.025723 0.725327 0.027102 0.541023 0.047313 0.712247 0.053284
0 0.623662 0.078089 0.172414 0.046853 0.546968 0.054662 0.709869 0.070280 0.537455 0.081305 0.684899 0.101516
0 0.587396 0.115296 0.173603 0.049610 0.531510 0.090492 0.674197 0.110243 0.500595 0.118971 0.640904 0.140101
0 0.532105 0.154800 0.186683 0.055122 0.485137 0.127239 0.625446 0.148829 0.438763 0.163068 0.586207 0.182361
0 0.478002 0.195452 0.206897 0.054662 0.425684 0.168121 0.581451 0.186036 0.374554 0.209463 0.565993 0.222784
0 0.464923 0.244373 0.218787 0.049610 0.373365 0.219568 0.570749 0.228296 0.355529 0.269178 0.574316 0.266881
0 0.466112 0.302251 0.218787 0.058797 0.356718 0.286633 0.575505 0.272853 0.378121 0.331649 0.574316 0.319247
0 0.493460 0.356224 0.214031 0.063849 0.386445 0.344511 0.579073 0.324299 0.409037 0.388149 0.600476 0.370234
0 0.543995 0.412265 0.217598 0.070280 0.435196 0.400092 0.609988 0.377124 0.469679 0.447405 0.652794 0.426734
0 0.598692 0.474506 0.234245 0.073496 0.481570 0.463023 0.656361 0.437758 0.512485 0.511254 0.715815 0.482315
0 0.664090 0.534681 0.272295 0.082683 0.527943 0.524575 0.728894 0.493339 0.563615 0.576022 0.800238 0.549839
0 0.690250 0.583372 0.262782 0.065227 0.560048 0.565916 0.789536 0.550758 0.558859 0.615985 0.821641 0.610932
0 0.718193 0.664217 0.287753 0.077170 0.587396 0.625632 0.862069 0.631144 0.574316 0.674782 0.820452 0.702802
0 0.670036 0.728985 0.307967 0.089113 0.575505 0.684428 0.824019 0.722095 0.516052 0.728985 0.747919 0.773542
0 0.574316 0.785714 0.275862 0.085898 0.500595 0.742765 0.712247 0.788700 0.436385 0.781350 0.634958 0.828663
0 0.451843 0.842444 0.321046 0.098300 0.385256 0.793294 0.612366 0.842444 0.291320 0.837391 0.537455 0.891594
0 0.359691 0.913872 0.315101 0.087735 0.254459 0.870005 0.517241 0.903078 0.202140 0.926964 0.491082 0.957740