0 0.523858 0.129822 0.129949 0.026441 0.460914 0.116602 0.588832 0.118769 0.458883 0.139142 0.588832 0.143043
0 0.515736 0.166016 0.127919 0.032076 0.462944 0.149978 0.579695 0.158648 0.451777 0.170785 0.574619 0.182055
0 0.496447 0.202861 0.129949 0.032943 0.443655 0.186389 0.561421 0.195925 0.431472 0.206329 0.536041 0.219332
0 0.469036 0.239272 0.134010 0.038145 0.419289 0.220199 0.536041 0.232770 0.402030 0.242739 0.513706 0.258344
0 0.440102 0.277200 0.132995 0.041179 0.400000 0.256610 0.506599 0.270048 0.373604 0.283485 0.479188 0.297789
0 0.407614 0.314261 0.126904 0.035544 0.366497 0.296489 0.471066 0.309493 0.344162 0.322497 0.444670 0.332033
0 0.379188 0.353489 0.106599 0.034244 0.339086 0.336368 0.432487 0.346337 0.325888 0.364976 0.427411 0.370611
0 0.364467 0.395752 0.115736 0.030342 0.307614 0.380581 0.422335 0.387516 0.306599 0.407022 0.409137 0.410923
0 0.351269 0.439749 0.121827 0.031643 0.301523 0.424794 0.412183 0.423927 0.290355 0.455570 0.406091 0.453836
0 0.358376 0.486563 0.127919 0.037711 0.294416 0.472475 0.408122 0.467707 0.308629 0.505418 0.422335 0.496749
0 0.384264 0.535977 0.137056 0.044647 0.315736 0.521023 0.430457 0.513654 0.331980 0.558301 0.452792 0.549198
0 0.407614 0.590594 0.128934 0.047248 0.343147 0.572605 0.454822 0.566970 0.354315 0.614218 0.472081 0.606849
0 0.434010 0.651495 0.137056 0.052016 0.365482 0.632857 0.486294 0.625488 0.378680 0.677503 0.502538 0.665800
0 0.450254 0.714348 0.153299 0.047681 0.373604 0.694408 0.511675 0.690507 0.385787 0.738188 0.526904 0.732120
0 0.459391 0.773949 0.145178 0.042913 0.386802 0.756827 0.529949 0.752492 0.390863 0.795405 0.531980 0.789337
0 0.468020 0.835501 0.160406 0.043780 0.387817 0.820980 0.539086 0.813611 0.392893 0.857391 0.548223 0.856090
0 0.472081 0.897919 0.170558 0.037711 0.389848 0.879497 0.553299 0.879064 0.386802 0.915041 0.557360 0.916775