0 0.528558 0.064834 0.126404 0.014772 0.465356 0.072220 0.591760 0.067706 0.471910 0.066475 0.588015 0.057448
0 0.543539 0.083504 0.120787 0.029955 0.483146 0.076734 0.596442 0.068527 0.486891 0.098482 0.603933 0.090685
0 0.552434 0.121256 0.117978 0.025031 0.493446 0.112844 0.610487 0.108740 0.499064 0.133771 0.611423 0.129668
0 0.566011 0.156545 0.117041 0.029134 0.507491 0.147312 0.613296 0.141978 0.508427 0.170702 0.624532 0.171112
0 0.559925 0.204555 0.127341 0.038982 0.507491 0.185064 0.623595 0.188757 0.496255 0.216249 0.601124 0.224046
0 0.531367 0.251334 0.137640 0.044727 0.482210 0.228970 0.600187 0.242922 0.462547 0.258925 0.567416 0.273697
0 0.486423 0.292573 0.128277 0.041034 0.450375 0.272056 0.550562 0.286418 0.422285 0.297907 0.526217 0.313090
0 0.450843 0.335248 0.122659 0.036110 0.409176 0.317193 0.512172 0.324990 0.389513 0.349610 0.502809 0.353303
0 0.430243 0.380386 0.132022 0.036931 0.385768 0.361920 0.496255 0.366844 0.364232 0.398851 0.482210 0.398441
0 0.428839 0.435166 0.127341 0.047189 0.365169 0.416496 0.482210 0.411572 0.381086 0.458761 0.492509 0.448913
0 0.453184 0.486664 0.129213 0.054165 0.388577 0.471892 0.502809 0.459581 0.412921 0.513746 0.517790 0.499795
0 0.491105 0.542881 0.139513 0.045958 0.421348 0.530160 0.536517 0.519902 0.450375 0.565860 0.560861 0.558884
0 0.523876 0.605047 0.122659 0.047189 0.462547 0.589659 0.573034 0.581453 0.468165 0.627411 0.585206 0.628642
0 0.531367 0.670702 0.139513 0.048831 0.461610 0.646286 0.601124 0.651621 0.462547 0.687320 0.592697 0.695117
0 0.521067 0.735330 0.147004 0.043496 0.453184 0.713582 0.594569 0.724251 0.447566 0.752975 0.579588 0.757078
0 0.485955 0.804062 0.172285 0.059499 0.420412 0.774313 0.572097 0.784161 0.399813 0.826016 0.560861 0.833812
0 0.469101 0.871563 0.179775 0.046779 0.379213 0.848174 0.556180 0.851867 0.382959 0.894953 0.558989 0.893311