0 0.533084 0.040839 0.150480 0.039294 0.461046 0.021192 0.608324 0.023841 0.457844 0.049448 0.586980 0.060486
0 0.516009 0.076821 0.137673 0.039735 0.456777 0.056954 0.584845 0.066225 0.447172 0.089625 0.578442 0.096689
0 0.493063 0.121192 0.143010 0.038411 0.449306 0.101987 0.564568 0.108168 0.421558 0.133775 0.553895 0.140397
0 0.474386 0.166225 0.144077 0.045475 0.424760 0.143488 0.546425 0.151876 0.402348 0.177483 0.529349 0.188962
0 0.451441 0.212141 0.149413 0.050773 0.401281 0.186755 0.526147 0.198234 0.376734 0.225166 0.505870 0.237528
0 0.431163 0.259161 0.143010 0.045916 0.376734 0.236203 0.502668 0.246799 0.359658 0.276380 0.486660 0.282119
0 0.416756 0.307506 0.141942 0.042826 0.357524 0.286093 0.486660 0.287859 0.345784 0.326269 0.487727 0.328918
0 0.427428 0.358278 0.148346 0.047241 0.353255 0.338190 0.488794 0.334658 0.353255 0.381898 0.501601 0.370419
0 0.458378 0.406402 0.188901 0.057837 0.363927 0.393377 0.508004 0.377483 0.391676 0.435320 0.552828 0.413687
0 0.506403 0.456733 0.195304 0.066667 0.408751 0.447241 0.563501 0.423400 0.450374 0.490066 0.604056 0.464901
0 0.572038 0.509272 0.217716 0.068433 0.463180 0.503753 0.618997 0.475055 0.498399 0.543488 0.680896 0.519205
0 0.616329 0.573289 0.231590 0.076380 0.500534 0.554967 0.691569 0.535099 0.505870 0.611479 0.732124 0.584989
0 0.618997 0.639735 0.232657 0.059161 0.528282 0.610155 0.735326 0.618543 0.502668 0.647241 0.715048 0.669316
0 0.577908 0.698234 0.261473 0.078146 0.484525 0.659161 0.708645 0.690066 0.447172 0.703311 0.654216 0.737307
0 0.508004 0.759603 0.249733 0.084327 0.421558 0.717439 0.632871 0.753201 0.383138 0.770861 0.588047 0.801766
0 0.451441 0.820751 0.251868 0.071523 0.354322 0.784989 0.577375 0.815011 0.325507 0.833554 0.543223 0.856512
0 0.435432 0.882119 0.262540 0.062693 0.312700 0.850773 0.542156 0.861810 0.304162 0.907285 0.566702 0.913466