0 0.520471 0.047865 0.158649 0.033708 0.446264 0.031011 0.599795 0.036404 0.441146 0.053933 0.588536 0.064719
0 0.505118 0.087865 0.162743 0.049888 0.439099 0.062921 0.586489 0.077303 0.423746 0.096629 0.572160 0.112809
0 0.477482 0.134382 0.154555 0.046742 0.425793 0.111011 0.554759 0.125843 0.400205 0.139775 0.538383 0.157753
0 0.448823 0.177753 0.154555 0.049888 0.396111 0.152809 0.526100 0.174382 0.371546 0.181124 0.487206 0.202697
0 0.392016 0.221348 0.167861 0.054382 0.351075 0.194157 0.475947 0.212584 0.308086 0.226067 0.444217 0.248539
0 0.358240 0.263595 0.161720 0.048989 0.307062 0.239101 0.439099 0.256629 0.277380 0.279101 0.412487 0.288090
0 0.345957 0.310562 0.149437 0.042247 0.278403 0.289438 0.413511 0.293933 0.271238 0.328989 0.420676 0.331685
0 0.358240 0.361348 0.161720 0.047640 0.277380 0.345169 0.423746 0.337528 0.283521 0.385169 0.439099 0.367191
0 0.375128 0.406742 0.183214 0.062921 0.283521 0.396854 0.446264 0.375281 0.323439 0.438202 0.466735 0.410337
0 0.437564 0.457079 0.191402 0.068315 0.341863 0.452135 0.484135 0.422921 0.377687 0.491236 0.533265 0.455730
0 0.502047 0.504719 0.211873 0.075506 0.396111 0.503371 0.549642 0.466966 0.425793 0.542472 0.607984 0.504719
0 0.557830 0.559101 0.229273 0.071011 0.443193 0.560000 0.622313 0.523596 0.475947 0.594607 0.672467 0.563146
0 0.600819 0.616629 0.241556 0.058427 0.480041 0.607640 0.681679 0.587416 0.505629 0.645843 0.721597 0.632360
0 0.621290 0.687865 0.219038 0.052584 0.511771 0.661573 0.723644 0.663371 0.515865 0.704270 0.730809 0.714157
0 0.598260 0.755506 0.224156 0.065618 0.508700 0.722697 0.710338 0.737079 0.486182 0.764944 0.684749 0.788315
0 0.550665 0.824719 0.247697 0.078202 0.473900 0.785618 0.674514 0.815730 0.426817 0.830112 0.632549 0.863820
0 0.486182 0.894382 0.272262 0.079101 0.407369 0.854831 0.622313 0.889888 0.350051 0.897079 0.578301 0.933933