0 0.490206 0.069982 0.134182 0.037753 0.423115 0.064917 0.555338 0.051105 0.440744 0.088858 0.557297 0.077808
0 0.524976 0.110958 0.117532 0.046041 0.466210 0.100368 0.571988 0.087937 0.479922 0.133978 0.583741 0.124309
0 0.531832 0.152394 0.109696 0.029466 0.487757 0.141805 0.586680 0.137661 0.476983 0.165285 0.584721 0.167127
0 0.523017 0.195902 0.123408 0.039134 0.475024 0.176335 0.584721 0.180018 0.461312 0.200276 0.568071 0.215470
0 0.506366 0.235958 0.113614 0.040055 0.459354 0.215930 0.563173 0.226980 0.449559 0.244015 0.556317 0.255985
0 0.465720 0.278315 0.093046 0.038214 0.431929 0.259208 0.512243 0.271179 0.419197 0.286372 0.501469 0.297422
0 0.438785 0.320902 0.123408 0.038674 0.399608 0.301565 0.500490 0.310773 0.377081 0.328729 0.486778 0.340239
0 0.415769 0.364411 0.108717 0.036372 0.366308 0.346225 0.470127 0.351289 0.361410 0.378913 0.463271 0.382597
0 0.416259 0.412523 0.109696 0.037753 0.371205 0.397790 0.464251 0.393646 0.361410 0.431400 0.471107 0.430479
0 0.431929 0.463858 0.121450 0.043738 0.379040 0.449355 0.483839 0.441989 0.371205 0.485727 0.492654 0.481123
0 0.466210 0.518646 0.141038 0.052947 0.395691 0.505064 0.497551 0.492173 0.407444 0.545120 0.536729 0.531768
0 0.500490 0.576427 0.135162 0.058011 0.432909 0.560773 0.539667 0.547422 0.438785 0.605433 0.568071 0.592081
0 0.529873 0.637431 0.154750 0.057551 0.452498 0.622007 0.578844 0.608656 0.483839 0.666206 0.607248 0.650092
0 0.570519 0.698204 0.134182 0.052026 0.503428 0.686464 0.620960 0.672192 0.522037 0.724217 0.637610 0.712707
0 0.604309 0.761280 0.131244 0.040055 0.538688 0.753223 0.648384 0.741252 0.547502 0.781308 0.669931 0.777624
0 0.607248 0.830110 0.131244 0.046041 0.548482 0.807090 0.668952 0.808011 0.541626 0.843923 0.672870 0.853131
0 0.586680 0.894107 0.156709 0.050645 0.531832 0.868785 0.665034 0.873389 0.508325 0.914365 0.648384 0.919429