0 0.537251 0.036202 0.180483 0.028548 0.447009 0.025238 0.627492 0.021928 0.461700 0.050476 0.627492 0.045925
0 0.552991 0.075093 0.169990 0.035168 0.467996 0.061233 0.624344 0.057509 0.475341 0.092677 0.637985 0.092677
0 0.556663 0.123293 0.143757 0.038064 0.485834 0.104261 0.628541 0.108813 0.484785 0.136947 0.627492 0.142325
0 0.546170 0.169839 0.164743 0.045925 0.485834 0.146876 0.628541 0.159702 0.463799 0.174183 0.601259 0.192801
0 0.495278 0.209350 0.167891 0.054613 0.457503 0.182044 0.579224 0.204799 0.411333 0.208523 0.533054 0.236657
0 0.431270 0.246587 0.182581 0.056268 0.400839 0.218453 0.522560 0.245345 0.339979 0.246587 0.466946 0.274721
0 0.354145 0.283823 0.192025 0.064543 0.317943 0.251552 0.450157 0.283409 0.258132 0.285064 0.400839 0.316094
0 0.290136 0.323335 0.194124 0.062474 0.243442 0.292098 0.387198 0.323955 0.193074 0.327679 0.329486 0.354572
0 0.230850 0.368018 0.188877 0.056682 0.168940 0.339677 0.325289 0.363674 0.136411 0.383120 0.318993 0.396359
0 0.216684 0.423873 0.192025 0.053372 0.122770 0.397187 0.312697 0.405461 0.120672 0.450559 0.311647 0.447249
0 0.231375 0.484071 0.206716 0.047993 0.128017 0.465453 0.314795 0.460074 0.136411 0.508068 0.334732 0.489450
0 0.269150 0.535374 0.246590 0.072818 0.145855 0.521721 0.338930 0.498966 0.202518 0.571783 0.392445 0.537029
0 0.352046 0.592263 0.259182 0.084816 0.222455 0.585023 0.414481 0.549855 0.277020 0.634671 0.481637 0.598262
0 0.430745 0.652462 0.252886 0.086885 0.304302 0.646256 0.501574 0.609019 0.359916 0.695904 0.557188 0.655772
0 0.509969 0.714315 0.268625 0.083161 0.375656 0.710799 0.589717 0.672735 0.411333 0.755896 0.644281 0.726520
0 0.547219 0.782995 0.248688 0.055854 0.433368 0.764998 0.658972 0.755068 0.422875 0.810923 0.671564 0.810923
0 0.544596 0.859537 0.243442 0.059164 0.422875 0.829955 0.666317 0.830782 0.424974 0.889119 0.658972 0.886223