0 0.428988 0.017817 0.266537 0.031180 0.295720 0.007238 0.550584 0.002227 0.315175 0.033408 0.562257 0.021715
0 0.461089 0.054287 0.272374 0.042873 0.324903 0.044543 0.573930 0.032851 0.350195 0.075724 0.597276 0.066258
0 0.500973 0.101336 0.262646 0.043430 0.369650 0.089087 0.603113 0.079621 0.369650 0.123051 0.632296 0.111359
0 0.517510 0.148664 0.252918 0.043430 0.391051 0.136414 0.630350 0.126949 0.392996 0.170379 0.643969 0.162027
0 0.538911 0.197661 0.264591 0.044543 0.406615 0.184855 0.655642 0.175390 0.412451 0.219933 0.671206 0.213252
0 0.560311 0.245824 0.264591 0.038419 0.428016 0.232739 0.678988 0.226615 0.437743 0.265033 0.692607 0.265033
0 0.588521 0.298163 0.270428 0.042873 0.453307 0.285078 0.706226 0.276726 0.455253 0.319599 0.723735 0.314031
0 0.607004 0.352171 0.268482 0.045100 0.474708 0.336860 0.727626 0.329621 0.472763 0.374165 0.741245 0.374722
0 0.608949 0.407572 0.272374 0.042316 0.478599 0.389755 0.745136 0.386414 0.472763 0.427617 0.739300 0.428731
0 0.607004 0.464365 0.295720 0.042316 0.478599 0.448775 0.750973 0.443207 0.459144 0.484967 0.754864 0.485523
0 0.619650 0.529788 0.309339 0.045100 0.464981 0.511136 0.774319 0.507238 0.464981 0.552339 0.772374 0.547327
0 0.624514 0.590200 0.338521 0.041203 0.455253 0.572940 0.785992 0.569599 0.466926 0.610802 0.793774 0.609688
0 0.628405 0.659800 0.334630 0.044543 0.466926 0.637528 0.795720 0.638085 0.461089 0.678174 0.793774 0.682071
0 0.632296 0.726893 0.346303 0.046214 0.459144 0.703786 0.805447 0.711025 0.459144 0.738307 0.801556 0.750000
0 0.606031 0.801225 0.391051 0.069042 0.437743 0.766704 0.801556 0.783964 0.410506 0.807350 0.785992 0.835746
0 0.521401 0.865256 0.494163 0.087973 0.365759 0.821270 0.768483 0.867483 0.274319 0.861359 0.704280 0.909243
0 0.428016 0.921492 0.525292 0.099109 0.250973 0.871938 0.690661 0.917038 0.165370 0.903118 0.533074 0.971047