0 0.582560 0.059778 0.141002 0.037213 0.521336 0.041172 0.653061 0.048298 0.512059 0.068884 0.640074 0.078385
0 0.548238 0.104513 0.142857 0.050673 0.499072 0.079177 0.619666 0.091845 0.476809 0.112431 0.595547 0.129850
0 0.501855 0.148456 0.139147 0.054632 0.461967 0.121140 0.571429 0.142518 0.432282 0.150435 0.545455 0.175772
0 0.450835 0.189628 0.126160 0.053048 0.413729 0.163104 0.513915 0.184481 0.387755 0.187648 0.491651 0.216152
0 0.394249 0.226049 0.146568 0.053048 0.374768 0.199525 0.467532 0.224861 0.320965 0.224861 0.413729 0.252573
0 0.320037 0.262866 0.157699 0.052257 0.304267 0.236738 0.398887 0.264450 0.241187 0.266033 0.343228 0.288994
0 0.243970 0.302850 0.153989 0.057799 0.213358 0.273951 0.320965 0.298496 0.166976 0.310372 0.280148 0.331750
0 0.191095 0.353523 0.152134 0.056215 0.146568 0.325416 0.267161 0.343626 0.115028 0.368963 0.239332 0.381631
0 0.165121 0.405780 0.148423 0.046714 0.109462 0.382423 0.239332 0.391924 0.090909 0.425178 0.226345 0.429137
0 0.171614 0.466350 0.161410 0.052257 0.090909 0.444181 0.222635 0.440222 0.100186 0.492478 0.252319 0.481394
0 0.198516 0.522565 0.181818 0.069675 0.107607 0.507522 0.256030 0.487728 0.142857 0.557403 0.289425 0.532067
0 0.269944 0.581948 0.220779 0.080760 0.159555 0.570863 0.309833 0.541568 0.233766 0.622328 0.380334 0.582740
0 0.368275 0.633808 0.224490 0.084719 0.256030 0.639747 0.404453 0.591449 0.320965 0.676168 0.480519 0.635788
0 0.474026 0.692795 0.224490 0.083927 0.361781 0.695170 0.519481 0.650831 0.417440 0.734758 0.586271 0.693587
0 0.558442 0.758116 0.244898 0.078385 0.435993 0.751386 0.604824 0.718923 0.473098 0.797308 0.680891 0.768804
0 0.610390 0.829770 0.241187 0.074426 0.489796 0.813143 0.692022 0.792557 0.515770 0.866983 0.730983 0.851148
0 0.626160 0.899842 0.231911 0.024545 0.517625 0.887569 0.725417 0.887569 0.510204 0.912114 0.742115 0.909739