0 0.471831 0.024960 0.278873 0.022544 0.332394 0.016908 0.608451 0.013688 0.343662 0.036232 0.611268 0.034622
0 0.480282 0.059581 0.250704 0.028986 0.354930 0.047504 0.605634 0.045089 0.360563 0.073269 0.591549 0.074074
0 0.473239 0.103060 0.247887 0.032206 0.360563 0.086957 0.580282 0.086957 0.349296 0.115137 0.597183 0.119163
0 0.474648 0.138084 0.250704 0.028180 0.349296 0.123994 0.600000 0.128019 0.363380 0.148953 0.597183 0.152174
0 0.485915 0.179549 0.245070 0.040258 0.369014 0.159420 0.600000 0.160225 0.363380 0.198873 0.608451 0.199678
0 0.491549 0.233092 0.245070 0.042673 0.369014 0.213366 0.605634 0.211755 0.377465 0.254428 0.614084 0.254428
0 0.497183 0.288245 0.233803 0.046699 0.380282 0.267311 0.611268 0.264895 0.383099 0.311594 0.614084 0.309984
0 0.497183 0.345008 0.239437 0.052335 0.377465 0.321256 0.614084 0.318841 0.377465 0.368760 0.616901 0.371176
0 0.490141 0.405395 0.270423 0.045894 0.369014 0.382448 0.625352 0.382448 0.354930 0.427536 0.622535 0.428341
0 0.494366 0.462158 0.267606 0.048309 0.366197 0.442029 0.614084 0.438003 0.360563 0.486312 0.628169 0.484702
0 0.500000 0.521739 0.284507 0.053140 0.360563 0.500805 0.625352 0.495169 0.357746 0.548309 0.642254 0.545089
0 0.521127 0.582126 0.304225 0.056361 0.369014 0.565217 0.656338 0.553945 0.369014 0.610306 0.673239 0.607085
0 0.533803 0.652577 0.307042 0.065217 0.380282 0.627214 0.687324 0.619968 0.397183 0.678744 0.664789 0.685185
0 0.516901 0.727456 0.329577 0.068438 0.377465 0.693237 0.681690 0.697262 0.352113 0.744767 0.681690 0.761675
0 0.492958 0.788647 0.360563 0.065217 0.352113 0.756039 0.673239 0.767311 0.312676 0.803543 0.664789 0.821256
0 0.473239 0.845008 0.366197 0.052335 0.301408 0.818841 0.656338 0.825282 0.290141 0.865539 0.647887 0.871176
0 0.464789 0.919082 0.349296 0.055556 0.290141 0.891304 0.633803 0.892915 0.295775 0.946860 0.639437 0.945250