0 0.481481 0.024578 0.159844 0.025346 0.407407 0.018433 0.561404 0.011905 0.401559 0.037250 0.557505 0.033794
0 0.489279 0.057412 0.144250 0.024962 0.417154 0.046851 0.554581 0.044931 0.418129 0.069892 0.561404 0.069892
0 0.492690 0.094278 0.117934 0.025730 0.433723 0.081413 0.549708 0.082565 0.435673 0.105607 0.551657 0.107143
0 0.495127 0.133065 0.118908 0.024962 0.438596 0.120584 0.554581 0.120584 0.435673 0.144393 0.553606 0.145545
0 0.493177 0.179339 0.126706 0.037634 0.430799 0.160522 0.556530 0.164363 0.429825 0.194316 0.553606 0.198157
0 0.491715 0.231567 0.145224 0.037634 0.425926 0.212750 0.545809 0.213518 0.419103 0.246544 0.564327 0.250384
0 0.500487 0.282834 0.151072 0.038018 0.424951 0.265361 0.559454 0.263825 0.428850 0.301843 0.576023 0.296851
0 0.511696 0.330837 0.148148 0.044163 0.437622 0.315668 0.569201 0.308756 0.446394 0.352919 0.585770 0.341398
0 0.529727 0.376536 0.158869 0.040323 0.450292 0.362903 0.589669 0.356375 0.456140 0.396697 0.609162 0.391705
0 0.546784 0.429147 0.152047 0.044163 0.471735 0.411290 0.605263 0.407066 0.470760 0.451229 0.622807 0.445084
0 0.552632 0.481375 0.155945 0.042627 0.474659 0.463902 0.618908 0.460061 0.474659 0.501152 0.630604 0.502688
0 0.543372 0.536098 0.174464 0.046851 0.468811 0.512673 0.630604 0.516129 0.456140 0.548771 0.610136 0.559524
0 0.513645 0.592550 0.167641 0.047619 0.451267 0.568740 0.597466 0.580645 0.429825 0.606759 0.580897 0.616359
0 0.480019 0.653418 0.174464 0.059524 0.423977 0.623656 0.567251 0.636713 0.392788 0.673579 0.541910 0.683180
0 0.457115 0.726767 0.169591 0.051075 0.389864 0.701229 0.541910 0.704301 0.372320 0.751536 0.539961 0.752304
0 0.460526 0.801075 0.186160 0.054531 0.367446 0.773810 0.539961 0.774194 0.369396 0.828341 0.553606 0.827573
0 0.461014 0.868472 0.183236 0.040323 0.369396 0.849078 0.552632 0.848310 0.371345 0.888633 0.551657 0.886713