0 0.488057 0.043746 0.183121 0.025878 0.396497 0.036969 0.568471 0.030807 0.399682 0.056685 0.579618 0.054837
0 0.492038 0.078250 0.175159 0.029575 0.404459 0.066543 0.579618 0.063463 0.407643 0.093038 0.579618 0.092421
0 0.498408 0.116143 0.162420 0.031423 0.417197 0.102280 0.579618 0.100431 0.423567 0.131855 0.574841 0.128774
0 0.500000 0.157733 0.149682 0.033272 0.429936 0.142945 0.574841 0.141097 0.425159 0.174368 0.574841 0.173752
0 0.508758 0.201171 0.157643 0.037585 0.429936 0.186691 0.579618 0.182378 0.429936 0.219963 0.587580 0.217498
0 0.520701 0.249230 0.159236 0.047443 0.441083 0.230437 0.593949 0.225508 0.449045 0.272951 0.600318 0.266174
0 0.533440 0.296673 0.168790 0.043746 0.450637 0.282810 0.601911 0.274800 0.449045 0.318546 0.617834 0.313617
0 0.545382 0.342267 0.189490 0.040049 0.450637 0.327172 0.621019 0.322243 0.453822 0.362292 0.640127 0.357979
0 0.557325 0.386938 0.191083 0.041898 0.461783 0.370918 0.643312 0.365989 0.461783 0.407887 0.652866 0.406038
0 0.562102 0.439310 0.213376 0.045595 0.466561 0.420826 0.648089 0.416513 0.455414 0.462107 0.668790 0.457178
0 0.562102 0.491066 0.213376 0.043130 0.463376 0.473198 0.659236 0.469501 0.455414 0.508934 0.668790 0.512631
0 0.558917 0.546211 0.235669 0.042514 0.463376 0.524954 0.676752 0.531731 0.441083 0.562539 0.660828 0.567468
0 0.550159 0.604744 0.243631 0.048675 0.437898 0.580407 0.671975 0.586568 0.428344 0.622921 0.667197 0.629082
0 0.525478 0.668207 0.251592 0.054837 0.417197 0.640789 0.651274 0.647566 0.399682 0.680838 0.640127 0.695625
0 0.497611 0.725816 0.281847 0.054221 0.383758 0.698706 0.638535 0.712261 0.356688 0.739988 0.617834 0.752927
0 0.476911 0.791744 0.297771 0.059150 0.348726 0.762169 0.625796 0.772027 0.328025 0.809612 0.601911 0.821319
0 0.449841 0.862908 0.304140 0.063463 0.323248 0.831177 0.601911 0.839187 0.297771 0.884781 0.600318 0.894640