0 0.519834 0.071194 0.120849 0.022569 0.463100 0.061551 0.580258 0.059910 0.459410 0.080427 0.576568 0.082478
0 0.514299 0.112023 0.124539 0.033648 0.455720 0.095199 0.576568 0.096020 0.452030 0.123102 0.575646 0.128847
0 0.511531 0.151005 0.128229 0.036931 0.455720 0.132540 0.575646 0.141157 0.447417 0.158802 0.566421 0.169471
0 0.496310 0.192450 0.136531 0.047600 0.446494 0.168650 0.564576 0.178498 0.428044 0.202708 0.551661 0.216249
0 0.475554 0.238818 0.135609 0.040213 0.419742 0.218712 0.543358 0.229380 0.407749 0.251128 0.522140 0.258925
0 0.450184 0.285597 0.138376 0.036110 0.398524 0.267542 0.519373 0.274928 0.380996 0.297087 0.500000 0.303652
0 0.423432 0.334017 0.149446 0.036931 0.358856 0.315552 0.498155 0.321297 0.348708 0.350021 0.478782 0.352483
0 0.400830 0.385925 0.131919 0.041444 0.342251 0.365203 0.458487 0.367665 0.334871 0.406648 0.466790 0.400903
0 0.413745 0.439064 0.155904 0.054165 0.335793 0.423471 0.469557 0.411982 0.362546 0.466147 0.491697 0.447271
0 0.457103 0.490357 0.165129 0.059089 0.374539 0.481740 0.509225 0.460812 0.409594 0.519902 0.539668 0.494871
0 0.511993 0.542060 0.171587 0.058268 0.426199 0.535084 0.560886 0.512926 0.452030 0.571194 0.597786 0.549036
0 0.550738 0.601149 0.177122 0.053344 0.462177 0.591711 0.613469 0.574477 0.491697 0.627821 0.639299 0.617973
0 0.580720 0.663110 0.170664 0.045958 0.495387 0.647928 0.654982 0.640131 0.514760 0.680345 0.666052 0.686089
0 0.574262 0.723841 0.176199 0.050062 0.506458 0.698810 0.662362 0.707017 0.486162 0.736151 0.639299 0.748872
0 0.544742 0.780263 0.178044 0.053755 0.474170 0.753385 0.633764 0.768568 0.455720 0.790316 0.619004 0.807140
0 0.490314 0.848584 0.209410 0.067296 0.422509 0.814936 0.595018 0.835864 0.385609 0.866229 0.564576 0.882232
0 0.455258 0.915060 0.200185 0.045958 0.366236 0.892080 0.555351 0.902749 0.355166 0.931883 0.537823 0.938039