0 0.499487 0.045747 0.136550 0.032216 0.431212 0.042096 0.567762 0.029639 0.442505 0.061856 0.559548 0.056271
0 0.518480 0.082689 0.131417 0.027921 0.452772 0.076460 0.575975 0.068729 0.466119 0.096649 0.584189 0.093213
0 0.531828 0.120704 0.125257 0.032646 0.469199 0.107818 0.589322 0.104381 0.487680 0.135739 0.594456 0.137027
0 0.542608 0.165593 0.113963 0.032216 0.485626 0.150344 0.599589 0.149485 0.487680 0.177405 0.586242 0.181701
0 0.522074 0.213058 0.128337 0.044674 0.485626 0.190722 0.586242 0.195017 0.457906 0.222079 0.579055 0.235395
0 0.495380 0.256658 0.128337 0.049399 0.455852 0.231959 0.559548 0.246564 0.431212 0.265464 0.532854 0.281357
0 0.464066 0.303479 0.123203 0.046821 0.426078 0.280069 0.525667 0.291237 0.402464 0.317010 0.506160 0.326890
0 0.430698 0.350515 0.120123 0.044674 0.391170 0.328179 0.490760 0.339347 0.370637 0.360825 0.466119 0.372852
0 0.414271 0.400773 0.136550 0.040378 0.359343 0.380584 0.482546 0.387457 0.345996 0.417526 0.464066 0.420962
0 0.409138 0.454682 0.136550 0.042526 0.340862 0.433419 0.472279 0.433419 0.340862 0.475945 0.477413 0.472509
0 0.426078 0.510524 0.149897 0.053694 0.351129 0.494845 0.485626 0.483677 0.354209 0.537371 0.501027 0.524914
0 0.464066 0.572165 0.176591 0.062715 0.375770 0.554124 0.509240 0.540808 0.402464 0.603522 0.552361 0.583333
0 0.515914 0.634665 0.183778 0.067440 0.424025 0.622423 0.570842 0.600945 0.452772 0.668385 0.607803 0.649055
0 0.550821 0.702964 0.173511 0.060567 0.464066 0.689433 0.632444 0.672680 0.498973 0.733247 0.637577 0.719931
0 0.586242 0.774485 0.168378 0.048969 0.502053 0.753436 0.662218 0.750000 0.515400 0.798969 0.670431 0.795962
0 0.591376 0.844931 0.178645 0.051546 0.502053 0.819158 0.680698 0.819158 0.504107 0.869845 0.667351 0.870704
0 0.560575 0.919888 0.203285 0.064863 0.488706 0.887457 0.662218 0.900773 0.458932 0.937715 0.648871 0.952320