0 0.480072 0.063054 0.213768 0.028153 0.386473 0.048978 0.585749 0.049364 0.373188 0.075974 0.586957 0.077131
0 0.480072 0.106055 0.194444 0.033166 0.382850 0.090243 0.577295 0.089472 0.382850 0.122638 0.577295 0.121867
0 0.484903 0.148284 0.175121 0.032009 0.397343 0.135364 0.560386 0.132279 0.402174 0.164288 0.572464 0.158504
0 0.487319 0.186078 0.177536 0.025067 0.422705 0.173544 0.560386 0.173930 0.398551 0.198612 0.576087 0.193212
0 0.489734 0.228693 0.184783 0.016197 0.397343 0.220594 0.580918 0.223293 0.403382 0.235249 0.582126 0.236791
0 0.496377 0.268029 0.200483 0.029310 0.398551 0.253374 0.589372 0.256845 0.396135 0.282684 0.596618 0.279599
0 0.489734 0.314693 0.221014 0.031624 0.392512 0.300424 0.600242 0.298882 0.379227 0.330505 0.585749 0.326649
0 0.484903 0.366564 0.233092 0.034323 0.386473 0.349402 0.597826 0.354801 0.368357 0.380255 0.601449 0.383725
0 0.487923 0.420170 0.224638 0.039722 0.384058 0.400309 0.600242 0.400309 0.375604 0.440031 0.596618 0.440031
0 0.490942 0.473197 0.230676 0.040108 0.384058 0.453143 0.606280 0.455843 0.375604 0.493251 0.606280 0.492480
0 0.480072 0.521404 0.230676 0.034709 0.376812 0.504049 0.595411 0.505206 0.364734 0.538758 0.585749 0.537987
0 0.464976 0.587929 0.251208 0.045121 0.351449 0.565368 0.590580 0.567297 0.339372 0.607019 0.585749 0.610490
0 0.458333 0.659853 0.250000 0.047821 0.334541 0.635943 0.580918 0.640956 0.333333 0.683764 0.583333 0.681836
0 0.468599 0.716159 0.258454 0.034709 0.339372 0.701890 0.597826 0.698804 0.345411 0.733513 0.585749 0.729271
0 0.478865 0.771693 0.262077 0.046278 0.347826 0.753182 0.599034 0.748554 0.358696 0.793675 0.609903 0.794832
0 0.484300 0.849402 0.241546 0.050521 0.367150 0.824142 0.585749 0.827227 0.363527 0.874663 0.605072 0.869649
0 0.483696 0.927497 0.271739 0.037023 0.347826 0.908986 0.608696 0.910143 0.350242 0.944466 0.619565 0.946009