0 0.711900 0.042725 0.200418 0.032794 0.611691 0.032333 0.812109 0.026328 0.616910 0.059122 0.808977 0.055889
0 0.713987 0.088453 0.175365 0.038337 0.626305 0.071132 0.801670 0.069284 0.631524 0.103464 0.795407 0.107621
0 0.710856 0.140647 0.175365 0.049423 0.633612 0.115935 0.798539 0.121478 0.623173 0.152425 0.791232 0.165358
0 0.680585 0.197691 0.189979 0.068360 0.615866 0.163510 0.775574 0.189838 0.585595 0.208314 0.737996 0.231871
0 0.637787 0.248499 0.179541 0.059122 0.581420 0.218938 0.727557 0.235566 0.548017 0.254503 0.699374 0.278060
0 0.598643 0.295612 0.188935 0.063741 0.540710 0.263741 0.693111 0.287298 0.504175 0.303464 0.650313 0.327483
0 0.552192 0.351039 0.196242 0.070208 0.500000 0.315935 0.650313 0.338106 0.454071 0.356582 0.605428 0.386143
0 0.490084 0.401848 0.216075 0.076674 0.449896 0.363510 0.598121 0.392148 0.382046 0.398152 0.542798 0.440185
0 0.413361 0.444573 0.229645 0.090069 0.371608 0.399538 0.528184 0.449423 0.298539 0.430023 0.465553 0.489607
0 0.311587 0.486836 0.241127 0.080370 0.268267 0.446651 0.432150 0.488222 0.191023 0.484065 0.366388 0.527021
0 0.223904 0.531640 0.247390 0.084065 0.163883 0.489607 0.347599 0.536721 0.100209 0.539030 0.316284 0.573672
0 0.196764 0.601848 0.272443 0.074827 0.080376 0.564434 0.313152 0.581062 0.060543 0.633256 0.332985 0.639261
0 0.203027 0.682679 0.272443 0.085912 0.066806 0.655889 0.298539 0.639723 0.130480 0.725635 0.339248 0.684527
0 0.304802 0.739954 0.273486 0.103464 0.168058 0.741340 0.349687 0.688222 0.298539 0.791686 0.441545 0.724711
0 0.474948 0.780600 0.281837 0.121940 0.334029 0.800000 0.486430 0.719630 0.460334 0.841570 0.615866 0.769053
0 0.632046 0.829099 0.289144 0.123788 0.487474 0.847575 0.673278 0.767206 0.593946 0.890993 0.776618 0.820785
0 0.748434 0.901848 0.273486 0.092841 0.611691 0.898845 0.844468 0.855427 0.639875 0.948268 0.885177 0.924249