0 0.583187 0.040088 0.189142 0.030934 0.493870 0.024621 0.677758 0.027146 0.488616 0.049242 0.672504 0.055556
0 0.568301 0.078598 0.176883 0.039773 0.481611 0.058712 0.656743 0.067551 0.479860 0.091540 0.644483 0.098485
0 0.560420 0.125000 0.168126 0.042929 0.485114 0.103535 0.644483 0.108586 0.476357 0.136995 0.626970 0.146465
0 0.540280 0.171717 0.166375 0.045455 0.476357 0.148990 0.621716 0.153409 0.457093 0.188131 0.623468 0.194444
0 0.527145 0.212753 0.178634 0.042929 0.453590 0.191288 0.616462 0.196970 0.437828 0.227273 0.607706 0.234217
0 0.514010 0.260101 0.187391 0.040404 0.432574 0.239899 0.607706 0.243687 0.420315 0.277146 0.586690 0.280303
0 0.499124 0.307134 0.168126 0.039773 0.423818 0.287247 0.583187 0.287879 0.415061 0.327020 0.583187 0.327020
0 0.509632 0.354482 0.164623 0.042298 0.427320 0.337753 0.583187 0.333333 0.434326 0.375631 0.591944 0.369949
0 0.530648 0.403409 0.189142 0.047980 0.436077 0.388258 0.598949 0.379419 0.437828 0.427399 0.625219 0.416667
0 0.555166 0.456439 0.210158 0.055556 0.450088 0.440657 0.630473 0.428662 0.485114 0.484217 0.660245 0.467803
0 0.600700 0.505682 0.217163 0.060606 0.492119 0.494949 0.672504 0.475379 0.514886 0.535985 0.709282 0.518308
0 0.644483 0.561237 0.245184 0.050505 0.523643 0.544823 0.740806 0.535985 0.521891 0.586490 0.767075 0.580808
0 0.650613 0.625947 0.257443 0.051136 0.523643 0.600379 0.779334 0.604167 0.521891 0.641414 0.772329 0.651515
0 0.617338 0.690972 0.292469 0.071338 0.523643 0.655303 0.763573 0.681187 0.471103 0.696970 0.716287 0.726641
0 0.550788 0.750000 0.288967 0.083333 0.465849 0.708333 0.695271 0.746843 0.406305 0.752525 0.649737 0.791667
0 0.479860 0.815972 0.294221 0.078914 0.381786 0.776515 0.626970 0.806187 0.332750 0.821970 0.583187 0.855429
0 0.408056 0.887626 0.332750 0.078283 0.292469 0.848485 0.574431 0.869950 0.241681 0.899621 0.549912 0.926768