0 0.416867 0.059026 0.171084 0.065330 0.331325 0.055014 0.468675 0.026361 0.355422 0.091691 0.502410 0.048711
0 0.456024 0.092264 0.172289 0.073352 0.369880 0.104871 0.515663 0.055587 0.420482 0.128940 0.542169 0.072779
0 0.535542 0.122923 0.162651 0.069341 0.454217 0.134097 0.578313 0.088252 0.501205 0.157593 0.616867 0.104871
0 0.619880 0.164470 0.196386 0.082521 0.521687 0.163324 0.639759 0.123209 0.591566 0.205731 0.718072 0.157020
0 0.707831 0.214040 0.198795 0.075072 0.608434 0.213754 0.742169 0.176504 0.661446 0.251576 0.807229 0.217192
0 0.762048 0.263324 0.179518 0.062464 0.672289 0.260172 0.813253 0.232092 0.687952 0.294556 0.851807 0.279656
0 0.787952 0.310315 0.195181 0.034957 0.690361 0.307736 0.866265 0.292837 0.756626 0.327794 0.885542 0.316905
0 0.786747 0.352722 0.180723 0.023496 0.696386 0.340974 0.877108 0.344986 0.701205 0.364470 0.875904 0.364470
0 0.779518 0.389398 0.180723 0.030372 0.693976 0.374212 0.866265 0.381089 0.689157 0.395415 0.869880 0.404585
0 0.750000 0.432665 0.203614 0.058453 0.683133 0.403438 0.851807 0.425215 0.648193 0.434384 0.809639 0.461891
0 0.662651 0.487679 0.192771 0.076791 0.614458 0.449284 0.759036 0.494556 0.566265 0.483095 0.703614 0.526074
0 0.572289 0.547278 0.231325 0.071060 0.515663 0.511748 0.687952 0.544413 0.456627 0.548424 0.640964 0.582808
0 0.512048 0.619484 0.255422 0.072206 0.426506 0.583381 0.639759 0.606877 0.384337 0.627507 0.591566 0.655587
0 0.466867 0.697135 0.225301 0.067049 0.378313 0.663610 0.579518 0.681375 0.354217 0.720344 0.567470 0.730659
0 0.453614 0.781089 0.237349 0.052722 0.345783 0.754728 0.572289 0.757020 0.334940 0.804585 0.569880 0.807450
0 0.445783 0.865330 0.221687 0.053868 0.336145 0.843553 0.556626 0.838395 0.334940 0.892264 0.556626 0.891691
0 0.460843 0.945845 0.251807 0.044126 0.334940 0.924355 0.579518 0.923782 0.353012 0.967908 0.586747 0.962178