0 0.542778 0.034114 0.225556 0.029471 0.430000 0.019378 0.645556 0.023415 0.430000 0.047638 0.655556 0.048849
0 0.553333 0.076100 0.222222 0.039968 0.442222 0.062576 0.644444 0.056116 0.467778 0.096084 0.664444 0.087202
0 0.569444 0.125555 0.190000 0.037142 0.474444 0.106984 0.664444 0.109407 0.478889 0.133629 0.664444 0.144126
0 0.554444 0.175010 0.206667 0.054501 0.478889 0.147759 0.657778 0.158256 0.451111 0.180057 0.631111 0.202261
0 0.481111 0.229511 0.228889 0.078724 0.433333 0.190149 0.595556 0.230521 0.366667 0.224061 0.541111 0.268874
0 0.386667 0.274727 0.260000 0.081147 0.345556 0.234154 0.516667 0.282196 0.256667 0.263222 0.442222 0.315301
0 0.278889 0.315906 0.300000 0.085991 0.222222 0.272911 0.428889 0.323779 0.128889 0.308034 0.345556 0.358902
0 0.197778 0.357085 0.273333 0.064998 0.096667 0.324586 0.334444 0.361324 0.061111 0.371821 0.307778 0.389584
0 0.186667 0.421478 0.246667 0.052483 0.063333 0.395236 0.303333 0.395236 0.074444 0.447719 0.310000 0.431167
0 0.231667 0.475172 0.256667 0.081550 0.103333 0.468712 0.312222 0.434396 0.168889 0.515947 0.360000 0.475979
0 0.348333 0.527453 0.283333 0.091643 0.206667 0.531692 0.375556 0.481631 0.298889 0.573274 0.490000 0.519176
0 0.491667 0.580541 0.301111 0.102543 0.341111 0.591038 0.527778 0.529269 0.431111 0.631813 0.642222 0.576504
0 0.626667 0.638070 0.317778 0.090836 0.467778 0.644732 0.668889 0.592652 0.546667 0.683488 0.785556 0.632216
0 0.718333 0.722043 0.310000 0.060153 0.566667 0.703270 0.846667 0.691966 0.563333 0.752119 0.873333 0.748486
0 0.731667 0.777755 0.310000 0.056116 0.584444 0.754542 0.863333 0.749697 0.576667 0.805813 0.886667 0.804602
0 0.736667 0.855268 0.326667 0.072265 0.576667 0.820347 0.900000 0.819136 0.573333 0.888979 0.896667 0.891401
0 0.723333 0.944086 0.380000 0.063383 0.543333 0.922083 0.900000 0.912394 0.533333 0.975777 0.913333 0.974566