0 0.467391 0.035539 0.213555 0.039216 0.360614 0.022059 0.549872 0.015931 0.377238 0.055147 0.574169 0.048611
0 0.476982 0.080678 0.194373 0.037173 0.386189 0.062909 0.569054 0.062092 0.379795 0.095997 0.574169 0.099265
0 0.464834 0.129085 0.198210 0.044935 0.388747 0.106618 0.563939 0.112745 0.365729 0.134804 0.549872 0.151552
0 0.432864 0.169935 0.210997 0.052288 0.365729 0.143791 0.538363 0.158905 0.327366 0.171977 0.491049 0.196078
0 0.378517 0.207516 0.191816 0.051471 0.315857 0.181781 0.474425 0.203840 0.282609 0.212010 0.438619 0.233252
0 0.329923 0.246119 0.204604 0.048611 0.274936 0.221814 0.432225 0.238562 0.227621 0.259804 0.410486 0.270425
0 0.306266 0.290441 0.185422 0.041667 0.225064 0.269608 0.398977 0.277778 0.213555 0.308824 0.393862 0.311274
0 0.303708 0.338848 0.175192 0.038807 0.227621 0.319444 0.388747 0.320261 0.216113 0.358252 0.391304 0.357435
0 0.310742 0.389502 0.204604 0.047794 0.221228 0.370098 0.396419 0.365605 0.208440 0.413399 0.413043 0.408088
0 0.348465 0.443015 0.241688 0.055964 0.227621 0.422386 0.424552 0.415033 0.244246 0.470997 0.469309 0.458742
0 0.382992 0.498366 0.244246 0.062092 0.260870 0.485294 0.476982 0.467320 0.272379 0.529412 0.505115 0.516340
0 0.432864 0.560049 0.277494 0.062909 0.294118 0.546569 0.519182 0.528595 0.322251 0.591503 0.571611 0.578431
0 0.476343 0.630515 0.274936 0.067402 0.338875 0.611111 0.580563 0.596814 0.358056 0.664216 0.613811 0.651961
0 0.499361 0.702206 0.277494 0.062909 0.360614 0.680556 0.621483 0.670752 0.374680 0.733660 0.638107 0.726307
0 0.505115 0.779208 0.294118 0.057598 0.372123 0.751225 0.652174 0.750408 0.358056 0.805556 0.652174 0.808007
0 0.498082 0.854575 0.318414 0.064542 0.352941 0.822304 0.640665 0.825980 0.338875 0.879085 0.657289 0.886846
0 0.475703 0.925245 0.381074 0.063725 0.329923 0.893382 0.661125 0.896650 0.285166 0.948121 0.666240 0.957108