0 0.514803 0.064867 0.262061 0.034828 0.383772 0.047453 0.645833 0.053983 0.393640 0.074445 0.635965 0.082281
0 0.522478 0.099913 0.255482 0.026556 0.394737 0.086635 0.650219 0.093165 0.398026 0.106226 0.627193 0.113191
0 0.493421 0.140183 0.228070 0.040923 0.403509 0.119721 0.607456 0.138006 0.379386 0.141924 0.581140 0.160644
0 0.462171 0.182630 0.198465 0.052677 0.377193 0.156291 0.550439 0.183718 0.362939 0.181106 0.561404 0.208968
0 0.433662 0.223770 0.231360 0.047018 0.354167 0.200261 0.549342 0.225947 0.317982 0.222029 0.517544 0.247279
0 0.365132 0.260775 0.241228 0.054854 0.282895 0.233348 0.485746 0.265999 0.244518 0.257727 0.464912 0.288202
0 0.327851 0.300609 0.250000 0.029168 0.214912 0.286025 0.452851 0.303875 0.202851 0.301263 0.444079 0.315194
0 0.329496 0.345015 0.262061 0.021332 0.198465 0.345233 0.442982 0.334349 0.206140 0.355681 0.460526 0.348280
0 0.341009 0.393774 0.243421 0.035263 0.219298 0.394863 0.453947 0.376143 0.233553 0.411406 0.462719 0.392251
0 0.388706 0.446017 0.213816 0.047453 0.281798 0.452329 0.482456 0.422290 0.316886 0.469743 0.495614 0.438398
0 0.473684 0.487810 0.192982 0.050936 0.377193 0.505007 0.542763 0.462342 0.394737 0.513278 0.570175 0.471920
0 0.543860 0.530692 0.241228 0.047018 0.423246 0.544188 0.644737 0.507183 0.451754 0.554201 0.664474 0.533304
0 0.597588 0.597954 0.243421 0.036134 0.475877 0.598607 0.696272 0.579887 0.510965 0.616021 0.719298 0.609926
0 0.622807 0.671963 0.223684 0.025686 0.510965 0.659121 0.730263 0.660427 0.521930 0.679582 0.734649 0.684806
0 0.613487 0.746408 0.220395 0.036134 0.507675 0.728341 0.723684 0.731389 0.503289 0.750544 0.712719 0.764475
0 0.569627 0.829125 0.246711 0.043100 0.473684 0.807575 0.691886 0.821506 0.446272 0.831519 0.692982 0.850675
0 0.526864 0.910535 0.264254 0.039617 0.410088 0.890727 0.658991 0.907706 0.394737 0.911624 0.655702 0.930344