0 0.471963 0.046844 0.177570 0.028600 0.383178 0.032544 0.560748 0.039941 0.389408 0.057199 0.557632 0.061144
0 0.472482 0.085059 0.157840 0.032051 0.400831 0.069034 0.551402 0.071499 0.393562 0.101085 0.545171 0.101085
0 0.474039 0.131903 0.146417 0.042899 0.400831 0.115385 0.547248 0.110454 0.407061 0.153353 0.542056 0.147929
0 0.491173 0.184665 0.147456 0.055720 0.417445 0.165680 0.545171 0.156805 0.439252 0.212525 0.564901 0.198225
0 0.522845 0.232988 0.156802 0.060651 0.444444 0.217456 0.568017 0.202663 0.474559 0.263314 0.601246 0.238166
0 0.569574 0.280325 0.163032 0.063609 0.488058 0.272682 0.604361 0.248521 0.520249 0.312130 0.651090 0.282544
0 0.616822 0.323965 0.176532 0.067061 0.528557 0.320513 0.655244 0.290434 0.575286 0.357495 0.705088 0.322485
0 0.677051 0.366124 0.184839 0.067554 0.584631 0.363905 0.716511 0.332347 0.622015 0.399901 0.769470 0.362426
0 0.730010 0.406065 0.195223 0.064596 0.632399 0.407298 0.781931 0.373767 0.659398 0.438363 0.827622 0.414694
0 0.761682 0.457840 0.204569 0.050789 0.659398 0.444773 0.842160 0.432446 0.667705 0.483235 0.863967 0.478304
0 0.767394 0.517505 0.205607 0.051775 0.668743 0.491617 0.870197 0.492604 0.664590 0.525148 0.859813 0.543392
0 0.745587 0.574458 0.209761 0.076923 0.662513 0.535996 0.850467 0.564103 0.640706 0.571499 0.814123 0.612919
0 0.687954 0.634122 0.231568 0.094675 0.618899 0.586785 0.803738 0.633136 0.572170 0.619329 0.746625 0.681460
0 0.583593 0.680473 0.232606 0.103550 0.542056 0.628698 0.699896 0.698225 0.467290 0.671105 0.637591 0.732249
0 0.489616 0.738905 0.231568 0.102071 0.426791 0.687870 0.605400 0.747535 0.373832 0.736686 0.550363 0.789941
0 0.407061 0.803501 0.247144 0.099112 0.336449 0.753945 0.530633 0.799310 0.283489 0.810651 0.483904 0.853057
0 0.351506 0.869083 0.266874 0.073471 0.246106 0.832347 0.484943 0.856509 0.218069 0.877219 0.476636 0.905819