0 0.486047 0.055412 0.144186 0.035223 0.418605 0.037801 0.553488 0.038660 0.413953 0.066151 0.558140 0.073024
0 0.481395 0.100086 0.146512 0.036082 0.408140 0.082045 0.554651 0.083763 0.408140 0.115550 0.547674 0.118127
0 0.459302 0.145189 0.158140 0.035223 0.402326 0.127577 0.538372 0.129296 0.380233 0.156787 0.517442 0.162801
0 0.425581 0.190292 0.167442 0.037801 0.377907 0.171392 0.509302 0.175687 0.341860 0.202320 0.490698 0.209192
0 0.411628 0.237113 0.146512 0.036082 0.358140 0.219072 0.484884 0.224656 0.338372 0.250430 0.480233 0.255155
0 0.401744 0.281357 0.156977 0.035223 0.334884 0.263746 0.480233 0.269330 0.323256 0.295103 0.472093 0.298969
0 0.397674 0.331400 0.165116 0.037371 0.316279 0.312715 0.466279 0.313144 0.315116 0.350086 0.480233 0.347079
0 0.406977 0.380799 0.167442 0.041667 0.323256 0.366409 0.476744 0.359966 0.331395 0.401632 0.490698 0.391323
0 0.430814 0.430198 0.180233 0.051117 0.340698 0.418814 0.489535 0.404639 0.348837 0.455756 0.520930 0.442440
0 0.462791 0.488187 0.202326 0.057131 0.361628 0.477663 0.534884 0.459622 0.398837 0.516753 0.563953 0.497423
0 0.508140 0.541237 0.204651 0.048969 0.405814 0.541667 0.579070 0.516753 0.459302 0.565722 0.610465 0.549828
0 0.559302 0.598368 0.176744 0.041237 0.470930 0.585481 0.634884 0.577749 0.497674 0.618986 0.647674 0.610825
0 0.581395 0.662801 0.172093 0.037801 0.495349 0.645619 0.662791 0.643900 0.512791 0.679983 0.667442 0.681701
0 0.578488 0.733892 0.196512 0.053694 0.505814 0.707045 0.676744 0.718643 0.480233 0.748711 0.647674 0.760739
0 0.530233 0.804124 0.202326 0.060997 0.459302 0.773625 0.631395 0.788660 0.429070 0.825601 0.608140 0.834622
0 0.505814 0.871778 0.193023 0.039948 0.418605 0.851804 0.598837 0.868127 0.409302 0.881443 0.602326 0.891753
0 0.482558 0.927835 0.246512 0.036942 0.363954 0.909364 0.605814 0.911512 0.359302 0.941151 0.603488 0.946306