0 0.595719 0.036264 0.240190 0.037682 0.483948 0.017423 0.715815 0.032415 0.475624 0.039303 0.684899 0.055105
0 0.551130 0.076783 0.222354 0.044976 0.466112 0.054295 0.662307 0.068476 0.439952 0.079011 0.618312 0.099271
0 0.497027 0.117707 0.211653 0.056321 0.432818 0.089546 0.602854 0.106969 0.391201 0.123582 0.545779 0.145867
0 0.424495 0.159441 0.211653 0.053890 0.373365 0.132496 0.530321 0.157212 0.318668 0.164911 0.468490 0.186386
0 0.346017 0.202188 0.209275 0.061588 0.303210 0.171394 0.450654 0.196921 0.241379 0.205429 0.393579 0.232982
0 0.272295 0.243922 0.211653 0.053485 0.223543 0.217180 0.378121 0.239870 0.166468 0.248784 0.338882 0.270665
0 0.233650 0.287885 0.200951 0.053890 0.155767 0.260940 0.334126 0.279579 0.133175 0.305916 0.316290 0.314830
0 0.227111 0.345421 0.187872 0.047407 0.133175 0.322528 0.313912 0.321718 0.133175 0.369125 0.321046 0.359400
0 0.256837 0.395057 0.233056 0.060778 0.140309 0.384117 0.336504 0.364668 0.173603 0.425446 0.373365 0.402755
0 0.320452 0.447528 0.255648 0.068476 0.192628 0.442464 0.380499 0.413290 0.248514 0.481767 0.448276 0.449352
0 0.410226 0.498784 0.275862 0.079417 0.272295 0.491086 0.460166 0.459076 0.335315 0.538493 0.548157 0.494327
0 0.505945 0.555916 0.284185 0.082658 0.363853 0.549433 0.588585 0.514587 0.425684 0.597245 0.648038 0.557942
0 0.580856 0.618314 0.291320 0.072934 0.435196 0.610616 0.673008 0.581848 0.466112 0.654781 0.726516 0.635737
0 0.620095 0.687399 0.281807 0.058752 0.479191 0.667342 0.746730 0.658023 0.483948 0.716775 0.760999 0.715154
0 0.611177 0.762763 0.292509 0.060373 0.482759 0.732577 0.757432 0.737439 0.464923 0.779984 0.750297 0.792950
0 0.571938 0.833063 0.313912 0.070502 0.460166 0.797812 0.728894 0.811994 0.414982 0.848055 0.709869 0.868314
0 0.529727 0.904781 0.353151 0.069692 0.394768 0.869935 0.706302 0.884927 0.353151 0.922204 0.665874 0.939627