0 0.572356 0.051184 0.166976 0.031303 0.505566 0.035533 0.655844 0.045685 0.488868 0.054569 0.649351 0.066836
0 0.556122 0.092005 0.177180 0.038494 0.481447 0.072758 0.644712 0.090525 0.467532 0.095601 0.640074 0.111252
0 0.532004 0.139171 0.177180 0.038917 0.452690 0.119712 0.620594 0.134518 0.443414 0.145093 0.604824 0.158629
0 0.484694 0.194585 0.208720 0.055838 0.410946 0.166667 0.589054 0.181895 0.380334 0.202623 0.573284 0.222504
0 0.451299 0.243655 0.223562 0.047377 0.364564 0.219966 0.563080 0.239425 0.339518 0.250000 0.558442 0.267343
0 0.428108 0.290821 0.269944 0.044416 0.328386 0.268613 0.563080 0.286802 0.293135 0.293147 0.534323 0.313029
0 0.386827 0.332910 0.304267 0.054992 0.266234 0.305415 0.538961 0.334602 0.234694 0.339678 0.525046 0.360406
0 0.374304 0.378173 0.299629 0.061760 0.229128 0.347293 0.524119 0.373519 0.224490 0.401438 0.515770 0.409052
0 0.374768 0.449450 0.304267 0.052030 0.222635 0.424281 0.515770 0.423435 0.279221 0.475465 0.526902 0.451777
0 0.413265 0.489848 0.216141 0.085448 0.305195 0.493232 0.461039 0.447124 0.381262 0.532572 0.521336 0.483926
0 0.524583 0.538283 0.229128 0.084179 0.410019 0.546108 0.545455 0.496193 0.497217 0.580372 0.639147 0.527073
0 0.615028 0.581430 0.200371 0.074873 0.514842 0.583333 0.668831 0.543993 0.552876 0.618866 0.715213 0.573604
0 0.684137 0.633460 0.201299 0.061337 0.583488 0.626481 0.755102 0.602792 0.601113 0.664129 0.784787 0.659052
0 0.685065 0.708333 0.217996 0.051184 0.596475 0.682741 0.794063 0.684010 0.576067 0.725042 0.775510 0.733926
0 0.625696 0.779611 0.258813 0.058376 0.545455 0.750423 0.755102 0.776227 0.496289 0.785110 0.700371 0.808799
0 0.549165 0.847927 0.252319 0.091794 0.461039 0.802030 0.675325 0.840102 0.423006 0.858291 0.653061 0.893824
0 0.506030 0.920897 0.271800 0.068528 0.391466 0.886633 0.641930 0.917090 0.370130 0.942047 0.628942 0.955161