0 0.513860 0.094297 0.161191 0.034981 0.450719 0.076806 0.594456 0.085932 0.433265 0.105703 0.577002 0.111787
0 0.491786 0.136692 0.154004 0.033080 0.432238 0.120152 0.568789 0.125856 0.414784 0.143726 0.541068 0.153232
0 0.463552 0.178137 0.128337 0.039163 0.408624 0.158555 0.527721 0.168441 0.399384 0.187833 0.508214 0.197719
0 0.426591 0.220152 0.142710 0.039544 0.378850 0.200380 0.497947 0.212167 0.355236 0.228897 0.475359 0.239924
0 0.384497 0.261597 0.155031 0.041825 0.338809 0.240684 0.462012 0.251711 0.306982 0.273004 0.446612 0.282510
0 0.361910 0.307605 0.159138 0.038783 0.306982 0.288213 0.441478 0.291635 0.282341 0.323574 0.437372 0.326996
0 0.356776 0.354183 0.167351 0.039163 0.298768 0.334601 0.429158 0.336882 0.273101 0.373764 0.440452 0.371103
0 0.367043 0.402281 0.163244 0.042586 0.294661 0.385171 0.437372 0.380989 0.285421 0.423574 0.448665 0.413688
0 0.399384 0.451521 0.188912 0.052091 0.304928 0.435361 0.454825 0.425475 0.316222 0.477567 0.493840 0.463118
0 0.439425 0.504563 0.207392 0.057795 0.335729 0.495437 0.502053 0.475665 0.379877 0.533460 0.543121 0.515209
0 0.504107 0.558935 0.221766 0.057034 0.393224 0.555133 0.559548 0.530418 0.436345 0.587452 0.614990 0.567300
0 0.551335 0.618821 0.209446 0.051331 0.446612 0.606084 0.634497 0.593156 0.466119 0.644487 0.656057 0.636502
0 0.565708 0.684791 0.207392 0.050190 0.462012 0.663498 0.662218 0.659696 0.477413 0.704943 0.669405 0.709886
0 0.550308 0.756844 0.229979 0.061217 0.463039 0.726236 0.665298 0.735741 0.435318 0.771863 0.650924 0.787452
0 0.514887 0.825285 0.237166 0.060456 0.425051 0.795057 0.633470 0.809886 0.396304 0.839163 0.591376 0.855513
0 0.472279 0.885361 0.219713 0.035361 0.368583 0.867681 0.580082 0.879087 0.362423 0.893536 0.582135 0.903042
0 0.457906 0.931939 0.227926 0.032700 0.354209 0.915589 0.571869 0.919772 0.343942 0.947529 0.571869 0.948289