0 0.412402 0.057684 0.163386 0.032138 0.330709 0.051916 0.494094 0.041615 0.337598 0.073754 0.493110 0.063453
0 0.419291 0.090647 0.153543 0.029666 0.342520 0.082818 0.494094 0.075814 0.363189 0.105480 0.496063 0.103420
0 0.433071 0.130408 0.145669 0.035847 0.360236 0.116605 0.495079 0.112485 0.378937 0.148331 0.505906 0.146271
0 0.443406 0.174289 0.119094 0.034611 0.385827 0.160692 0.498031 0.156984 0.383858 0.190770 0.502953 0.191595
0 0.440453 0.223939 0.136811 0.039967 0.378937 0.204780 0.508858 0.203956 0.372047 0.242274 0.508858 0.243923
0 0.443898 0.272559 0.143701 0.035023 0.372047 0.256696 0.510827 0.255047 0.379921 0.290070 0.515748 0.288010
0 0.450295 0.321796 0.142717 0.038731 0.378937 0.308199 0.514764 0.302431 0.395669 0.341162 0.521654 0.336630
0 0.468012 0.369386 0.132874 0.043263 0.401575 0.354347 0.520669 0.347754 0.419291 0.391018 0.534449 0.385661
0 0.489173 0.422126 0.124016 0.043263 0.427165 0.406263 0.538386 0.400494 0.434055 0.443758 0.551181 0.436341
0 0.503445 0.473630 0.136811 0.046560 0.439961 0.456119 0.563976 0.450350 0.435039 0.496910 0.571850 0.489081
0 0.509350 0.526576 0.146654 0.043675 0.436024 0.511331 0.574803 0.504738 0.437992 0.548414 0.582677 0.546354
0 0.511319 0.584054 0.150591 0.040791 0.440945 0.563659 0.586614 0.565719 0.436024 0.600742 0.578740 0.604450
0 0.498524 0.641533 0.142717 0.044499 0.432087 0.619283 0.569882 0.625051 0.427165 0.659662 0.567913 0.663782
0 0.475886 0.708488 0.152559 0.051504 0.416339 0.682736 0.552165 0.690152 0.399606 0.727235 0.531496 0.734240
0 0.449311 0.779769 0.168307 0.049032 0.382874 0.755253 0.533465 0.755253 0.365157 0.803461 0.520669 0.804285
0 0.452756 0.852081 0.161417 0.052740 0.375000 0.825711 0.523622 0.826535 0.372047 0.878451 0.533465 0.875154
0 0.463091 0.920066 0.176181 0.040379 0.378937 0.902761 0.542323 0.899876 0.375000 0.940255 0.551181 0.935311