0 0.511561 0.092837 0.169942 0.035530 0.434682 0.080802 0.596532 0.088252 0.426590 0.110602 0.582659 0.075072
0 0.508092 0.099427 0.153757 0.032665 0.431214 0.083095 0.584971 0.089971 0.434682 0.110029 0.581503 0.115759
0 0.489017 0.144699 0.136416 0.040688 0.426590 0.124355 0.557225 0.135244 0.420809 0.150143 0.551445 0.165043
0 0.469942 0.187966 0.153757 0.043553 0.415029 0.166189 0.546821 0.182235 0.393064 0.189685 0.526012 0.209742
0 0.434104 0.229799 0.146821 0.051576 0.382659 0.204011 0.507514 0.222923 0.360694 0.232092 0.472832 0.255587
0 0.390751 0.270774 0.141040 0.048711 0.343353 0.246418 0.461272 0.268195 0.320231 0.276218 0.430058 0.295129
0 0.342775 0.316046 0.128324 0.047564 0.300578 0.292264 0.406936 0.310029 0.278613 0.320917 0.388439 0.339828
0 0.320231 0.360458 0.134104 0.037822 0.253179 0.341547 0.365318 0.350716 0.255491 0.371920 0.387283 0.379370
0 0.309249 0.408309 0.151445 0.034957 0.242775 0.390831 0.384971 0.393123 0.233526 0.425788 0.375723 0.423496
0 0.309249 0.458166 0.151445 0.045272 0.233526 0.441261 0.376879 0.435530 0.238150 0.480802 0.384971 0.463610
0 0.330058 0.513180 0.165318 0.057880 0.247399 0.501433 0.395376 0.484241 0.276301 0.542120 0.412717 0.514040
0 0.379191 0.563037 0.157225 0.067049 0.300578 0.556447 0.425434 0.529513 0.326012 0.596562 0.457803 0.567335
0 0.431214 0.618625 0.168786 0.070487 0.346821 0.615473 0.477457 0.583381 0.396532 0.653868 0.515607 0.621203
0 0.501156 0.676791 0.172254 0.072206 0.415029 0.675072 0.546821 0.640688 0.449711 0.712894 0.587283 0.675645
0 0.558960 0.734957 0.193064 0.064756 0.462428 0.734097 0.620809 0.702579 0.502890 0.767335 0.655491 0.735244
0 0.617341 0.798567 0.191908 0.062464 0.521387 0.793123 0.679769 0.767335 0.538728 0.829799 0.713295 0.809169
0 0.639884 0.867908 0.202312 0.048711 0.538728 0.859026 0.735260 0.843553 0.551445 0.892264 0.741040 0.879656