0 0.629524 0.037850 0.257143 0.031170 0.500952 0.027990 0.758095 0.022265 0.504762 0.053435 0.748571 0.050254
0 0.626667 0.083333 0.232381 0.030534 0.527619 0.068066 0.742857 0.069975 0.510476 0.095420 0.739048 0.098601
0 0.620000 0.129453 0.280000 0.036260 0.518095 0.111323 0.756190 0.115140 0.480000 0.144402 0.760000 0.147583
0 0.609524 0.180662 0.278095 0.033079 0.472381 0.164122 0.733333 0.173028 0.470476 0.194020 0.748571 0.197201
0 0.590476 0.241730 0.251429 0.044529 0.478095 0.219466 0.710476 0.222646 0.464762 0.263995 0.716190 0.250000
0 0.583809 0.309796 0.230476 0.045802 0.478095 0.286896 0.699048 0.292621 0.468571 0.318702 0.670476 0.332697
0 0.564762 0.364822 0.226667 0.031170 0.460952 0.349237 0.678095 0.361959 0.451429 0.368321 0.678095 0.380407
0 0.532381 0.414122 0.268571 0.041985 0.398095 0.393130 0.666667 0.409669 0.398095 0.416667 0.651429 0.435115
0 0.481905 0.468830 0.281905 0.045802 0.340952 0.445929 0.622857 0.470102 0.340952 0.475827 0.594286 0.491730
0 0.436190 0.529262 0.262857 0.039440 0.304762 0.509542 0.558095 0.524809 0.308571 0.536896 0.567619 0.548982
0 0.402857 0.593511 0.268571 0.043257 0.272381 0.571883 0.537143 0.588422 0.268571 0.601145 0.520000 0.615140
0 0.357143 0.661260 0.299048 0.045165 0.240000 0.638677 0.506667 0.653944 0.207619 0.667939 0.500952 0.683842
0 0.331429 0.732824 0.346667 0.049618 0.161905 0.708015 0.485714 0.720738 0.158095 0.736641 0.504762 0.757634
0 0.341905 0.799300 0.352381 0.052799 0.165714 0.772901 0.499048 0.781170 0.236190 0.825700 0.518095 0.798982
0 0.468571 0.864186 0.300952 0.061705 0.318095 0.881679 0.607619 0.833333 0.367619 0.895038 0.619048 0.870229
0 0.513333 0.902354 0.283810 0.065522 0.371429 0.935115 0.655238 0.903308 0.384762 0.890585 0.617143 0.869593
0 0.541905 0.919529 0.329524 0.051527 0.377143 0.923028 0.640000 0.893766 0.380952 0.945293 0.706667 0.923028