0 0.392729 0.061321 0.144219 0.023862 0.320620 0.055494 0.460072 0.049390 0.331347 0.073252 0.464839 0.068812
0 0.402265 0.105161 0.134684 0.041620 0.334923 0.088235 0.469607 0.084351 0.357569 0.125971 0.469607 0.122642
0 0.426698 0.148446 0.131108 0.032741 0.361144 0.137070 0.474374 0.132075 0.383790 0.164817 0.492253 0.157603
0 0.459476 0.188957 0.113230 0.036071 0.402861 0.178135 0.497020 0.170921 0.418355 0.206992 0.516091 0.195339
0 0.491061 0.228635 0.126341 0.046615 0.427890 0.224195 0.536353 0.205327 0.445769 0.251942 0.554231 0.235294
0 0.520262 0.272752 0.137068 0.046060 0.451728 0.266926 0.569726 0.249723 0.481526 0.295782 0.588796 0.279689
0 0.550060 0.314650 0.129917 0.043285 0.485101 0.307991 0.604291 0.293008 0.506555 0.336293 0.615018 0.326304
0 0.573302 0.359046 0.123957 0.041065 0.511323 0.348502 0.625745 0.338513 0.516091 0.379578 0.635280 0.375139
0 0.579261 0.409267 0.123957 0.036071 0.517282 0.392342 0.641240 0.391232 0.517282 0.419534 0.636472 0.427303
0 0.569130 0.460599 0.132300 0.037736 0.506555 0.441731 0.635280 0.446171 0.502980 0.475028 0.635280 0.479467
0 0.561383 0.512486 0.147795 0.050499 0.497020 0.487236 0.635280 0.493341 0.487485 0.529967 0.620977 0.537736
0 0.541716 0.572420 0.148987 0.051609 0.479142 0.546615 0.616210 0.552719 0.467223 0.588790 0.599523 0.598224
0 0.520858 0.628468 0.150179 0.050499 0.458880 0.603219 0.595948 0.610988 0.445769 0.653718 0.589988 0.653718
0 0.511919 0.700888 0.165673 0.054384 0.438617 0.673696 0.594756 0.678135 0.429082 0.724195 0.587604 0.728080
0 0.500596 0.772198 0.169249 0.044950 0.415971 0.749723 0.580453 0.753052 0.415971 0.794673 0.585221 0.792453
0 0.500000 0.834906 0.179976 0.040511 0.410012 0.816870 0.589988 0.814650 0.433850 0.855161 0.589988 0.854606
0 0.558999 0.907880 0.205006 0.046615 0.456496 0.885683 0.618594 0.884573 0.477950 0.931188 0.661502 0.930633