0 0.577574 0.035889 0.294781 0.027832 0.430183 0.034180 0.724965 0.021973 0.451340 0.049805 0.712271 0.041016
0 0.584626 0.071533 0.258110 0.030762 0.455571 0.060059 0.713681 0.056152 0.489422 0.086914 0.706629 0.084473
0 0.596615 0.113770 0.205924 0.033203 0.493653 0.097168 0.699577 0.098633 0.507757 0.123047 0.688293 0.130371
0 0.586037 0.164062 0.196051 0.048828 0.510578 0.139648 0.684062 0.150879 0.488011 0.171387 0.655853 0.188477
0 0.531735 0.211914 0.222849 0.060547 0.473907 0.181641 0.643159 0.199707 0.420310 0.222168 0.592384 0.242188
0 0.476023 0.262451 0.224260 0.062012 0.406206 0.231445 0.588152 0.249512 0.363893 0.269043 0.551481 0.293457
0 0.433004 0.313721 0.236953 0.053223 0.356841 0.287109 0.551481 0.305664 0.314528 0.333008 0.540197 0.340332
0 0.433004 0.369141 0.236953 0.046875 0.314528 0.346680 0.540197 0.345703 0.318759 0.392578 0.551481 0.381348
0 0.445698 0.421631 0.267983 0.062012 0.311707 0.415039 0.555712 0.390625 0.361072 0.452637 0.579690 0.430664
0 0.512694 0.472900 0.269394 0.067871 0.377997 0.469727 0.589563 0.438965 0.424542 0.506836 0.647391 0.478027
0 0.581805 0.532715 0.269394 0.074219 0.447109 0.526855 0.662906 0.495605 0.480959 0.569824 0.716502 0.537598
0 0.648096 0.592041 0.303244 0.075684 0.496474 0.586914 0.744711 0.554199 0.530324 0.629883 0.799718 0.603027
0 0.698872 0.660156 0.303244 0.061523 0.551481 0.644043 0.806770 0.629395 0.547250 0.690918 0.850494 0.676758
0 0.688999 0.733398 0.311707 0.066406 0.547250 0.700195 0.844852 0.712891 0.533145 0.740234 0.818054 0.766602
0 0.632581 0.801514 0.334274 0.075684 0.511989 0.763672 0.799718 0.793945 0.465444 0.798340 0.754584 0.839355
0 0.550071 0.862793 0.349788 0.083984 0.428773 0.820801 0.724965 0.862793 0.375176 0.866699 0.667137 0.904785
0 0.468970 0.928223 0.387870 0.066406 0.325811 0.895020 0.662906 0.910156 0.275035 0.949707 0.640338 0.961426