0 0.595238 0.072666 0.126228 0.025106 0.532124 0.060113 0.658352 0.061528 0.532880 0.084158 0.653061 0.085219
0 0.591081 0.106966 0.123961 0.031471 0.532124 0.091231 0.653061 0.097242 0.529101 0.117044 0.643235 0.122702
0 0.582011 0.143741 0.116402 0.032178 0.527589 0.127652 0.640212 0.133663 0.523810 0.153112 0.631141 0.159830
0 0.560847 0.185820 0.122449 0.040665 0.519274 0.165488 0.622071 0.174328 0.499622 0.192008 0.600907 0.206153
0 0.530234 0.224540 0.130763 0.044554 0.482237 0.202263 0.595616 0.218883 0.464853 0.231612 0.576720 0.246818
0 0.482615 0.278112 0.154951 0.059760 0.450491 0.248232 0.560091 0.263083 0.405140 0.287836 0.523054 0.307992
0 0.433862 0.326025 0.146636 0.048091 0.378685 0.301980 0.507181 0.319307 0.360544 0.335573 0.489796 0.350071
0 0.413832 0.368989 0.147392 0.038543 0.346939 0.349717 0.487528 0.360325 0.340136 0.384724 0.480726 0.388260
0 0.408163 0.412836 0.149660 0.029349 0.333333 0.398161 0.480726 0.398868 0.334089 0.427511 0.482993 0.421499
0 0.425170 0.455092 0.168556 0.052334 0.340892 0.444484 0.486017 0.428925 0.356009 0.481259 0.509448 0.458274
0 0.459562 0.503890 0.179894 0.070721 0.369615 0.495050 0.512472 0.468529 0.415722 0.539250 0.549509 0.512730
0 0.522676 0.555163 0.183673 0.062942 0.430839 0.558345 0.568405 0.523692 0.467876 0.586634 0.614512 0.561881
0 0.564626 0.603430 0.169312 0.055516 0.479970 0.597595 0.625094 0.575672 0.513228 0.631188 0.649282 0.616337
0 0.592971 0.665488 0.157974 0.057992 0.513983 0.649576 0.656841 0.636492 0.539683 0.694484 0.671958 0.686351
0 0.615268 0.741690 0.160242 0.058345 0.535147 0.714993 0.686319 0.712518 0.535147 0.768388 0.695389 0.770863
0 0.598262 0.820898 0.174603 0.063296 0.526833 0.789250 0.685563 0.792079 0.510960 0.844767 0.676493 0.852546
0 0.589947 0.878359 0.174603 0.032532 0.504157 0.862093 0.677249 0.868458 0.502645 0.894625 0.670446 0.894625