0 0.598534 0.035388 0.226384 0.029680 0.485342 0.022374 0.711726 0.020548 0.485342 0.044749 0.695440 0.050228
0 0.588762 0.075114 0.219870 0.038813 0.485342 0.055708 0.698697 0.061187 0.478827 0.085388 0.685668 0.094521
0 0.552117 0.120776 0.228013 0.047032 0.472313 0.097260 0.666124 0.107306 0.438111 0.131507 0.640065 0.144292
0 0.507329 0.168037 0.239414 0.054795 0.428339 0.140639 0.627036 0.151598 0.387622 0.179452 0.576547 0.195434
0 0.464169 0.213470 0.224756 0.042466 0.376222 0.192237 0.576547 0.201826 0.351792 0.227854 0.548860 0.234703
0 0.442997 0.262557 0.218241 0.045662 0.351792 0.240183 0.552117 0.239726 0.333876 0.283105 0.552117 0.285388
0 0.445440 0.314384 0.226384 0.040639 0.332248 0.298630 0.548860 0.294064 0.342020 0.334703 0.558632 0.331050
0 0.456026 0.366667 0.260586 0.050228 0.325733 0.353425 0.561889 0.341553 0.332248 0.391781 0.586319 0.383562
0 0.486156 0.418721 0.298046 0.055708 0.337134 0.403653 0.591205 0.390868 0.351792 0.446575 0.635179 0.434247
0 0.511401 0.475342 0.296417 0.063927 0.363192 0.460274 0.641694 0.443379 0.389251 0.507306 0.659609 0.497260
0 0.556189 0.537443 0.314332 0.060274 0.399023 0.518721 0.669381 0.507306 0.413681 0.567580 0.713355 0.563014
0 0.562704 0.605708 0.294788 0.049772 0.418567 0.581735 0.705212 0.580822 0.415309 0.626941 0.710098 0.630594
0 0.560261 0.673516 0.302932 0.046575 0.428339 0.650228 0.711726 0.653425 0.408795 0.691781 0.693811 0.696804
0 0.543160 0.742237 0.320847 0.061644 0.412052 0.711416 0.703583 0.715982 0.382736 0.762557 0.700326 0.773059
0 0.531759 0.814840 0.350163 0.052511 0.382736 0.788584 0.706840 0.790411 0.356678 0.833790 0.680782 0.841096
0 0.504072 0.884703 0.353420 0.052511 0.358306 0.859817 0.675896 0.858447 0.327362 0.908219 0.680782 0.910959
0 0.495114 0.939269 0.381107 0.047489 0.325733 0.915525 0.684039 0.921005 0.304560 0.959817 0.685668 0.963014