0 0.560976 0.049296 0.287263 0.036620 0.430894 0.030986 0.704607 0.046948 0.417344 0.049765 0.680217 0.067606
0 0.532520 0.081455 0.273713 0.046479 0.413279 0.058216 0.669377 0.076995 0.395664 0.079812 0.635501 0.104695
0 0.486450 0.119249 0.268293 0.051643 0.392954 0.093427 0.620596 0.114085 0.352304 0.116901 0.562331 0.145070
0 0.417344 0.161737 0.257453 0.064319 0.340108 0.129577 0.546070 0.158216 0.288618 0.163850 0.478320 0.193897
0 0.342818 0.200704 0.246612 0.062441 0.277778 0.169484 0.466125 0.199061 0.219512 0.199531 0.405149 0.231925
0 0.277100 0.244601 0.239837 0.068545 0.208672 0.210329 0.397019 0.238967 0.157182 0.252113 0.348238 0.278873
0 0.251355 0.298826 0.210027 0.058685 0.146341 0.269484 0.346883 0.284507 0.146341 0.328169 0.356369 0.317840
0 0.273713 0.353991 0.249322 0.065728 0.149051 0.339437 0.360434 0.321127 0.195122 0.386854 0.398374 0.359155
0 0.332656 0.401408 0.264228 0.079812 0.200542 0.397183 0.403794 0.361502 0.279133 0.441315 0.464770 0.402817
0 0.428184 0.448592 0.281843 0.085915 0.287263 0.453991 0.471545 0.405634 0.380759 0.491549 0.569106 0.444601
0 0.544038 0.498826 0.307588 0.092488 0.390244 0.496714 0.594851 0.452582 0.468835 0.545070 0.697832 0.496244
0 0.656504 0.553521 0.329268 0.084507 0.491870 0.550704 0.739837 0.511268 0.556911 0.595775 0.821138 0.567136
0 0.720190 0.614789 0.310298 0.062441 0.565041 0.596714 0.837398 0.583568 0.573171 0.646009 0.875339 0.640376
0 0.721545 0.689906 0.340108 0.082160 0.586721 0.648826 0.891599 0.661502 0.551490 0.700000 0.848238 0.730986
0 0.648374 0.757512 0.356369 0.103756 0.547425 0.705634 0.826558 0.745070 0.470190 0.754930 0.726287 0.809390
0 0.514228 0.829108 0.375339 0.107042 0.433604 0.775587 0.701897 0.825352 0.326558 0.830516 0.600271 0.882629
0 0.397019 0.896244 0.373984 0.100469 0.289973 0.846009 0.584011 0.897653 0.210027 0.884507 0.510840 0.946479