0 0.547744 0.056401 0.157398 0.036300 0.482686 0.038251 0.619098 0.041764 0.469045 0.067135 0.626443 0.074551
0 0.532004 0.098751 0.161595 0.046838 0.492130 0.075332 0.612802 0.083528 0.451207 0.103044 0.609654 0.122170
0 0.500525 0.142077 0.169990 0.053864 0.467996 0.115144 0.585519 0.130367 0.415530 0.142467 0.566632 0.169009
0 0.460651 0.180133 0.167891 0.055035 0.414481 0.152615 0.544596 0.176425 0.376705 0.182670 0.483736 0.207650
0 0.384050 0.218579 0.176285 0.059329 0.360965 0.188915 0.472193 0.214286 0.295908 0.220921 0.399790 0.248244
0 0.297482 0.256831 0.183631 0.057767 0.287513 0.227947 0.389297 0.251756 0.205666 0.261514 0.334732 0.285714
0 0.234523 0.298985 0.187828 0.052303 0.193074 0.272834 0.328437 0.290788 0.140609 0.309914 0.291710 0.325137
0 0.202518 0.340164 0.172088 0.034738 0.133263 0.322795 0.288562 0.335285 0.116474 0.357533 0.277020 0.356362
0 0.198321 0.398907 0.169990 0.042935 0.113326 0.377439 0.280168 0.377439 0.124869 0.420375 0.283316 0.410226
0 0.238195 0.449649 0.180483 0.053864 0.147954 0.440281 0.285414 0.422717 0.184680 0.476581 0.328437 0.451991
0 0.305876 0.497073 0.200420 0.070648 0.205666 0.490242 0.351522 0.461749 0.262329 0.532397 0.406086 0.492974
0 0.399790 0.541374 0.209864 0.074161 0.294858 0.539813 0.437566 0.504294 0.360965 0.578454 0.504722 0.539813
0 0.508395 0.593091 0.229801 0.080796 0.393494 0.586651 0.534103 0.552693 0.459601 0.633489 0.623295 0.592116
0 0.599161 0.646955 0.237146 0.078454 0.480588 0.641296 0.651626 0.607728 0.539349 0.686183 0.717734 0.655347
0 0.686254 0.716042 0.226653 0.073770 0.572928 0.699454 0.742917 0.679157 0.586569 0.752927 0.799580 0.730679
0 0.721931 0.779664 0.228751 0.057377 0.607555 0.765027 0.801679 0.750976 0.628541 0.808353 0.836306 0.798985
0 0.729801 0.835285 0.231899 0.043716 0.628541 0.820843 0.841553 0.813427 0.613851 0.854411 0.845750 0.857143