0 0.587133 0.036465 0.171226 0.030888 0.501520 0.021021 0.672746 0.024882 0.508612 0.047190 0.664640 0.051909
0 0.583080 0.068211 0.148936 0.024882 0.510638 0.055770 0.657548 0.057486 0.508612 0.078078 0.651469 0.080652
0 0.576494 0.109395 0.149949 0.043758 0.508612 0.087516 0.651469 0.093951 0.501520 0.117975 0.629179 0.131274
0 0.540020 0.160661 0.147923 0.060489 0.488349 0.130416 0.613982 0.145002 0.466059 0.170313 0.600811 0.190905
0 0.508105 0.205706 0.175279 0.061347 0.462006 0.175032 0.595745 0.196482 0.420466 0.202059 0.569402 0.236379
0 0.462006 0.258258 0.184397 0.077220 0.413374 0.219648 0.554205 0.246675 0.369808 0.262548 0.508612 0.296868
0 0.399189 0.311240 0.200608 0.069927 0.364742 0.276276 0.499493 0.300729 0.298886 0.319176 0.437690 0.346203
0 0.331307 0.364865 0.200608 0.070785 0.279635 0.329472 0.431611 0.356499 0.231003 0.371514 0.382979 0.400257
0 0.280648 0.417203 0.208713 0.069069 0.219858 0.382668 0.385005 0.411411 0.176292 0.427284 0.334347 0.451737
0 0.223404 0.474903 0.213779 0.063492 0.154002 0.443157 0.330294 0.458172 0.116515 0.492492 0.303951 0.506649
0 0.220365 0.550408 0.242148 0.078078 0.099291 0.517803 0.310030 0.511369 0.127660 0.589447 0.341439 0.555985
0 0.272543 0.604247 0.281662 0.091377 0.131712 0.591163 0.341439 0.558559 0.197568 0.649936 0.413374 0.593308
0 0.366261 0.658945 0.288754 0.110682 0.221885 0.670528 0.428571 0.603604 0.319149 0.714286 0.510638 0.645217
0 0.490375 0.709138 0.277609 0.105534 0.351570 0.722866 0.529889 0.656371 0.424519 0.761905 0.629179 0.697555
0 0.586626 0.765980 0.279635 0.081081 0.446809 0.766624 0.679838 0.725440 0.475177 0.806521 0.726444 0.779494
0 0.620567 0.846203 0.264438 0.071643 0.497467 0.826255 0.734549 0.810382 0.488349 0.882025 0.752786 0.880309
0 0.598278 0.928571 0.290780 0.061347 0.471125 0.897898 0.741641 0.904333 0.452888 0.951952 0.743668 0.959245