0 0.555608 0.054105 0.162548 0.027368 0.474335 0.040421 0.636882 0.042526 0.485741 0.063158 0.625475 0.067789
0 0.557034 0.092211 0.150190 0.034526 0.482890 0.074947 0.632129 0.082947 0.481939 0.102737 0.621673 0.109474
0 0.542776 0.137474 0.146388 0.046737 0.477186 0.114105 0.615970 0.128000 0.469582 0.143158 0.597909 0.160842
0 0.501426 0.191158 0.154943 0.070737 0.456274 0.155789 0.578897 0.180211 0.423954 0.200421 0.531369 0.226526
0 0.428707 0.247158 0.174905 0.060632 0.397338 0.216842 0.516160 0.245895 0.341255 0.241263 0.464829 0.277474
0 0.357414 0.286737 0.188213 0.069895 0.319392 0.251789 0.451521 0.288000 0.263308 0.290526 0.419202 0.321684
0 0.309886 0.331789 0.193916 0.053895 0.247148 0.304842 0.406844 0.332632 0.212928 0.343579 0.391635 0.358737
0 0.298004 0.385895 0.192966 0.057684 0.201521 0.357053 0.394487 0.368842 0.207224 0.414737 0.389734 0.400000
0 0.315114 0.443368 0.192966 0.058947 0.218631 0.432421 0.401141 0.413895 0.250000 0.472842 0.411597 0.436632
0 0.370247 0.485684 0.194867 0.066105 0.272814 0.487579 0.423954 0.452632 0.323194 0.518737 0.467681 0.477474
0 0.433460 0.521895 0.153992 0.062737 0.356464 0.530105 0.489544 0.490526 0.406844 0.553263 0.510456 0.518737
0 0.527091 0.561684 0.172053 0.063158 0.441065 0.569263 0.557985 0.530105 0.477186 0.593263 0.613118 0.561684
0 0.590304 0.615579 0.192015 0.071579 0.494297 0.608842 0.628327 0.579789 0.527567 0.651368 0.686312 0.632000
0 0.632605 0.685895 0.189163 0.058105 0.538023 0.666526 0.701521 0.656842 0.539924 0.714947 0.727186 0.706105
0 0.648289 0.763579 0.201521 0.063579 0.547529 0.734316 0.739544 0.731789 0.549430 0.795368 0.749049 0.794105
0 0.640209 0.845053 0.217681 0.053053 0.539924 0.818526 0.749049 0.818526 0.531369 0.870316 0.728137 0.871579
0 0.618346 0.914947 0.223384 0.047158 0.513308 0.891368 0.730038 0.891368 0.506654 0.933053 0.727186 0.938526