0 0.466951 0.108124 0.162047 0.023040 0.385927 0.100647 0.547974 0.096605 0.394456 0.119644 0.542644 0.114390
0 0.471748 0.132175 0.150320 0.019402 0.396588 0.124899 0.544776 0.122474 0.401919 0.141876 0.546908 0.139046
0 0.475480 0.159660 0.144989 0.019402 0.402985 0.149960 0.547974 0.149960 0.410448 0.169361 0.541578 0.167745
0 0.477079 0.193209 0.139659 0.028294 0.414712 0.179062 0.540512 0.182296 0.407249 0.202910 0.546908 0.207357
0 0.458955 0.237672 0.167377 0.042846 0.409382 0.216249 0.542644 0.220695 0.375267 0.252627 0.511727 0.259095
0 0.421109 0.282538 0.185501 0.042846 0.363539 0.261116 0.513859 0.269604 0.328358 0.289814 0.496802 0.303961
0 0.389659 0.324373 0.207889 0.043250 0.320896 0.302749 0.493603 0.312045 0.285714 0.339531 0.478678 0.345998
0 0.365139 0.368836 0.218550 0.031932 0.277185 0.352870 0.474414 0.355295 0.255864 0.384802 0.450959 0.383185
0 0.356610 0.415319 0.192964 0.046483 0.260128 0.401374 0.453092 0.392078 0.265458 0.438561 0.446695 0.423606
0 0.367271 0.460590 0.186567 0.053759 0.273987 0.452708 0.442431 0.433711 0.291045 0.487470 0.460554 0.470089
0 0.412047 0.511722 0.195096 0.052546 0.314499 0.505659 0.468017 0.485449 0.332623 0.537995 0.509595 0.521827
0 0.448827 0.566087 0.206823 0.052951 0.345416 0.555376 0.514925 0.539612 0.378465 0.592563 0.552239 0.576799
0 0.498401 0.623282 0.205757 0.057397 0.395522 0.612773 0.560768 0.594584 0.424307 0.651981 0.601279 0.634600
0 0.536247 0.684923 0.194030 0.051334 0.439232 0.671382 0.613006 0.659256 0.450959 0.710590 0.633262 0.699272
0 0.551173 0.746160 0.194030 0.046888 0.454158 0.731609 0.644989 0.722716 0.466951 0.769604 0.648188 0.765966
0 0.555970 0.812045 0.199360 0.046888 0.456290 0.788601 0.651386 0.790622 0.459488 0.831851 0.655650 0.835489
0 0.554371 0.868028 0.204691 0.026273 0.453092 0.854891 0.656716 0.856103 0.452026 0.879951 0.654584 0.881164