0 0.497984 0.044066 0.227823 0.047387 0.384073 0.020372 0.611895 0.037644 0.388105 0.046501 0.583669 0.067759
0 0.475806 0.082817 0.175403 0.046058 0.406250 0.059787 0.563508 0.076174 0.388105 0.084145 0.540323 0.105846
0 0.441028 0.122011 0.184476 0.061559 0.382056 0.091231 0.533266 0.112489 0.348790 0.120903 0.495968 0.152790
0 0.385585 0.161869 0.206653 0.067759 0.340726 0.127989 0.488911 0.158547 0.282258 0.155447 0.391129 0.195748
0 0.291331 0.195748 0.189516 0.068202 0.258065 0.161647 0.386089 0.198849 0.196573 0.197077 0.314516 0.229849
0 0.208165 0.239371 0.198589 0.070416 0.187500 0.204163 0.307460 0.236492 0.108871 0.251107 0.278226 0.274579
0 0.171875 0.291630 0.206653 0.052702 0.089718 0.265279 0.275202 0.279451 0.068548 0.311337 0.263105 0.317981
0 0.173891 0.352303 0.202621 0.050930 0.072581 0.329938 0.266129 0.326838 0.078629 0.377768 0.275202 0.366696
0 0.200101 0.407219 0.222782 0.072188 0.088710 0.387511 0.282258 0.371125 0.116935 0.443313 0.311492 0.409212
0 0.257056 0.464570 0.245968 0.083260 0.134073 0.453499 0.324597 0.422941 0.194556 0.506200 0.380040 0.462799
0 0.340222 0.518601 0.259073 0.097431 0.210685 0.516386 0.394153 0.469885 0.265121 0.567316 0.469758 0.528344
0 0.408266 0.573516 0.258065 0.085031 0.279234 0.574402 0.468750 0.531001 0.318548 0.616032 0.537298 0.575731
0 0.452621 0.637733 0.233871 0.082374 0.335685 0.626218 0.537298 0.596546 0.377016 0.678919 0.569556 0.657662
0 0.514617 0.704384 0.230847 0.073074 0.399194 0.693091 0.593750 0.667848 0.429435 0.740921 0.630040 0.724092
0 0.555444 0.779451 0.241935 0.073516 0.434476 0.758636 0.651210 0.742693 0.442540 0.816209 0.676411 0.801594
0 0.572077 0.860496 0.242944 0.063773 0.452621 0.835252 0.683468 0.828609 0.450605 0.889725 0.693548 0.892383
0 0.562500 0.936891 0.282258 0.066873 0.444556 0.904340 0.698589 0.903454 0.421371 0.960142 0.703629 0.970328