0 0.424149 0.065199 0.134159 0.030608 0.357069 0.051153 0.488132 0.049895 0.367389 0.080503 0.491228 0.078407
0 0.431889 0.102096 0.128999 0.029769 0.367389 0.090985 0.492260 0.087212 0.380805 0.116981 0.496388 0.116981
0 0.438080 0.142138 0.114551 0.028512 0.380805 0.129560 0.495356 0.127883 0.391125 0.152621 0.493292 0.156394
0 0.439628 0.182390 0.111455 0.036059 0.393189 0.164361 0.495356 0.172327 0.383901 0.193291 0.484004 0.200419
0 0.409185 0.226834 0.131063 0.039413 0.371517 0.207128 0.474716 0.215514 0.343653 0.233962 0.448916 0.246541
0 0.382353 0.270650 0.128999 0.039832 0.345717 0.250734 0.446852 0.261635 0.317853 0.281761 0.430341 0.290566
0 0.364293 0.315933 0.119711 0.036478 0.318885 0.297694 0.424149 0.300629 0.304438 0.329979 0.423117 0.334172
0 0.358617 0.362683 0.139319 0.036059 0.314757 0.344654 0.427245 0.344654 0.288958 0.380713 0.428277 0.378197
0 0.370485 0.413208 0.158927 0.043187 0.291022 0.394969 0.426213 0.391614 0.301342 0.434801 0.449948 0.425577
0 0.400413 0.461216 0.171311 0.041929 0.314757 0.444025 0.446852 0.440252 0.330237 0.482180 0.486068 0.475891
0 0.417441 0.515514 0.170279 0.051572 0.339525 0.496436 0.475748 0.489727 0.332301 0.541300 0.502580 0.530398
0 0.449432 0.572746 0.178535 0.056184 0.364293 0.555556 0.497420 0.544654 0.360165 0.600839 0.538700 0.590776
0 0.458720 0.633333 0.166151 0.055765 0.375645 0.615094 0.530444 0.605451 0.393189 0.661216 0.541796 0.650314
0 0.477296 0.701258 0.141383 0.043187 0.413829 0.689308 0.547988 0.679665 0.406605 0.722851 0.539732 0.717400
0 0.501548 0.771698 0.150671 0.041509 0.426213 0.756813 0.576883 0.750943 0.433437 0.792453 0.564499 0.789518
0 0.504644 0.843396 0.169247 0.040671 0.433437 0.823061 0.589267 0.823061 0.420021 0.857442 0.571723 0.863732
0 0.489680 0.919707 0.192982 0.054927 0.404541 0.892243 0.586171 0.899790 0.393189 0.943396 0.576883 0.947170