0 0.458180 0.052255 0.168512 0.025011 0.373924 0.046896 0.533825 0.039750 0.393604 0.064761 0.542435 0.061188
0 0.469250 0.086199 0.146371 0.025011 0.396064 0.077713 0.542435 0.073694 0.405904 0.098705 0.542435 0.097365
0 0.475400 0.123493 0.136531 0.029031 0.412054 0.110764 0.543665 0.108977 0.407134 0.137561 0.542435 0.138008
0 0.479090 0.167485 0.143911 0.035730 0.413284 0.150960 0.551046 0.149620 0.407134 0.178205 0.538745 0.185351
0 0.464945 0.212818 0.147601 0.038857 0.399754 0.193390 0.538745 0.199643 0.391144 0.221974 0.512915 0.232247
0 0.438499 0.255918 0.151292 0.033050 0.377614 0.239393 0.514145 0.246092 0.362854 0.263064 0.487085 0.272443
0 0.397294 0.295891 0.132841 0.041536 0.353014 0.275123 0.463715 0.284502 0.330873 0.310853 0.450184 0.316659
0 0.375154 0.345020 0.150062 0.037070 0.322263 0.326485 0.450184 0.329165 0.300123 0.362662 0.448954 0.363555
0 0.374539 0.387226 0.143911 0.032157 0.302583 0.372934 0.446494 0.371148 0.302583 0.403305 0.445264 0.401072
0 0.380074 0.437919 0.150062 0.042430 0.305043 0.420277 0.440344 0.416704 0.325953 0.459134 0.455105 0.449754
0 0.412669 0.485261 0.166052 0.045109 0.329643 0.472979 0.469865 0.462707 0.350554 0.507816 0.495695 0.501563
0 0.442189 0.540866 0.173432 0.048236 0.355474 0.528808 0.496925 0.516749 0.381304 0.564984 0.528905 0.558285
0 0.474170 0.603618 0.156212 0.037963 0.396064 0.586423 0.552276 0.584636 0.413284 0.622599 0.544895 0.622599
0 0.471710 0.667262 0.168512 0.046449 0.397294 0.644038 0.552276 0.649844 0.387454 0.682447 0.555966 0.690487
0 0.451415 0.734033 0.186962 0.054935 0.366544 0.706565 0.544895 0.717731 0.357934 0.748995 0.536285 0.761501
0 0.423124 0.802144 0.228782 0.056275 0.328413 0.774006 0.537515 0.782939 0.308733 0.818669 0.523985 0.830281
0 0.416359 0.848816 0.225092 0.037070 0.303813 0.830281 0.528905 0.841447 0.313653 0.865118 0.504305 0.867351