0 0.398710 0.044118 0.134194 0.035414 0.331613 0.032413 0.465806 0.026411 0.338065 0.061825 0.464516 0.052821
0 0.416774 0.083433 0.136774 0.037215 0.348387 0.073229 0.474839 0.064826 0.358710 0.102041 0.485161 0.098439
0 0.436774 0.126050 0.145806 0.031212 0.363871 0.115246 0.492903 0.110444 0.371613 0.141657 0.509677 0.139856
0 0.447742 0.170468 0.144516 0.031212 0.376774 0.155462 0.520000 0.154862 0.375484 0.185474 0.513548 0.186074
0 0.446452 0.216687 0.139355 0.038415 0.383226 0.197479 0.516129 0.201681 0.376774 0.222689 0.501935 0.235894
0 0.427097 0.260804 0.136774 0.039016 0.367742 0.241297 0.495484 0.247899 0.358710 0.270108 0.483871 0.280312
0 0.404516 0.307023 0.145806 0.034214 0.344516 0.289916 0.470968 0.298319 0.331613 0.321128 0.477419 0.324130
0 0.398710 0.355642 0.139355 0.031813 0.329032 0.339736 0.468387 0.341537 0.329032 0.371549 0.465806 0.367947
0 0.408387 0.403962 0.156129 0.039616 0.330323 0.390156 0.476129 0.384154 0.348387 0.423770 0.486452 0.419568
0 0.438065 0.460684 0.169032 0.045018 0.353548 0.450180 0.504516 0.438175 0.366452 0.483193 0.522581 0.472989
0 0.459355 0.518607 0.167742 0.045618 0.375484 0.504802 0.536774 0.495798 0.393548 0.541417 0.543226 0.533013
0 0.472258 0.584934 0.170323 0.047419 0.390968 0.563025 0.556129 0.561224 0.387097 0.605042 0.557419 0.608643
0 0.463226 0.654262 0.190968 0.055222 0.381935 0.626651 0.558710 0.632653 0.367742 0.668067 0.548387 0.681873
0 0.440000 0.719088 0.203871 0.042017 0.343226 0.698079 0.541936 0.701080 0.338065 0.738295 0.518710 0.740096
0 0.412903 0.791116 0.196129 0.058824 0.327742 0.761705 0.508387 0.773709 0.314839 0.814526 0.510968 0.820528
0 0.403226 0.865246 0.215484 0.052221 0.295484 0.839136 0.508387 0.842137 0.308387 0.885354 0.510968 0.891357
0 0.400645 0.928271 0.220645 0.041417 0.296774 0.907563 0.510968 0.913565 0.290323 0.943577 0.501935 0.948980