0 0.493865 0.039939 0.186094 0.038037 0.400818 0.031571 0.578732 0.020921 0.412065 0.058958 0.586912 0.049829
0 0.508691 0.076075 0.189162 0.036516 0.414110 0.066185 0.586912 0.057817 0.425358 0.094332 0.603272 0.090909
0 0.523006 0.114492 0.191207 0.031951 0.427403 0.101560 0.607362 0.098517 0.429448 0.130468 0.618609 0.130468
0 0.521984 0.157855 0.193252 0.041080 0.429448 0.137315 0.618609 0.141499 0.425358 0.171168 0.611452 0.178395
0 0.493865 0.209205 0.200409 0.057817 0.416155 0.180297 0.594070 0.195892 0.393661 0.217193 0.560327 0.238113
0 0.458589 0.255230 0.203476 0.056295 0.391616 0.227083 0.560327 0.246101 0.356851 0.262838 0.529652 0.283378
0 0.418712 0.302777 0.217791 0.060099 0.349693 0.272727 0.527607 0.294028 0.309816 0.313047 0.487730 0.332826
0 0.373211 0.354127 0.210634 0.057056 0.298569 0.325599 0.478528 0.337771 0.267894 0.370103 0.469325 0.382655
0 0.362986 0.405668 0.200409 0.046025 0.262781 0.382655 0.463190 0.387600 0.264826 0.428680 0.458078 0.420692
0 0.387526 0.462723 0.235174 0.059719 0.269939 0.445417 0.463190 0.432864 0.309816 0.492583 0.505112 0.468619
0 0.453988 0.515595 0.253579 0.069608 0.327198 0.504755 0.518405 0.480791 0.380368 0.550399 0.580777 0.519589
0 0.534254 0.571700 0.293456 0.074553 0.387526 0.564093 0.605317 0.534424 0.429448 0.608977 0.680982 0.580068
0 0.604806 0.631419 0.320041 0.076835 0.444785 0.619627 0.700409 0.593001 0.471370 0.669836 0.764826 0.647014
0 0.610941 0.695892 0.322086 0.062001 0.471370 0.671738 0.771984 0.664892 0.449898 0.723849 0.764826 0.726892
0 0.584867 0.762077 0.333333 0.080259 0.458078 0.721947 0.751534 0.752758 0.418200 0.770635 0.700409 0.802206
0 0.531697 0.828262 0.314928 0.100038 0.425358 0.778243 0.689162 0.819323 0.374233 0.834538 0.624744 0.878281
0 0.435072 0.898440 0.356851 0.104983 0.351738 0.845949 0.613497 0.891213 0.256646 0.905287 0.554192 0.950932