0 0.552770 0.027345 0.250660 0.037126 0.427441 0.018762 0.678100 0.008782 0.435356 0.045908 0.678100 0.038723
0 0.568602 0.067665 0.216359 0.039521 0.460422 0.054691 0.676781 0.047904 0.480211 0.087425 0.676781 0.081437
0 0.592348 0.113573 0.216359 0.041916 0.484169 0.097405 0.682058 0.092615 0.496042 0.134531 0.700528 0.129741
0 0.596966 0.166467 0.201847 0.047904 0.501319 0.145709 0.697889 0.142515 0.496042 0.189222 0.692612 0.190419
0 0.591029 0.221956 0.203166 0.046307 0.500000 0.199601 0.692612 0.198802 0.489446 0.244311 0.687335 0.245110
0 0.591689 0.281637 0.204485 0.047505 0.489446 0.259481 0.691293 0.257884 0.490765 0.305389 0.693931 0.305389
0 0.589050 0.336926 0.228232 0.049501 0.489446 0.314172 0.699208 0.312176 0.474934 0.360080 0.703166 0.361677
0 0.585092 0.393014 0.233509 0.051497 0.480211 0.367265 0.701847 0.370459 0.468338 0.409182 0.701847 0.418762
0 0.562005 0.451098 0.279683 0.059082 0.463061 0.421557 0.701847 0.431537 0.422164 0.464671 0.679420 0.480639
0 0.531003 0.507585 0.302111 0.061078 0.415567 0.477046 0.682058 0.492216 0.379947 0.519361 0.639842 0.538124
0 0.456464 0.564471 0.348285 0.072655 0.361478 0.528144 0.630607 0.552894 0.282322 0.568862 0.551451 0.600798
0 0.366095 0.616168 0.375989 0.069062 0.245383 0.581637 0.554090 0.605988 0.178100 0.627545 0.505277 0.650699
0 0.310026 0.672655 0.377309 0.051098 0.143799 0.647106 0.498681 0.656287 0.121372 0.692615 0.485488 0.698204
0 0.296834 0.737325 0.374670 0.065469 0.109499 0.721357 0.478892 0.704591 0.138522 0.770060 0.484169 0.742116
0 0.348285 0.802595 0.377309 0.089820 0.159631 0.797605 0.478892 0.757685 0.224274 0.847505 0.536939 0.807585
0 0.445251 0.869262 0.386544 0.092216 0.251979 0.861078 0.567282 0.823154 0.319261 0.915369 0.638522 0.877844
0 0.537599 0.929741 0.415567 0.085429 0.329815 0.926547 0.654354 0.887026 0.364116 0.972455 0.745383 0.938124