0 0.500000 0.068770 0.174857 0.023119 0.412571 0.059953 0.578286 0.057210 0.414857 0.080329 0.587429 0.080329
0 0.492571 0.106583 0.164571 0.021944 0.410286 0.095611 0.574857 0.095611 0.411429 0.117163 0.568000 0.117555
0 0.498857 0.147727 0.161143 0.024295 0.418286 0.135580 0.568000 0.135972 0.426286 0.155172 0.579429 0.159875
0 0.494857 0.191027 0.169143 0.035658 0.421714 0.173197 0.579429 0.173589 0.410286 0.204154 0.556571 0.208856
0 0.465143 0.232955 0.182857 0.028605 0.408000 0.218652 0.556571 0.220219 0.373714 0.239812 0.544000 0.247257
0 0.457714 0.271552 0.168000 0.036834 0.373714 0.253135 0.541714 0.257445 0.377143 0.282132 0.506286 0.289969
0 0.438286 0.317398 0.170286 0.036834 0.382857 0.298981 0.523429 0.302900 0.353143 0.330329 0.501714 0.335815
0 0.416571 0.360893 0.174857 0.039969 0.336000 0.340909 0.504000 0.349138 0.329143 0.373824 0.490286 0.380878
0 0.394857 0.406348 0.181714 0.041536 0.323429 0.385580 0.485714 0.393025 0.304000 0.425157 0.461714 0.427116
0 0.364571 0.454937 0.192000 0.040752 0.299429 0.434561 0.458286 0.437304 0.268571 0.468652 0.460571 0.475313
0 0.360571 0.513519 0.204571 0.055251 0.268571 0.485893 0.457143 0.487069 0.258286 0.541144 0.462857 0.539577
0 0.376000 0.566223 0.192000 0.031348 0.282286 0.556426 0.472000 0.550549 0.280000 0.581897 0.450286 0.577194
0 0.378857 0.621473 0.202286 0.045455 0.277714 0.606975 0.462857 0.598746 0.307429 0.644201 0.480000 0.630878
0 0.415429 0.681230 0.193143 0.048981 0.318857 0.669671 0.510857 0.656740 0.341714 0.705721 0.512000 0.695533
0 0.461143 0.752743 0.257143 0.056426 0.340571 0.734326 0.571429 0.724530 0.332571 0.780956 0.589714 0.773119
0 0.467429 0.822688 0.249143 0.049765 0.342857 0.802900 0.588571 0.797806 0.352000 0.847571 0.592000 0.843652
0 0.469143 0.882053 0.222857 0.028213 0.357714 0.869514 0.580571 0.867947 0.360000 0.896160 0.566857 0.887931