0 0.514732 0.065881 0.131250 0.026662 0.449107 0.052550 0.580357 0.054482 0.451786 0.071484 0.572321 0.079212
0 0.506696 0.104714 0.129464 0.035549 0.450000 0.086940 0.571429 0.093122 0.441964 0.113988 0.557143 0.122488
0 0.486607 0.146059 0.130357 0.042504 0.434821 0.124807 0.551786 0.138717 0.421429 0.153014 0.532143 0.167311
0 0.454464 0.186631 0.137500 0.042504 0.411607 0.165379 0.523214 0.179675 0.385714 0.188949 0.484821 0.207883
0 0.404464 0.225464 0.144643 0.045209 0.372321 0.202859 0.476786 0.219474 0.332143 0.232226 0.438393 0.248068
0 0.362500 0.269127 0.144643 0.043663 0.320536 0.247295 0.434821 0.259274 0.290179 0.275502 0.407143 0.290958
0 0.331250 0.310858 0.142857 0.039799 0.276786 0.290958 0.402679 0.303709 0.259821 0.321097 0.383036 0.330757
0 0.316964 0.355294 0.130357 0.032844 0.257143 0.338872 0.382143 0.341577 0.251786 0.371716 0.374107 0.371329
0 0.323661 0.402627 0.133036 0.040958 0.257143 0.390649 0.380357 0.382148 0.279464 0.423107 0.390179 0.411515
0 0.357589 0.448029 0.141964 0.048300 0.286607 0.439722 0.398214 0.423879 0.305357 0.472179 0.428571 0.455564
0 0.404911 0.494397 0.168750 0.052164 0.320536 0.486476 0.437500 0.468315 0.363393 0.520479 0.489286 0.500386
0 0.470089 0.544436 0.184821 0.054869 0.377679 0.539026 0.491964 0.517002 0.400893 0.571870 0.562500 0.554869
0 0.500000 0.600270 0.183929 0.048300 0.408036 0.588485 0.572321 0.576121 0.420536 0.624420 0.591964 0.618238
0 0.511161 0.669049 0.177679 0.050618 0.422321 0.644513 0.600000 0.643740 0.423214 0.689335 0.595536 0.694359
0 0.497321 0.735703 0.192857 0.061824 0.411607 0.704791 0.593750 0.715224 0.400893 0.753091 0.588393 0.766615
0 0.477232 0.805641 0.222321 0.061824 0.388393 0.774730 0.588393 0.790958 0.366071 0.824575 0.573214 0.836553
0 0.447321 0.877705 0.219643 0.056028 0.354464 0.849691 0.557143 0.863215 0.337500 0.899150 0.536607 0.905719