0 0.551282 0.030706 0.153846 0.028659 0.476923 0.016377 0.628205 0.017400 0.474359 0.039918 0.617949 0.045036
0 0.542308 0.067554 0.146154 0.028659 0.469231 0.053224 0.615385 0.054248 0.471795 0.073695 0.605128 0.081883
0 0.525641 0.104913 0.143590 0.035824 0.458974 0.087001 0.597436 0.094166 0.453846 0.118731 0.592308 0.122825
0 0.520513 0.148925 0.133333 0.027636 0.453846 0.135107 0.576923 0.136131 0.453846 0.161720 0.587179 0.162743
0 0.508974 0.187820 0.125641 0.035824 0.458974 0.169908 0.571795 0.170931 0.446154 0.201638 0.569231 0.205732
0 0.489744 0.231832 0.143590 0.044012 0.448718 0.209826 0.561538 0.218014 0.417949 0.238485 0.538462 0.253838
0 0.452564 0.268168 0.151282 0.045036 0.415385 0.245650 0.528205 0.262027 0.376923 0.273286 0.494872 0.290686
0 0.402564 0.308598 0.153846 0.048106 0.366667 0.284545 0.479487 0.299898 0.325641 0.317298 0.466667 0.332651
0 0.370513 0.351586 0.151282 0.048106 0.325641 0.327533 0.446154 0.339816 0.294872 0.365404 0.435897 0.375640
0 0.352564 0.399693 0.141026 0.037871 0.294872 0.380757 0.412821 0.386899 0.282051 0.417605 0.423077 0.418628
0 0.358974 0.451382 0.164103 0.045036 0.276923 0.438076 0.410256 0.428864 0.287179 0.473900 0.441026 0.462641
0 0.376923 0.504094 0.164103 0.052201 0.294872 0.490276 0.438462 0.477994 0.300000 0.530194 0.458974 0.514841
0 0.400000 0.557830 0.184615 0.047083 0.307692 0.547595 0.466667 0.534289 0.330769 0.581372 0.492308 0.573183
0 0.415385 0.619754 0.184615 0.048106 0.323077 0.604913 0.494872 0.595701 0.343590 0.643808 0.507692 0.636643
0 0.429487 0.683726 0.176923 0.047083 0.341026 0.664278 0.517949 0.660184 0.346154 0.707267 0.507692 0.704197
0 0.425641 0.749232 0.174359 0.049130 0.348718 0.726714 0.512821 0.724667 0.338462 0.769703 0.512821 0.773797
0 0.407692 0.814739 0.194872 0.047083 0.335897 0.791198 0.505128 0.797339 0.310256 0.835210 0.502564 0.838280