0 0.476821 0.077591 0.147903 0.028932 0.403974 0.068385 0.550773 0.063125 0.402870 0.090479 0.545254 0.092057
0 0.473510 0.123619 0.145695 0.039979 0.407285 0.103630 0.546358 0.109942 0.400662 0.132036 0.529801 0.143609
0 0.464128 0.164124 0.140177 0.041031 0.397351 0.143609 0.534216 0.157286 0.394040 0.169911 0.512141 0.184640
0 0.437638 0.204103 0.140177 0.044187 0.391832 0.182009 0.507726 0.195686 0.367550 0.213046 0.474614 0.226197
0 0.403422 0.245660 0.122517 0.038927 0.354305 0.226197 0.464680 0.239348 0.342163 0.250921 0.434879 0.265124
0 0.368653 0.285902 0.121413 0.039453 0.338852 0.266176 0.429360 0.280379 0.307947 0.289847 0.417219 0.305629
0 0.337748 0.326407 0.150110 0.038401 0.289183 0.307207 0.412804 0.320884 0.262693 0.335613 0.392936 0.345608
0 0.320640 0.371910 0.126932 0.036823 0.259382 0.353498 0.384106 0.360863 0.257174 0.390321 0.378587 0.386639
0 0.324503 0.418464 0.134658 0.038401 0.257174 0.403998 0.381898 0.399264 0.261589 0.437664 0.391832 0.426092
0 0.345475 0.467912 0.147903 0.051026 0.271523 0.451341 0.397351 0.442399 0.298013 0.493425 0.419426 0.472383
0 0.385210 0.516307 0.139073 0.057338 0.315673 0.506049 0.423841 0.487638 0.347682 0.544976 0.454746 0.517622
0 0.432119 0.571541 0.137969 0.059442 0.363135 0.561284 0.479029 0.541820 0.391832 0.601263 0.501104 0.573908
0 0.484547 0.624671 0.154525 0.058390 0.407285 0.621252 0.530905 0.595476 0.438190 0.653866 0.561810 0.628617
0 0.534216 0.687270 0.169978 0.057338 0.449227 0.679642 0.590508 0.658601 0.477925 0.715939 0.619205 0.697002
0 0.560706 0.751710 0.189845 0.051552 0.465784 0.740137 0.636865 0.725934 0.490066 0.777486 0.655629 0.768017
0 0.574503 0.823777 0.188742 0.045239 0.480132 0.802209 0.666667 0.801157 0.485651 0.846397 0.668874 0.845345
0 0.568433 0.896896 0.220751 0.061021 0.479029 0.869542 0.678808 0.866386 0.458057 0.927407 0.660044 0.927407