0 0.449954 0.033514 0.119376 0.028986 0.390266 0.025815 0.508724 0.019022 0.402204 0.048007 0.509642 0.040308
0 0.463269 0.067708 0.116621 0.029438 0.404959 0.061594 0.519743 0.052989 0.410468 0.082428 0.521579 0.073822
0 0.477043 0.099638 0.112948 0.028986 0.420569 0.092844 0.528926 0.085145 0.437098 0.114130 0.533517 0.109149
0 0.495868 0.138587 0.108356 0.032609 0.441690 0.125453 0.541781 0.122283 0.452709 0.154891 0.550046 0.150815
0 0.504132 0.181839 0.106520 0.037591 0.450872 0.167572 0.556474 0.163043 0.450872 0.200634 0.557392 0.197917
0 0.511019 0.229846 0.114784 0.034873 0.453627 0.216033 0.568411 0.212409 0.457300 0.245471 0.564738 0.247283
0 0.516070 0.278080 0.115702 0.034420 0.458219 0.266304 0.560147 0.260870 0.460973 0.295290 0.573921 0.293478
0 0.515152 0.326313 0.117539 0.040308 0.460973 0.313406 0.573921 0.306159 0.456382 0.346467 0.573003 0.343297
0 0.511938 0.373868 0.120294 0.035779 0.460055 0.359149 0.572084 0.355978 0.451791 0.389493 0.571166 0.391757
0 0.506887 0.422554 0.108356 0.038949 0.452709 0.403080 0.559229 0.404891 0.454545 0.442029 0.561065 0.440670
0 0.514233 0.477808 0.134068 0.037138 0.452709 0.459692 0.561983 0.459239 0.447199 0.496377 0.581267 0.494565
0 0.508724 0.531929 0.130395 0.039402 0.443526 0.512228 0.573921 0.514040 0.443526 0.551178 0.573921 0.551630
0 0.516070 0.594203 0.156107 0.047101 0.443526 0.570652 0.594123 0.572917 0.438017 0.614583 0.581267 0.617754
0 0.498163 0.655797 0.162534 0.043478 0.432507 0.634058 0.579431 0.637681 0.416896 0.675272 0.561065 0.677536
0 0.485308 0.718297 0.155188 0.048913 0.407714 0.693841 0.558310 0.698822 0.408632 0.742754 0.562902 0.741395
0 0.483930 0.782156 0.170799 0.034420 0.408632 0.767210 0.569330 0.764946 0.398531 0.799366 0.561065 0.795743
0 0.486226 0.845562 0.173554 0.045290 0.399449 0.824275 0.572084 0.822917 0.401286 0.868207 0.573003 0.867754