0 0.557232 0.043793 0.184183 0.032141 0.469303 0.027722 0.649324 0.032945 0.465140 0.055846 0.647242 0.059863
0 0.542664 0.080354 0.202914 0.035356 0.464100 0.062676 0.644121 0.066693 0.441207 0.092005 0.619147 0.098031
0 0.524974 0.117718 0.175858 0.035356 0.439126 0.100040 0.612903 0.104058 0.437045 0.131780 0.602497 0.135396
0 0.521332 0.155283 0.168574 0.032543 0.439126 0.139012 0.605619 0.141824 0.437045 0.167939 0.602497 0.171555
0 0.517170 0.205504 0.160250 0.049417 0.438085 0.180796 0.592092 0.186018 0.437045 0.223785 0.597295 0.230213
0 0.517690 0.257533 0.192508 0.053033 0.433923 0.231016 0.596254 0.236239 0.421436 0.274407 0.613944 0.284050
0 0.513007 0.307352 0.206035 0.046605 0.417274 0.284050 0.616025 0.291683 0.409990 0.328244 0.604579 0.330655
0 0.499480 0.360587 0.206035 0.046203 0.405827 0.339896 0.602497 0.337485 0.396462 0.383688 0.598335 0.374046
0 0.509886 0.411611 0.212279 0.057453 0.403746 0.395741 0.598335 0.382885 0.408949 0.440337 0.616025 0.428284
0 0.542664 0.467457 0.225806 0.055846 0.429761 0.454399 0.621228 0.439534 0.436004 0.495380 0.655567 0.481720
0 0.562435 0.525311 0.246618 0.059863 0.439126 0.510245 0.662851 0.495380 0.450572 0.555243 0.685744 0.541583
0 0.581686 0.593009 0.262227 0.054640 0.452653 0.569707 0.702393 0.565689 0.450572 0.620329 0.712799 0.619526
0 0.577003 0.659502 0.259105 0.059863 0.447451 0.629570 0.706556 0.643632 0.453694 0.675372 0.699272 0.689434
0 0.541623 0.724588 0.269511 0.078345 0.449532 0.685416 0.676379 0.719566 0.406868 0.728405 0.637877 0.763761
0 0.470864 0.785657 0.281998 0.087987 0.390219 0.741663 0.611863 0.784251 0.329865 0.781438 0.556712 0.829650
0 0.391259 0.846726 0.285120 0.080755 0.295525 0.806348 0.533819 0.841703 0.248699 0.851748 0.491155 0.887103
0 0.336108 0.905183 0.355879 0.064283 0.208117 0.873041 0.501561 0.900763 0.158169 0.919245 0.514048 0.937324