0 0.446538 0.097842 0.132340 0.026701 0.380368 0.088149 0.511832 0.084492 0.396144 0.111192 0.512708 0.107535
0 0.468011 0.134967 0.133216 0.033650 0.401402 0.121800 0.520596 0.118142 0.406661 0.151792 0.534619 0.150695
0 0.479404 0.180139 0.133216 0.027432 0.412796 0.166423 0.538124 0.166423 0.418931 0.193489 0.546012 0.193855
0 0.481157 0.223848 0.133216 0.035845 0.421560 0.205925 0.547765 0.208852 0.414549 0.234821 0.542507 0.241770
0 0.469763 0.267374 0.127958 0.035113 0.420684 0.249817 0.533742 0.256401 0.405784 0.279810 0.518843 0.284930
0 0.460561 0.313277 0.123576 0.036942 0.407537 0.294806 0.522349 0.300293 0.398773 0.326628 0.512708 0.331748
0 0.450920 0.356986 0.128834 0.038771 0.397020 0.337601 0.514461 0.343453 0.386503 0.372348 0.515337 0.376372
0 0.445662 0.402890 0.148116 0.039868 0.385627 0.382955 0.519720 0.390271 0.371604 0.414411 0.507450 0.422824
0 0.431201 0.452085 0.154251 0.044623 0.370727 0.429773 0.508326 0.437454 0.354075 0.464155 0.499562 0.474396
0 0.409728 0.499634 0.165644 0.049012 0.344435 0.475128 0.492550 0.492685 0.326906 0.513533 0.485539 0.524140
0 0.383436 0.555596 0.165644 0.043892 0.313760 0.533650 0.466258 0.541697 0.300613 0.571324 0.466258 0.577542
0 0.373357 0.615764 0.171779 0.044989 0.287467 0.593270 0.459246 0.595099 0.290973 0.638259 0.442594 0.631309
0 0.377301 0.673372 0.176161 0.057791 0.289220 0.658376 0.443471 0.644477 0.306748 0.702268 0.465381 0.684711
0 0.417178 0.731346 0.184049 0.068398 0.325153 0.720922 0.473269 0.697147 0.360210 0.765545 0.509202 0.738844
0 0.486854 0.790783 0.183173 0.072421 0.395267 0.783102 0.539001 0.754572 0.432077 0.826993 0.578440 0.798830
0 0.565294 0.856072 0.212095 0.071324 0.459246 0.843819 0.617879 0.820410 0.492550 0.891734 0.671341 0.866496
0 0.617003 0.920263 0.240140 0.059254 0.496933 0.909290 0.701139 0.890636 0.522349 0.949890 0.737073 0.926481