0 0.454191 0.064483 0.140351 0.032550 0.384990 0.048208 0.510721 0.049032 0.384016 0.075402 0.524366 0.080758
0 0.455166 0.108158 0.148148 0.039143 0.384016 0.088587 0.529240 0.094767 0.381092 0.117017 0.524366 0.127730
0 0.429825 0.151834 0.152047 0.049032 0.369396 0.127318 0.505848 0.147919 0.353801 0.153688 0.461988 0.176349
0 0.371832 0.186444 0.133528 0.051504 0.333333 0.160692 0.438596 0.184590 0.305068 0.189122 0.396686 0.212196
0 0.307018 0.225999 0.146199 0.047384 0.287524 0.202307 0.380117 0.221261 0.233918 0.229089 0.355751 0.249691
0 0.267544 0.265554 0.151072 0.045735 0.215400 0.242686 0.343080 0.260816 0.192008 0.281417 0.327485 0.288422
0 0.255361 0.325711 0.155945 0.054800 0.182261 0.299547 0.327485 0.298311 0.177388 0.353111 0.333333 0.341574
0 0.281676 0.366914 0.179337 0.043263 0.192008 0.361351 0.347953 0.345282 0.217349 0.388546 0.371345 0.369592
0 0.319201 0.411413 0.186160 0.062217 0.226121 0.405439 0.375244 0.380305 0.266082 0.442522 0.412281 0.412443
0 0.384503 0.456737 0.188109 0.058920 0.290448 0.457767 0.436647 0.427276 0.336257 0.486197 0.478557 0.459415
0 0.464425 0.504738 0.186160 0.069221 0.371345 0.500618 0.504873 0.470128 0.424951 0.539349 0.557505 0.503090
0 0.542398 0.554182 0.192008 0.060981 0.446394 0.553770 0.584795 0.523692 0.484405 0.584672 0.638402 0.558714
0 0.595517 0.613309 0.198830 0.051504 0.496101 0.603214 0.668616 0.587557 0.532164 0.639061 0.694932 0.626700
0 0.624756 0.679646 0.206628 0.049856 0.528265 0.658426 0.714425 0.654718 0.521442 0.704574 0.728070 0.700453
0 0.621345 0.748043 0.203704 0.048208 0.519493 0.723939 0.723197 0.727647 0.522417 0.763082 0.719298 0.772147
0 0.605263 0.819118 0.237817 0.037083 0.488304 0.800577 0.724172 0.805521 0.486355 0.837660 0.707602 0.836836
0 0.594055 0.879687 0.254386 0.044499 0.475634 0.860321 0.721248 0.857437 0.466862 0.896580 0.712476 0.901937