0 0.520000 0.071508 0.107200 0.036033 0.466400 0.065007 0.563200 0.053492 0.484000 0.089525 0.573600 0.077637
0 0.546800 0.106798 0.116000 0.035290 0.488800 0.099183 0.581600 0.089153 0.512800 0.124443 0.604800 0.114785
0 0.574800 0.150074 0.119200 0.038633 0.515200 0.138559 0.620000 0.130758 0.536000 0.169391 0.634400 0.165305
0 0.587600 0.197808 0.111200 0.032318 0.532000 0.183135 0.643200 0.181649 0.532000 0.205795 0.631200 0.213967
0 0.568800 0.239227 0.121600 0.041605 0.520000 0.218425 0.629600 0.229569 0.508000 0.244428 0.596000 0.260030
0 0.530000 0.279532 0.117600 0.047177 0.499200 0.255944 0.588800 0.269688 0.471200 0.286033 0.553600 0.303120
0 0.480400 0.318536 0.116000 0.046434 0.456800 0.295319 0.538400 0.311664 0.422400 0.330238 0.517600 0.341753
0 0.447200 0.364042 0.113600 0.039376 0.416000 0.344354 0.504000 0.354755 0.390400 0.380015 0.488000 0.383730
0 0.438800 0.416976 0.104800 0.033061 0.386400 0.400446 0.486400 0.401189 0.388000 0.433507 0.491200 0.430906
0 0.453600 0.467682 0.118400 0.043834 0.394400 0.450223 0.495200 0.445765 0.404000 0.489599 0.512800 0.482912
0 0.474800 0.522474 0.128800 0.051634 0.410400 0.507058 0.515200 0.496657 0.426400 0.548291 0.539200 0.534175
0 0.506800 0.581724 0.135200 0.054235 0.439200 0.568722 0.549600 0.554606 0.464800 0.608841 0.574400 0.596211
0 0.542400 0.642088 0.145600 0.052377 0.469600 0.620357 0.592800 0.615899 0.485600 0.668276 0.615200 0.663447
0 0.554000 0.709881 0.157600 0.049034 0.488000 0.685364 0.632800 0.685736 0.475200 0.724369 0.626400 0.734398
0 0.532000 0.780461 0.179200 0.068351 0.472000 0.746285 0.621600 0.760030 0.442400 0.792719 0.603200 0.814636
0 0.490000 0.846025 0.181600 0.066493 0.436000 0.812779 0.580800 0.834324 0.399200 0.862927 0.553600 0.879272
0 0.453200 0.918834 0.165600 0.049406 0.384800 0.894131 0.536000 0.900074 0.370400 0.933507 0.522400 0.943536