0 0.578844 0.081737 0.146915 0.072972 0.505387 0.046066 0.652302 0.045251 0.518120 0.102324 0.645446 0.118223
0 0.571009 0.139013 0.141038 0.046474 0.524976 0.115777 0.641528 0.130860 0.500490 0.139421 0.615083 0.162250
0 0.530852 0.177130 0.168462 0.050958 0.482860 0.151651 0.615083 0.176111 0.446621 0.174480 0.552400 0.202609
0 0.431440 0.206482 0.173359 0.062373 0.400588 0.175296 0.518120 0.213616 0.344760 0.203017 0.476004 0.237668
0 0.343781 0.241133 0.215475 0.072157 0.306562 0.205055 0.451518 0.250713 0.236043 0.249490 0.399608 0.277212
0 0.290891 0.287199 0.172380 0.041989 0.231146 0.266205 0.377081 0.288218 0.204701 0.297595 0.353575 0.308194
0 0.267875 0.333469 0.167483 0.041582 0.194907 0.312678 0.348678 0.316347 0.184133 0.354260 0.351616 0.349776
0 0.285015 0.382797 0.170421 0.046474 0.199804 0.366898 0.344760 0.359560 0.208619 0.406033 0.370225 0.396657
0 0.316846 0.431309 0.167483 0.045658 0.233105 0.424378 0.389814 0.408479 0.254652 0.454138 0.400588 0.430901
0 0.369246 0.480228 0.207640 0.068488 0.265426 0.468814 0.422135 0.445985 0.294809 0.514472 0.473066 0.495312
0 0.433399 0.551162 0.198825 0.069303 0.333986 0.542601 0.488737 0.516510 0.375122 0.585813 0.532811 0.558092
0 0.482860 0.608642 0.168462 0.059519 0.398629 0.600489 0.530852 0.578883 0.413320 0.638402 0.567091 0.619649
0 0.510774 0.671015 0.187072 0.052996 0.417238 0.656747 0.585700 0.644517 0.425073 0.697513 0.604309 0.688545
0 0.532811 0.739095 0.186092 0.055442 0.440744 0.716673 0.620960 0.711374 0.439765 0.766816 0.625857 0.759886
0 0.543095 0.815940 0.177277 0.052589 0.459354 0.793314 0.621939 0.789645 0.454456 0.842234 0.631734 0.841011
0 0.549951 0.894415 0.190989 0.047289 0.461312 0.870771 0.645446 0.870771 0.454456 0.918060 0.643487 0.915206
0 0.587659 0.057277 0.131244 0.033021 0.522037 0.040766 0.653281 0.042397 0.524976 0.065226 0.650343 0.073787