0 0.356069 0.070338 0.150289 0.043498 0.280925 0.070338 0.421965 0.048589 0.312139 0.092087 0.431214 0.061546
0 0.398844 0.096020 0.152601 0.050440 0.322543 0.100879 0.452023 0.070801 0.372254 0.121240 0.475145 0.084220
0 0.475723 0.120315 0.158382 0.055530 0.396532 0.136511 0.514451 0.092550 0.445087 0.148080 0.554913 0.105507
0 0.562428 0.148080 0.179191 0.062008 0.472832 0.154558 0.582659 0.117075 0.515607 0.179084 0.652023 0.144378
0 0.657803 0.192735 0.182659 0.058769 0.566474 0.192503 0.697110 0.163350 0.620809 0.222119 0.749133 0.196668
0 0.712717 0.234151 0.183815 0.053679 0.620809 0.232300 0.764162 0.207311 0.636994 0.260990 0.804624 0.251273
0 0.743353 0.275567 0.191908 0.030079 0.647399 0.270245 0.816185 0.260528 0.664740 0.290606 0.839306 0.282739
0 0.752601 0.318371 0.184971 0.035169 0.660116 0.300787 0.845087 0.300787 0.664740 0.332254 0.817341 0.335956
0 0.706358 0.365340 0.168786 0.051365 0.654335 0.339658 0.790751 0.360019 0.621965 0.360481 0.764162 0.391023
0 0.632370 0.408376 0.180347 0.063397 0.587283 0.376677 0.722543 0.414160 0.542197 0.409533 0.670520 0.440074
0 0.546821 0.464600 0.201156 0.059232 0.483237 0.434984 0.647399 0.454882 0.446243 0.467376 0.587283 0.494216
0 0.476879 0.527534 0.179191 0.050902 0.413873 0.502082 0.566474 0.511337 0.387283 0.539565 0.552601 0.552985
0 0.450867 0.593475 0.189595 0.043961 0.363006 0.571495 0.545665 0.574271 0.356069 0.609440 0.530636 0.615456
0 0.437572 0.658723 0.190751 0.041185 0.343353 0.639056 0.526012 0.638130 0.342197 0.677001 0.532948 0.679315
0 0.435838 0.722351 0.212717 0.041647 0.329480 0.707543 0.542197 0.701527 0.329480 0.743174 0.534104 0.741786
0 0.466474 0.787367 0.250867 0.043036 0.341040 0.776955 0.556069 0.765849 0.351445 0.808885 0.591908 0.797779
0 0.482081 0.850069 0.240462 0.039796 0.361850 0.836650 0.591908 0.830171 0.368786 0.869968 0.602312 0.867654