0 0.480640 0.101129 0.183502 0.028747 0.388889 0.089322 0.548822 0.086756 0.393939 0.115503 0.572391 0.108830
0 0.497475 0.137320 0.186869 0.027207 0.404040 0.129363 0.579125 0.123717 0.410774 0.150924 0.590909 0.145277
0 0.515152 0.177875 0.185185 0.027207 0.422559 0.166838 0.584175 0.164271 0.430976 0.191478 0.607744 0.187885
0 0.519360 0.216632 0.176768 0.028747 0.430976 0.202259 0.604377 0.202259 0.434343 0.231006 0.607744 0.228953
0 0.524411 0.255390 0.173401 0.031314 0.441077 0.239733 0.611111 0.239733 0.437710 0.266427 0.599327 0.271047
0 0.508417 0.294148 0.168350 0.030801 0.432660 0.278747 0.592593 0.281828 0.424242 0.306468 0.590909 0.309548
0 0.500842 0.332906 0.166667 0.027207 0.422559 0.319302 0.584175 0.322382 0.417508 0.343942 0.582492 0.346509
0 0.508417 0.375513 0.195286 0.030287 0.417508 0.360370 0.599327 0.361396 0.410774 0.390657 0.606061 0.390657
0 0.507576 0.417864 0.200337 0.033881 0.412458 0.401437 0.607744 0.400924 0.407407 0.434805 0.607744 0.434805
0 0.509259 0.463039 0.203704 0.036961 0.409091 0.447639 0.611111 0.444559 0.407407 0.481520 0.606061 0.478439
0 0.499158 0.511807 0.196970 0.044148 0.404040 0.494867 0.597643 0.489733 0.400673 0.533881 0.597643 0.530287
0 0.501683 0.565452 0.195286 0.040554 0.404040 0.552361 0.599327 0.545175 0.412458 0.585729 0.597643 0.581109
0 0.521044 0.617556 0.183502 0.036961 0.429293 0.603183 0.612795 0.599076 0.437710 0.632957 0.606061 0.636037
0 0.526094 0.677875 0.186869 0.038501 0.441077 0.663758 0.619529 0.658624 0.432660 0.697125 0.614478 0.694045
0 0.510101 0.745123 0.195286 0.043634 0.412458 0.723306 0.607744 0.725359 0.419192 0.764374 0.606061 0.766940
0 0.485690 0.817248 0.240741 0.054415 0.410774 0.792094 0.606061 0.790041 0.365320 0.837269 0.604377 0.844456
0 0.460438 0.893480 0.250842 0.038501 0.343434 0.874230 0.585859 0.877310 0.335017 0.910678 0.572391 0.912731