0 0.579848 0.072527 0.159696 0.033700 0.500000 0.064469 0.627376 0.055678 0.509506 0.089377 0.659696 0.080586
0 0.592205 0.104029 0.153992 0.026374 0.515209 0.096703 0.657795 0.090842 0.538023 0.117216 0.669201 0.115018
0 0.599810 0.143223 0.138783 0.035897 0.536122 0.129670 0.669201 0.125275 0.530418 0.161172 0.665399 0.158242
0 0.581749 0.195238 0.182510 0.049084 0.522814 0.170696 0.673004 0.173626 0.490494 0.208059 0.640684 0.219780
0 0.543726 0.249451 0.167300 0.043223 0.496198 0.227839 0.627376 0.239560 0.460076 0.251282 0.595057 0.271062
0 0.506654 0.291575 0.173004 0.045421 0.456274 0.268864 0.593156 0.280586 0.420152 0.301099 0.568441 0.314286
0 0.472433 0.336264 0.169202 0.041026 0.406844 0.315751 0.557034 0.324542 0.387833 0.348718 0.557034 0.356777
0 0.468631 0.384615 0.176806 0.042491 0.391635 0.363370 0.541825 0.365568 0.380228 0.405861 0.557034 0.399267
0 0.488593 0.435531 0.182510 0.050549 0.397338 0.416850 0.560836 0.410256 0.403042 0.460806 0.579848 0.449817
0 0.506654 0.484615 0.188213 0.041758 0.412548 0.472527 0.589354 0.463736 0.425856 0.505495 0.600760 0.502564
0 0.519011 0.548352 0.171103 0.044689 0.433460 0.534066 0.600760 0.526007 0.456274 0.570696 0.604563 0.569231
0 0.541825 0.612088 0.167300 0.044689 0.469582 0.589744 0.625475 0.591941 0.458175 0.630037 0.612167 0.634432
0 0.528517 0.677289 0.174905 0.044689 0.441065 0.654945 0.615970 0.658608 0.442966 0.693773 0.612167 0.699634
0 0.504753 0.738095 0.222433 0.052015 0.420152 0.712088 0.615970 0.724542 0.393536 0.753114 0.595057 0.764103
0 0.476236 0.806960 0.245247 0.050549 0.378327 0.781685 0.598859 0.791209 0.353612 0.821978 0.587452 0.832234
0 0.457224 0.870696 0.230038 0.040293 0.346008 0.850549 0.572243 0.855678 0.342205 0.888645 0.572243 0.890842
0 0.449620 0.927473 0.233840 0.029304 0.334601 0.912821 0.566540 0.917949 0.332700 0.942125 0.558935 0.941392