0 0.616242 0.026928 0.229299 0.035760 0.501592 0.009048 0.730892 0.010340 0.515924 0.039638 0.730892 0.044808
0 0.616242 0.067212 0.200637 0.034468 0.531847 0.049978 0.716560 0.056872 0.515924 0.080569 0.687898 0.084446
0 0.578025 0.116114 0.238853 0.031452 0.506369 0.101680 0.697452 0.100388 0.458599 0.126670 0.667197 0.131840
0 0.550159 0.156398 0.234076 0.027574 0.463376 0.142611 0.667197 0.143903 0.433121 0.166308 0.652866 0.170185
0 0.519108 0.203576 0.229299 0.043516 0.444268 0.181818 0.633758 0.181818 0.404459 0.212408 0.560510 0.225334
0 0.453025 0.255924 0.205414 0.044808 0.385350 0.233520 0.555732 0.245153 0.350318 0.268850 0.550955 0.278328
0 0.436306 0.309780 0.238853 0.039638 0.345541 0.289961 0.555732 0.295562 0.316879 0.329599 0.546178 0.325722
0 0.436306 0.369884 0.210191 0.046101 0.331210 0.353296 0.536624 0.346833 0.331210 0.392934 0.541401 0.380009
0 0.469745 0.427187 0.219745 0.055579 0.359873 0.414046 0.550955 0.399397 0.371019 0.454976 0.579618 0.436450
0 0.528662 0.488583 0.248408 0.069798 0.404459 0.478673 0.614650 0.453684 0.463376 0.523481 0.652866 0.499785
0 0.625796 0.552564 0.267516 0.055579 0.492038 0.543300 0.687898 0.524774 0.536624 0.580353 0.759554 0.559242
0 0.696656 0.614390 0.253185 0.042223 0.570064 0.595864 0.804140 0.593279 0.574841 0.619991 0.823248 0.635502
0 0.672771 0.664800 0.262739 0.044808 0.546178 0.642395 0.804140 0.662215 0.541401 0.675140 0.750000 0.687204
0 0.636146 0.724688 0.269108 0.054287 0.515924 0.697544 0.770701 0.716071 0.501592 0.734597 0.754777 0.751831
0 0.550955 0.799224 0.350318 0.079276 0.433121 0.759586 0.726115 0.779405 0.375796 0.806980 0.687898 0.838863
0 0.494427 0.880224 0.297771 0.054287 0.355096 0.853081 0.643312 0.869022 0.345541 0.900905 0.614650 0.907368
0 0.465764 0.940974 0.307325 0.035330 0.340764 0.923309 0.609873 0.928479 0.312102 0.956053 0.619427 0.958638