0 0.556742 0.049656 0.165169 0.025365 0.474157 0.038263 0.639326 0.036973 0.478652 0.062339 0.633708 0.061479
0 0.562360 0.084480 0.151685 0.030525 0.486517 0.070507 0.638202 0.069218 0.495506 0.096733 0.637079 0.099742
0 0.557303 0.132846 0.152809 0.050731 0.489888 0.107481 0.633708 0.112210 0.480899 0.158212 0.616854 0.149613
0 0.532584 0.180138 0.168539 0.057610 0.482022 0.151333 0.616854 0.156492 0.448315 0.195185 0.584270 0.208942
0 0.496629 0.228719 0.173034 0.052451 0.441573 0.202494 0.583146 0.214531 0.410112 0.237317 0.573034 0.254944
0 0.466292 0.274506 0.182022 0.052880 0.405618 0.248065 0.557303 0.262253 0.375281 0.290198 0.535955 0.300946
0 0.444382 0.322227 0.171910 0.046002 0.371910 0.299226 0.530337 0.306965 0.358427 0.339639 0.517978 0.345228
0 0.438764 0.372743 0.158427 0.045572 0.359551 0.349957 0.517978 0.353826 0.359551 0.392949 0.517978 0.395529
0 0.447753 0.426268 0.185393 0.056320 0.355056 0.409716 0.517978 0.398108 0.376404 0.454428 0.540449 0.442820
0 0.493258 0.476139 0.217978 0.060619 0.384270 0.468186 0.546067 0.445830 0.423596 0.506449 0.602247 0.487532
0 0.548315 0.529020 0.235955 0.063199 0.430337 0.519347 0.612360 0.497420 0.438202 0.560619 0.666292 0.542992
0 0.583708 0.575666 0.259551 0.054170 0.453933 0.567928 0.666292 0.548581 0.471910 0.602751 0.713483 0.584695
0 0.591011 0.630911 0.256180 0.052880 0.493258 0.610060 0.713483 0.604471 0.462921 0.644454 0.719101 0.657352
0 0.589326 0.683362 0.257303 0.066638 0.470787 0.650043 0.717978 0.665520 0.460674 0.692175 0.695506 0.716681
0 0.551685 0.746131 0.269663 0.075236 0.457303 0.708512 0.686517 0.735168 0.416854 0.754084 0.642697 0.783749
0 0.497191 0.811909 0.275281 0.076956 0.389888 0.773431 0.634831 0.797506 0.359551 0.822442 0.598876 0.850387
0 0.424719 0.880696 0.305618 0.067498 0.337079 0.846948 0.577528 0.869733 0.271910 0.886070 0.577528 0.914445