0 0.489988 0.057268 0.202591 0.023740 0.388693 0.052895 0.591284 0.045398 0.393404 0.069138 0.587750 0.062474
0 0.498822 0.089338 0.182568 0.028738 0.407538 0.077051 0.583039 0.074969 0.418139 0.103707 0.590106 0.099542
0 0.512956 0.127863 0.156655 0.026656 0.434629 0.119117 0.578327 0.114536 0.438163 0.141191 0.591284 0.137859
0 0.525324 0.172220 0.174323 0.034569 0.438163 0.156601 0.593640 0.154935 0.444052 0.189504 0.612485 0.184090
0 0.538280 0.217409 0.167256 0.029988 0.458186 0.206164 0.611307 0.202416 0.454653 0.232403 0.621908 0.229488
0 0.557126 0.268846 0.190813 0.024573 0.461720 0.261141 0.637220 0.256560 0.480565 0.281133 0.652532 0.276968
0 0.595995 0.325073 0.202591 0.028738 0.494700 0.317368 0.671378 0.310704 0.500589 0.339442 0.697291 0.329446
0 0.614252 0.373178 0.210836 0.020825 0.508834 0.372761 0.719670 0.362766 0.515901 0.383590 0.719670 0.369013
0 0.628386 0.419200 0.234393 0.027905 0.511190 0.417743 0.719670 0.405248 0.512367 0.433153 0.745583 0.419409
0 0.616019 0.489171 0.259128 0.027905 0.486455 0.476468 0.745583 0.475219 0.489988 0.500625 0.730271 0.503124
0 0.590695 0.552686 0.305065 0.024990 0.473498 0.540192 0.743227 0.544773 0.438163 0.560600 0.694935 0.565181
0 0.542992 0.615993 0.263840 0.024990 0.415783 0.604748 0.674912 0.603499 0.411072 0.628488 0.660777 0.619742
0 0.539458 0.662432 0.296820 0.010412 0.391048 0.663057 0.687868 0.657226 0.405183 0.667638 0.639576 0.666806
0 0.510601 0.708247 0.241461 0.019575 0.389870 0.699292 0.631331 0.698459 0.392226 0.717201 0.605418 0.718034
0 0.495289 0.755310 0.220259 0.022907 0.393404 0.743857 0.604240 0.743857 0.385159 0.766347 0.605418 0.766764
0 0.491755 0.828821 0.265018 0.033319 0.371025 0.812162 0.605418 0.815910 0.359246 0.843815 0.624264 0.845481
0 0.495878 0.912536 0.285041 0.020825 0.358068 0.902541 0.638398 0.902124 0.353357 0.922949 0.619552 0.916701