0 0.587318 0.044572 0.226611 0.034508 0.474012 0.027318 0.700624 0.032351 0.478170 0.057513 0.692308 0.061826
0 0.593555 0.089144 0.218295 0.027318 0.484407 0.075485 0.702703 0.076923 0.490644 0.099928 0.681913 0.102804
0 0.573805 0.134076 0.187110 0.033789 0.484407 0.117182 0.667360 0.119339 0.480249 0.150971 0.663202 0.150252
0 0.575884 0.182602 0.191268 0.030194 0.486486 0.167505 0.671518 0.168224 0.480249 0.196262 0.659044 0.197700
0 0.566528 0.229331 0.193347 0.033070 0.469854 0.212797 0.663202 0.214953 0.469854 0.245866 0.663202 0.245147
0 0.568607 0.277498 0.201663 0.033070 0.467775 0.260963 0.669439 0.263839 0.469854 0.292595 0.659044 0.294033
0 0.564449 0.327822 0.205821 0.030194 0.461538 0.312725 0.667360 0.315600 0.469854 0.341481 0.656965 0.342919
0 0.567568 0.378145 0.212058 0.031632 0.461538 0.362329 0.673597 0.364486 0.461538 0.392523 0.667360 0.393961
0 0.564449 0.429188 0.218295 0.028756 0.455301 0.414809 0.669439 0.417685 0.457380 0.437815 0.673597 0.443566
0 0.561331 0.481308 0.241164 0.030913 0.446985 0.465852 0.681913 0.465852 0.440748 0.492451 0.667360 0.496765
0 0.549896 0.540978 0.218295 0.038102 0.444906 0.521927 0.659044 0.528397 0.440748 0.548526 0.656965 0.560029
0 0.544699 0.599209 0.228690 0.035226 0.434511 0.581596 0.659044 0.581596 0.430353 0.609633 0.642412 0.616822
0 0.519751 0.661395 0.232848 0.033070 0.422037 0.644860 0.636175 0.649892 0.403326 0.672897 0.602911 0.677930
0 0.496881 0.720705 0.220374 0.039540 0.392931 0.705248 0.607069 0.700935 0.386694 0.740474 0.596674 0.735442
0 0.534304 0.790798 0.245322 0.058950 0.411642 0.779295 0.607069 0.761323 0.476091 0.820273 0.656965 0.803738
0 0.610187 0.861610 0.247401 0.045291 0.486486 0.850467 0.702703 0.838965 0.509355 0.884256 0.733888 0.874910
0 0.627859 0.936017 0.282744 0.057513 0.494803 0.919482 0.754678 0.907261 0.486486 0.964774 0.769231 0.948958