0 0.518657 0.091630 0.133262 0.034113 0.456290 0.074574 0.585288 0.076557 0.452026 0.103927 0.575693 0.108687
0 0.509595 0.131495 0.119403 0.032923 0.453092 0.115034 0.568230 0.116620 0.449893 0.147957 0.569296 0.147957
0 0.500000 0.179492 0.123667 0.036097 0.454158 0.161444 0.561834 0.161444 0.438166 0.195954 0.551173 0.197541
0 0.501066 0.225506 0.121535 0.036097 0.456290 0.207457 0.561834 0.209837 0.440298 0.241967 0.547974 0.243554
0 0.489872 0.269933 0.135394 0.037683 0.436034 0.251091 0.554371 0.254264 0.422175 0.282031 0.557569 0.288774
0 0.481876 0.313764 0.134328 0.038080 0.421109 0.294724 0.549040 0.295121 0.414712 0.332408 0.545842 0.332804
0 0.492537 0.361563 0.147122 0.041650 0.418977 0.345101 0.545842 0.340738 0.426439 0.382388 0.566098 0.375645
0 0.511727 0.410948 0.147122 0.050774 0.438166 0.396271 0.563966 0.385561 0.458422 0.436335 0.585288 0.421261
0 0.553838 0.460928 0.173774 0.051567 0.466951 0.449028 0.593817 0.435145 0.508529 0.486712 0.640725 0.473225
0 0.599680 0.515073 0.158849 0.059897 0.520256 0.500198 0.647122 0.485125 0.550107 0.545022 0.679105 0.524395
0 0.648721 0.570805 0.158849 0.053154 0.569296 0.558112 0.705757 0.544228 0.569296 0.597382 0.728145 0.589052
0 0.650853 0.631694 0.167377 0.046410 0.568230 0.608489 0.734542 0.610869 0.567164 0.645379 0.734542 0.654899
0 0.631663 0.697541 0.224947 0.060690 0.555437 0.667196 0.744136 0.686236 0.519190 0.710829 0.721748 0.727886
0 0.582623 0.757041 0.250533 0.068624 0.514925 0.722729 0.707889 0.749306 0.457356 0.770726 0.655650 0.791353
0 0.508529 0.828243 0.249467 0.075367 0.430704 0.790559 0.633262 0.808013 0.383795 0.840143 0.611940 0.865926
0 0.464286 0.905593 0.256930 0.043633 0.335821 0.883776 0.592751 0.885363 0.340085 0.915113 0.570362 0.927410
0 0.526119 0.052955 0.154584 0.029750 0.449893 0.038080 0.603411 0.040857 0.448827 0.064657 0.583156 0.067830