0 0.442516 0.041441 0.110629 0.027905 0.395879 0.027489 0.485900 0.027489 0.387202 0.055394 0.497831 0.051229
0 0.450651 0.081424 0.111714 0.027072 0.394794 0.071220 0.500000 0.067888 0.400217 0.094960 0.506508 0.092878
0 0.458785 0.123698 0.095445 0.024990 0.411063 0.114536 0.506508 0.111204 0.415401 0.136193 0.504338 0.135360
0 0.458785 0.168471 0.108460 0.034569 0.413232 0.154102 0.502169 0.151187 0.404555 0.185756 0.513015 0.179092
0 0.465835 0.210329 0.113883 0.033319 0.408894 0.197418 0.507592 0.193669 0.415401 0.226989 0.522777 0.225323
0 0.475054 0.259267 0.130152 0.035402 0.419740 0.242399 0.523861 0.241566 0.409978 0.276968 0.540130 0.274469
0 0.482104 0.307372 0.146421 0.032486 0.415401 0.291545 0.541215 0.291129 0.408894 0.323615 0.555315 0.323615
0 0.481562 0.354436 0.158351 0.031653 0.409978 0.339858 0.544469 0.338609 0.402386 0.369013 0.560738 0.370262
0 0.476139 0.403582 0.160521 0.034152 0.406725 0.386506 0.556399 0.388172 0.395879 0.420242 0.555315 0.420658
0 0.473427 0.453977 0.170282 0.036651 0.395879 0.438151 0.546638 0.435652 0.388286 0.470637 0.558568 0.472303
0 0.472343 0.508330 0.183297 0.042899 0.380694 0.491045 0.550976 0.486880 0.392625 0.529779 0.563991 0.526447
0 0.492408 0.567888 0.193059 0.047897 0.396963 0.548105 0.572668 0.543940 0.395879 0.591837 0.588937 0.586006
0 0.497288 0.631820 0.189805 0.059975 0.402386 0.606830 0.566161 0.601833 0.404555 0.661808 0.592191 0.648896
0 0.521150 0.699708 0.218004 0.059142 0.412147 0.680550 0.604121 0.670137 0.412147 0.729279 0.630152 0.719284
0 0.525488 0.761349 0.220174 0.051645 0.415401 0.742607 0.629067 0.735527 0.424078 0.787172 0.635575 0.784673
0 0.547722 0.826322 0.221258 0.058309 0.437093 0.807164 0.643167 0.797168 0.444685 0.855477 0.658351 0.844648
0 0.557484 0.897126 0.227766 0.059142 0.443601 0.875052 0.671367 0.867555 0.463124 0.926697 0.658351 0.913786