0 0.475182 0.036895 0.229197 0.030330 0.360584 0.026256 0.585401 0.021729 0.367883 0.052060 0.589781 0.044817
0 0.486131 0.074015 0.224818 0.039384 0.373723 0.062924 0.598540 0.054323 0.386861 0.093708 0.598540 0.089181
0 0.500730 0.120416 0.207299 0.042553 0.397080 0.106383 0.595620 0.099140 0.405839 0.141693 0.604380 0.138524
0 0.521168 0.165233 0.207299 0.040742 0.420438 0.152105 0.604380 0.144862 0.417518 0.185604 0.624817 0.179719
0 0.518978 0.210502 0.217518 0.040742 0.421898 0.193300 0.627737 0.190131 0.410219 0.224083 0.620438 0.230874
0 0.505109 0.255772 0.218978 0.040742 0.414599 0.235401 0.614599 0.238569 0.395620 0.271616 0.614599 0.276143
0 0.486131 0.305794 0.245255 0.043911 0.392701 0.283839 0.608759 0.287913 0.363504 0.320507 0.598540 0.327750
0 0.467153 0.353780 0.254015 0.041195 0.359124 0.333182 0.594161 0.339067 0.340146 0.369851 0.585401 0.374378
0 0.467153 0.404482 0.254015 0.043006 0.341606 0.384789 0.575182 0.382979 0.340146 0.425985 0.594161 0.415573
0 0.486861 0.454957 0.284672 0.052512 0.344526 0.440018 0.595620 0.428701 0.350365 0.481213 0.629197 0.467180
0 0.523358 0.512449 0.316788 0.061566 0.364964 0.500679 0.642336 0.481666 0.401460 0.543232 0.681752 0.522861
0 0.569343 0.570394 0.332847 0.064282 0.402920 0.560435 0.694890 0.538253 0.445255 0.602535 0.735766 0.583522
0 0.618248 0.632866 0.310949 0.057945 0.462774 0.623359 0.745985 0.603893 0.467153 0.661838 0.773723 0.653689
0 0.620438 0.708239 0.315328 0.052060 0.471533 0.684473 0.778102 0.682209 0.462774 0.729289 0.778102 0.734269
0 0.590511 0.782707 0.351825 0.068809 0.458394 0.748302 0.766423 0.762789 0.414599 0.793572 0.747445 0.817112
0 0.522628 0.855591 0.364964 0.074242 0.392701 0.818470 0.705109 0.845631 0.340146 0.860118 0.686131 0.892712
0 0.458394 0.926664 0.394161 0.076053 0.308029 0.888637 0.655474 0.917610 0.261314 0.934812 0.600000 0.964690