0 0.565152 0.038825 0.263636 0.032529 0.433333 0.022560 0.696970 0.028856 0.448485 0.044071 0.672727 0.055089
0 0.543939 0.078961 0.239394 0.051941 0.459091 0.052991 0.663636 0.066107 0.424242 0.091291 0.639394 0.104932
0 0.515909 0.124869 0.243939 0.058762 0.424242 0.095488 0.637879 0.112277 0.393939 0.134837 0.580303 0.154250
0 0.465152 0.168416 0.200000 0.047219 0.398485 0.144806 0.565152 0.161070 0.365152 0.174711 0.536364 0.192025
0 0.434848 0.211175 0.200000 0.048793 0.369697 0.186779 0.534849 0.200420 0.334848 0.220357 0.503030 0.235572
0 0.400000 0.256821 0.196970 0.045645 0.331818 0.233998 0.498485 0.246590 0.301515 0.268101 0.477273 0.279643
0 0.373485 0.302991 0.186364 0.035152 0.295455 0.285414 0.466667 0.290136 0.280303 0.317943 0.454545 0.320567
0 0.381818 0.353882 0.190909 0.042497 0.286364 0.339979 0.463636 0.332634 0.300000 0.375131 0.477273 0.366212
0 0.412121 0.401364 0.190909 0.046170 0.316667 0.394019 0.481818 0.378279 0.327273 0.424449 0.507576 0.410283
0 0.465152 0.449370 0.212121 0.059286 0.359091 0.442812 0.537879 0.419727 0.393939 0.479014 0.571212 0.458552
0 0.534849 0.499738 0.260606 0.063484 0.404545 0.495278 0.606061 0.467996 0.434848 0.531480 0.665152 0.506296
0 0.583333 0.554040 0.260606 0.058762 0.453030 0.546695 0.677273 0.524659 0.471212 0.583421 0.713636 0.568206
0 0.619697 0.613589 0.272727 0.049843 0.483333 0.602833 0.728788 0.588667 0.492424 0.638510 0.756061 0.634313
0 0.626515 0.684942 0.271212 0.046695 0.496970 0.661595 0.762121 0.664218 0.490909 0.705666 0.753030 0.708290
0 0.596970 0.752361 0.278788 0.059811 0.472727 0.722455 0.736364 0.738720 0.457576 0.767051 0.728788 0.782266
0 0.537121 0.823190 0.331818 0.065058 0.424242 0.790661 0.703030 0.814795 0.371212 0.830010 0.668182 0.855719
0 0.490909 0.895068 0.366667 0.058762 0.345455 0.865687 0.674242 0.878804 0.307576 0.904512 0.648485 0.924449