0 0.440347 0.076725 0.175705 0.019717 0.352495 0.071582 0.528200 0.066867 0.361171 0.086584 0.514100 0.081012
0 0.446855 0.098157 0.151844 0.021432 0.370933 0.093442 0.521692 0.087441 0.381779 0.108873 0.522777 0.103300
0 0.446855 0.125589 0.130152 0.021432 0.381779 0.117017 0.511931 0.114874 0.396963 0.136305 0.507592 0.131590
0 0.453362 0.158594 0.114967 0.030004 0.395879 0.147450 0.502169 0.143592 0.407809 0.173596 0.510846 0.170596
0 0.464208 0.201886 0.108460 0.036862 0.411063 0.183455 0.517354 0.183455 0.409978 0.220317 0.518438 0.214745
0 0.470174 0.248393 0.142082 0.045006 0.407809 0.228890 0.518438 0.225889 0.399132 0.270896 0.541215 0.267895
0 0.467462 0.299400 0.145336 0.033862 0.401302 0.284183 0.540130 0.282469 0.394794 0.315902 0.532538 0.316331
0 0.463124 0.347621 0.130152 0.038577 0.398048 0.330904 0.519523 0.328333 0.401302 0.366052 0.528200 0.366910
0 0.463666 0.400986 0.144252 0.045864 0.395879 0.381054 0.519523 0.378054 0.391540 0.423918 0.535792 0.409773
0 0.482646 0.453708 0.162690 0.055294 0.401302 0.436348 0.547722 0.426061 0.411063 0.481354 0.563991 0.464638
0 0.517896 0.505787 0.178959 0.057437 0.428416 0.492928 0.570499 0.477068 0.467462 0.534505 0.607375 0.514788
0 0.579176 0.559366 0.197397 0.063438 0.480477 0.555508 0.629067 0.527647 0.521692 0.591084 0.677874 0.565795
0 0.633406 0.612945 0.184382 0.060866 0.541215 0.609087 0.690889 0.582512 0.588937 0.643378 0.725597 0.614231
0 0.697939 0.662023 0.181128 0.061294 0.607375 0.655808 0.748373 0.631376 0.634490 0.692670 0.788503 0.685384
0 0.723970 0.732748 0.170282 0.046721 0.638829 0.709387 0.809111 0.711102 0.638829 0.744964 0.803688 0.756108
0 0.701735 0.797471 0.199566 0.063866 0.624729 0.765538 0.801518 0.780540 0.601952 0.810973 0.759219 0.829404
0 0.632863 0.867767 0.246204 0.071582 0.549892 0.831976 0.755965 0.854265 0.509761 0.878697 0.718004 0.903558