0 0.608781 0.043814 0.226737 0.031324 0.503277 0.028152 0.722149 0.034893 0.495413 0.047978 0.697248 0.059477
0 0.584535 0.072165 0.214941 0.036479 0.494102 0.053925 0.692005 0.066614 0.477064 0.078906 0.659240 0.090404
0 0.547182 0.102300 0.208388 0.037272 0.463958 0.083664 0.651376 0.096352 0.442988 0.106661 0.613368 0.120936
0 0.507864 0.129262 0.203145 0.031721 0.431193 0.113402 0.609436 0.125694 0.406291 0.135210 0.579292 0.145123
0 0.481651 0.156820 0.184797 0.028152 0.399738 0.142744 0.574050 0.149088 0.389253 0.167328 0.564875 0.170896
0 0.477720 0.195083 0.211009 0.036479 0.386632 0.176844 0.567497 0.177637 0.372215 0.213323 0.583224 0.210547
0 0.492136 0.242070 0.231979 0.050357 0.376147 0.219667 0.591088 0.216891 0.382700 0.266852 0.608126 0.267248
0 0.509830 0.303925 0.259502 0.055115 0.386632 0.278351 0.613368 0.276368 0.380079 0.326328 0.639581 0.331483
0 0.496068 0.368755 0.284404 0.065028 0.374836 0.336241 0.638270 0.344964 0.353866 0.396114 0.634338 0.401269
0 0.482307 0.444687 0.314548 0.073354 0.351245 0.408010 0.630406 0.410785 0.325033 0.473037 0.639581 0.481364
0 0.506553 0.529342 0.315858 0.075337 0.348624 0.492466 0.643512 0.491673 0.357798 0.567010 0.664482 0.562252
0 0.557012 0.615186 0.398427 0.075734 0.357798 0.590008 0.688073 0.577320 0.422018 0.653053 0.756225 0.639175
0 0.607471 0.673870 0.334207 0.061459 0.440367 0.659794 0.760157 0.643140 0.475754 0.704599 0.774574 0.693101
0 0.601573 0.735329 0.361730 0.053529 0.477064 0.708565 0.782438 0.708565 0.420708 0.749405 0.749672 0.762094
0 0.561599 0.804718 0.373526 0.075734 0.423329 0.766852 0.748362 0.783902 0.374836 0.823949 0.709043 0.842585
0 0.496723 0.879857 0.427261 0.081681 0.365662 0.839017 0.710354 0.855670 0.283093 0.899286 0.684142 0.920698
0 0.505898 0.876090 0.427261 0.084457 0.369594 0.833862 0.719528 0.852498 0.292267 0.900079 0.692005 0.918319