0 0.515315 0.097775 0.124324 0.032397 0.453153 0.113973 0.577477 0.081577 0.460360 0.108119 0.569369 0.110070
0 0.515766 0.128415 0.105405 0.023419 0.463063 0.117486 0.568468 0.116706 0.463063 0.138564 0.565766 0.140125
0 0.508108 0.167447 0.108108 0.029664 0.454054 0.152615 0.562162 0.153786 0.463964 0.182279 0.558559 0.181109
0 0.499099 0.215262 0.122523 0.038642 0.460360 0.195941 0.560360 0.197892 0.437838 0.231069 0.549550 0.234582
0 0.481982 0.263661 0.127928 0.034738 0.421622 0.246292 0.545946 0.248634 0.418018 0.274005 0.535135 0.281030
0 0.471622 0.310304 0.119820 0.039813 0.418919 0.290398 0.531532 0.293521 0.411712 0.326698 0.520721 0.330211
0 0.463514 0.360656 0.116216 0.039813 0.405405 0.341530 0.517117 0.340749 0.411712 0.380562 0.521622 0.378610
0 0.472072 0.412568 0.122523 0.046838 0.410811 0.394614 0.518018 0.389149 0.420721 0.435988 0.533333 0.424278
0 0.501802 0.466042 0.144144 0.052303 0.429730 0.452771 0.538739 0.439891 0.446847 0.492194 0.573874 0.473458
0 0.557658 0.514247 0.165766 0.057377 0.474775 0.508587 0.590090 0.485558 0.503604 0.542935 0.640541 0.523419
0 0.622973 0.564403 0.186486 0.056987 0.529730 0.554254 0.660360 0.535909 0.559459 0.592896 0.716216 0.585090
0 0.659009 0.621194 0.177477 0.044887 0.570270 0.604996 0.726126 0.598751 0.592793 0.640515 0.747748 0.643638
0 0.657207 0.677010 0.182883 0.047229 0.587387 0.653396 0.748649 0.663544 0.565766 0.682279 0.738739 0.700625
0 0.621171 0.734582 0.199099 0.073380 0.561261 0.697892 0.720721 0.727947 0.521622 0.733021 0.684685 0.771272
0 0.563063 0.800156 0.223423 0.074161 0.507207 0.763076 0.674775 0.791569 0.451351 0.810695 0.614414 0.837237
0 0.500450 0.853435 0.211712 0.062842 0.431532 0.822014 0.606306 0.854411 0.394595 0.850898 0.568468 0.884856
0 0.429730 0.897931 0.252252 0.070648 0.371171 0.862607 0.555856 0.903981 0.303604 0.879001 0.509009 0.933255