0 0.483628 0.076552 0.140708 0.026053 0.413274 0.072805 0.552212 0.063526 0.424779 0.089579 0.553982 0.084226
0 0.497788 0.113312 0.126549 0.028908 0.434513 0.101713 0.553982 0.098858 0.443363 0.124911 0.561062 0.127766
0 0.499115 0.157388 0.129204 0.037116 0.438938 0.138829 0.561062 0.145253 0.434513 0.162027 0.563717 0.175946
0 0.483628 0.198787 0.140708 0.045682 0.427434 0.175946 0.553982 0.186296 0.413274 0.207709 0.519469 0.221627
0 0.437611 0.241613 0.131858 0.036403 0.394690 0.223412 0.503540 0.235546 0.371681 0.251249 0.480531 0.259814
0 0.408850 0.286224 0.115044 0.036403 0.365487 0.268023 0.466372 0.269094 0.351327 0.295860 0.457522 0.304425
0 0.403540 0.329943 0.099115 0.028908 0.353982 0.315489 0.453097 0.317273 0.353982 0.343326 0.453097 0.344397
0 0.417699 0.374019 0.127434 0.037116 0.353982 0.358315 0.450442 0.355460 0.367257 0.392577 0.481416 0.383655
0 0.443805 0.421128 0.146018 0.049964 0.370796 0.407209 0.485841 0.396146 0.391150 0.446110 0.516814 0.433619
0 0.475664 0.472163 0.165487 0.055675 0.392920 0.457887 0.524779 0.444325 0.408850 0.500000 0.558407 0.485724
0 0.501327 0.527837 0.167257 0.054247 0.417699 0.515346 0.566372 0.500714 0.436283 0.554961 0.584956 0.547109
0 0.533186 0.587973 0.170796 0.044611 0.449558 0.568523 0.608850 0.565667 0.447788 0.610278 0.618584 0.608494
0 0.526106 0.654176 0.181416 0.050678 0.442478 0.628837 0.616814 0.634190 0.435398 0.670592 0.602655 0.679515
0 0.498673 0.716096 0.211504 0.049607 0.409735 0.691292 0.604425 0.698073 0.392920 0.730193 0.581416 0.740899
0 0.469027 0.776231 0.217699 0.055675 0.383186 0.748394 0.577876 0.758030 0.360177 0.795146 0.561062 0.804069
0 0.450885 0.840828 0.218584 0.046395 0.350442 0.817630 0.560177 0.822627 0.341593 0.858315 0.547788 0.864026
0 0.446460 0.893647 0.215044 0.048537 0.338938 0.869379 0.553982 0.879729 0.346018 0.913990 0.539823 0.917916