0 0.514487 0.049164 0.118377 0.033035 0.455298 0.036145 0.568709 0.032647 0.465232 0.065682 0.573676 0.058298
0 0.523179 0.081617 0.107616 0.026428 0.469371 0.072678 0.576987 0.068403 0.475993 0.094831 0.576159 0.089390
0 0.538907 0.116207 0.110927 0.034979 0.483444 0.107656 0.593543 0.098717 0.493377 0.133696 0.594371 0.129421
0 0.546772 0.158181 0.116722 0.031869 0.488411 0.146910 0.605132 0.142246 0.491722 0.173727 0.605132 0.174116
0 0.540977 0.206957 0.121689 0.043140 0.493377 0.185387 0.601821 0.195880 0.480132 0.214147 0.591887 0.228527
0 0.515315 0.248543 0.134934 0.047027 0.475993 0.225029 0.582781 0.240575 0.447848 0.254178 0.547185 0.272056
0 0.466474 0.286825 0.143212 0.045861 0.432947 0.263894 0.538079 0.283716 0.394868 0.297707 0.490894 0.309755
0 0.424255 0.329965 0.121689 0.045084 0.385762 0.307423 0.485099 0.321026 0.363411 0.341625 0.464404 0.352507
0 0.398593 0.376798 0.111755 0.039254 0.357616 0.357171 0.454470 0.364166 0.342715 0.394870 0.447020 0.396424
0 0.406871 0.429654 0.108444 0.043918 0.352649 0.412748 0.447020 0.407695 0.353477 0.451613 0.461093 0.439953
0 0.432947 0.478819 0.125828 0.049747 0.370033 0.469880 0.468543 0.453945 0.395695 0.503692 0.495861 0.488535
0 0.478891 0.536339 0.146523 0.055966 0.405629 0.525457 0.520695 0.508356 0.436258 0.564322 0.552152 0.549164
0 0.514073 0.595803 0.140728 0.044306 0.443709 0.584532 0.560430 0.573649 0.457781 0.617956 0.584437 0.617956
0 0.525248 0.661096 0.136589 0.046638 0.456954 0.638166 0.593543 0.637777 0.462748 0.680140 0.584437 0.684415
0 0.507864 0.732997 0.164735 0.056743 0.441225 0.704625 0.590232 0.715119 0.425497 0.745045 0.568709 0.761368
0 0.473096 0.802176 0.186258 0.065293 0.413907 0.769530 0.566225 0.785076 0.379967 0.825496 0.559603 0.834823
0 0.462748 0.869996 0.185430 0.042363 0.370033 0.848815 0.555464 0.853867 0.387417 0.887291 0.542219 0.891178