0 0.550072 0.042722 0.281831 0.027819 0.409156 0.028813 0.690987 0.033780 0.429185 0.048187 0.682403 0.056632
0 0.554363 0.083706 0.236051 0.042226 0.442060 0.062593 0.672389 0.071038 0.436338 0.086935 0.646638 0.104819
0 0.513591 0.123199 0.214592 0.053651 0.432046 0.096374 0.620887 0.112270 0.406295 0.137109 0.583691 0.150025
0 0.462804 0.171883 0.218884 0.057625 0.400572 0.143070 0.572246 0.160457 0.353362 0.180328 0.525036 0.200695
0 0.422031 0.213860 0.194564 0.051167 0.346209 0.188276 0.519313 0.204670 0.324750 0.224044 0.493562 0.239444
0 0.388412 0.260308 0.201717 0.048684 0.317597 0.235966 0.489270 0.249379 0.287554 0.271734 0.450644 0.284650
0 0.354077 0.304272 0.187411 0.040238 0.283262 0.284153 0.447783 0.295579 0.260372 0.322901 0.446352 0.324391
0 0.367668 0.357675 0.194564 0.042722 0.270386 0.342275 0.450644 0.336314 0.287554 0.379036 0.464950 0.368604
0 0.406295 0.404868 0.197425 0.054645 0.307582 0.394933 0.469242 0.377546 0.330472 0.432191 0.505007 0.410333
0 0.462089 0.453552 0.217454 0.054645 0.353362 0.446597 0.510730 0.426230 0.394850 0.480874 0.570815 0.459513
0 0.521459 0.499503 0.236051 0.058122 0.403433 0.491803 0.583691 0.470442 0.432046 0.528564 0.639485 0.503229
0 0.575823 0.553154 0.267525 0.056135 0.442060 0.546448 0.665236 0.525087 0.459227 0.581222 0.709585 0.565325
0 0.602289 0.612270 0.271817 0.049180 0.466381 0.598112 0.706724 0.587680 0.477825 0.636860 0.738197 0.635867
0 0.594421 0.685047 0.261803 0.052658 0.474964 0.658718 0.725322 0.666667 0.463519 0.698957 0.722461 0.711376
0 0.555079 0.750373 0.303290 0.065077 0.444921 0.717834 0.706724 0.741182 0.403433 0.756582 0.678112 0.782911
0 0.482833 0.819424 0.324750 0.070045 0.380544 0.784401 0.645207 0.808743 0.320458 0.827124 0.626609 0.854446
0 0.461373 0.883507 0.310443 0.069051 0.306152 0.848982 0.612303 0.864381 0.311874 0.911078 0.616595 0.918033