0 0.549817 0.102708 0.148995 0.023918 0.475320 0.091804 0.612431 0.090749 0.475320 0.114668 0.624314 0.114668
0 0.553931 0.136124 0.144424 0.023918 0.481718 0.126275 0.626143 0.124165 0.486289 0.146676 0.625229 0.148083
0 0.547989 0.176750 0.145338 0.041857 0.488117 0.155821 0.620658 0.166022 0.475320 0.183961 0.617002 0.197679
0 0.528793 0.219311 0.178245 0.045375 0.471664 0.196623 0.617916 0.210341 0.439671 0.228280 0.602377 0.241998
0 0.499086 0.263454 0.204753 0.043616 0.435101 0.241646 0.601463 0.256068 0.396709 0.270841 0.554845 0.285262
0 0.453382 0.305663 0.175503 0.036581 0.393053 0.287372 0.541133 0.296518 0.365631 0.313401 0.511883 0.323954
0 0.431901 0.346641 0.147166 0.030601 0.358318 0.331340 0.505484 0.333802 0.361974 0.360183 0.504570 0.361942
0 0.430073 0.393422 0.147166 0.039747 0.356490 0.373901 0.500914 0.373549 0.367459 0.413296 0.503656 0.406261
0 0.447898 0.443897 0.148080 0.049947 0.373857 0.427014 0.501828 0.418924 0.397623 0.468871 0.521938 0.454098
0 0.485375 0.492965 0.166362 0.051002 0.402194 0.478720 0.532907 0.467464 0.429616 0.518466 0.568556 0.508618
0 0.518739 0.549947 0.174589 0.052409 0.431444 0.533591 0.578611 0.523742 0.450640 0.576152 0.606033 0.566303
0 0.546618 0.608864 0.170018 0.049244 0.465265 0.591980 0.623400 0.584242 0.461609 0.633134 0.631627 0.633486
0 0.530622 0.675695 0.189214 0.049244 0.459781 0.651073 0.625229 0.656701 0.436015 0.695040 0.605119 0.700317
0 0.494058 0.741998 0.205667 0.051002 0.422303 0.716497 0.596892 0.727401 0.391225 0.754836 0.579525 0.767499
0 0.457495 0.799508 0.212980 0.053465 0.372029 0.772775 0.563985 0.784734 0.351005 0.818150 0.534735 0.826240
0 0.430987 0.863700 0.196527 0.045375 0.337294 0.841013 0.529250 0.844882 0.332724 0.883222 0.521024 0.886388
0 0.422303 0.913296 0.193784 0.041154 0.329982 0.892719 0.519196 0.897995 0.325411 0.932817 0.503656 0.933873