0 0.583258 0.040449 0.165611 0.035056 0.500453 0.022921 0.666063 0.025618 0.504977 0.052135 0.666063 0.057978
0 0.584163 0.082472 0.154751 0.037303 0.506787 0.063820 0.659729 0.067865 0.506787 0.096180 0.661538 0.101124
0 0.585068 0.131685 0.149321 0.044045 0.518552 0.109663 0.659729 0.110562 0.510407 0.142921 0.644344 0.153708
0 0.564706 0.176629 0.159276 0.047640 0.508597 0.152809 0.644344 0.162247 0.485068 0.183820 0.638009 0.200449
0 0.552941 0.225843 0.162896 0.060674 0.493213 0.195506 0.634389 0.209438 0.471493 0.233708 0.624434 0.256180
0 0.533032 0.280000 0.179186 0.069213 0.471493 0.245393 0.622624 0.265618 0.443439 0.293034 0.604525 0.314607
0 0.506335 0.342472 0.192760 0.065618 0.426244 0.309663 0.602715 0.327191 0.409955 0.369438 0.597285 0.375281
0 0.518552 0.400449 0.228054 0.048539 0.404525 0.386067 0.604525 0.376180 0.438009 0.424719 0.632579 0.415281
0 0.558371 0.446292 0.206335 0.070112 0.455204 0.434607 0.636199 0.411236 0.535747 0.481348 0.661538 0.434607
0 0.644796 0.482022 0.194570 0.078652 0.547511 0.489438 0.677828 0.442697 0.626244 0.521348 0.742081 0.462921
0 0.759276 0.511910 0.190045 0.081798 0.664253 0.529438 0.773756 0.471011 0.726697 0.552809 0.854299 0.502022
0 0.836652 0.559551 0.192760 0.070112 0.740272 0.560449 0.895928 0.524494 0.742081 0.594607 0.933032 0.582022
0 0.818100 0.643596 0.226244 0.080000 0.733032 0.603595 0.931222 0.610337 0.704977 0.646292 0.885973 0.683595
0 0.696380 0.706517 0.265158 0.110562 0.673303 0.651236 0.828959 0.702921 0.563801 0.686292 0.693213 0.761798
0 0.528054 0.763146 0.263348 0.110562 0.493213 0.707865 0.659729 0.771236 0.396380 0.746966 0.579186 0.818427
0 0.423529 0.829438 0.276923 0.108315 0.335747 0.775281 0.561991 0.831011 0.285068 0.826966 0.533937 0.883596
0 0.341629 0.902472 0.337557 0.122247 0.239819 0.841348 0.510407 0.897079 0.172851 0.902022 0.449774 0.963596