0 0.336502 0.054402 0.148289 0.045500 0.262357 0.050940 0.402091 0.031652 0.268061 0.077151 0.410646 0.063798
0 0.352186 0.102374 0.154943 0.050445 0.274715 0.088526 0.412548 0.077151 0.280418 0.127596 0.429658 0.117705
0 0.356939 0.153066 0.149240 0.041048 0.282319 0.136993 0.426806 0.132542 0.285171 0.172601 0.431559 0.173591
0 0.357414 0.205490 0.148289 0.042038 0.287072 0.184471 0.431559 0.184471 0.283270 0.223046 0.417300 0.226508
0 0.339354 0.252967 0.150190 0.043027 0.280418 0.231454 0.414449 0.234916 0.264259 0.268546 0.403992 0.274481
0 0.328422 0.307122 0.139734 0.051434 0.258555 0.284866 0.398289 0.281405 0.261407 0.332839 0.398289 0.318991
0 0.352186 0.357072 0.173954 0.067260 0.265209 0.348665 0.402091 0.323442 0.291825 0.390702 0.439164 0.356578
0 0.389259 0.397626 0.183460 0.075173 0.297529 0.398615 0.442966 0.360040 0.347909 0.435213 0.480989 0.388724
0 0.455323 0.439911 0.173004 0.086548 0.368821 0.451039 0.484791 0.396637 0.425856 0.483185 0.541825 0.422354
0 0.549430 0.475519 0.190114 0.096439 0.454373 0.493076 0.561787 0.427300 0.527567 0.523739 0.644487 0.454500
0 0.642586 0.518546 0.199620 0.104352 0.542776 0.539070 0.673954 0.466370 0.602662 0.570722 0.742395 0.495549
0 0.737643 0.562067 0.212928 0.093472 0.631179 0.570228 0.781369 0.515331 0.683460 0.608803 0.844106 0.558853
0 0.798954 0.623393 0.200570 0.070722 0.698669 0.617211 0.875475 0.588032 0.711027 0.658754 0.899240 0.648368
0 0.795627 0.709693 0.211027 0.081108 0.712928 0.669139 0.901141 0.689416 0.690114 0.718595 0.873574 0.750247
0 0.725285 0.782641 0.230038 0.106330 0.676806 0.729476 0.840304 0.778932 0.610266 0.782888 0.788973 0.835806
0 0.644962 0.858061 0.242395 0.113749 0.584601 0.801187 0.766160 0.861029 0.523764 0.852621 0.713878 0.914936
0 0.567966 0.908506 0.251901 0.088032 0.473384 0.864491 0.693916 0.928289 0.442015 0.908506 0.658745 0.952522