0 0.387179 0.034123 0.179487 0.022749 0.297436 0.026540 0.476923 0.022749 0.307692 0.045498 0.476923 0.040758
0 0.393590 0.062085 0.171795 0.029384 0.307692 0.052133 0.479487 0.047393 0.315385 0.076777 0.476923 0.073934
0 0.412821 0.098578 0.174359 0.036019 0.325641 0.086256 0.482051 0.080569 0.341026 0.116588 0.500000 0.115640
0 0.419231 0.140758 0.151282 0.040758 0.343590 0.124171 0.494872 0.120379 0.351282 0.161137 0.492308 0.161137
0 0.420513 0.188152 0.148718 0.042654 0.351282 0.166825 0.492308 0.167773 0.346154 0.207583 0.494872 0.209479
0 0.421795 0.234597 0.156410 0.044550 0.351282 0.212322 0.492308 0.214218 0.343590 0.256872 0.500000 0.254976
0 0.435897 0.286256 0.179487 0.047393 0.351282 0.265403 0.502564 0.262559 0.346154 0.309953 0.525641 0.303318
0 0.443590 0.333175 0.194872 0.046445 0.351282 0.313744 0.525641 0.309953 0.346154 0.356398 0.541026 0.356398
0 0.446154 0.387678 0.205128 0.049289 0.353846 0.364929 0.538462 0.363033 0.343590 0.410427 0.548718 0.412322
0 0.434615 0.442654 0.212821 0.049289 0.341026 0.418009 0.541026 0.420853 0.328205 0.461611 0.530769 0.467299
0 0.417949 0.496209 0.235897 0.046445 0.330769 0.472986 0.517949 0.476777 0.300000 0.516588 0.535897 0.519431
0 0.417949 0.564929 0.246154 0.054976 0.294872 0.545024 0.528205 0.537441 0.302564 0.592417 0.541026 0.586730
0 0.432051 0.624645 0.248718 0.058768 0.307692 0.603791 0.538462 0.595261 0.317949 0.654028 0.556410 0.644550
0 0.446154 0.684360 0.246154 0.058768 0.323077 0.664455 0.569231 0.654976 0.341026 0.713744 0.561538 0.706161
0 0.497436 0.745972 0.287179 0.066351 0.353846 0.729858 0.605128 0.712796 0.384615 0.779147 0.641026 0.758294
0 0.544872 0.817062 0.289744 0.079621 0.400000 0.798104 0.656410 0.777251 0.423077 0.856872 0.689744 0.837915
0 0.562820 0.883412 0.300000 0.054976 0.412821 0.870142 0.712821 0.855924 0.425641 0.910900 0.692308 0.909005