0 0.500403 0.080729 0.129839 0.035069 0.435484 0.071528 0.545161 0.063194 0.456452 0.098264 0.565323 0.087153
0 0.534677 0.117361 0.132258 0.035417 0.468548 0.110069 0.579839 0.099653 0.483065 0.135069 0.600806 0.125000
0 0.547581 0.158507 0.130645 0.037153 0.486290 0.146181 0.609677 0.139931 0.482258 0.167014 0.612903 0.177083
0 0.528629 0.209201 0.155645 0.054514 0.467742 0.181944 0.606452 0.197222 0.450806 0.217708 0.558065 0.236458
0 0.470968 0.253819 0.153226 0.050000 0.437903 0.228819 0.547581 0.250000 0.394355 0.256597 0.506452 0.278819
0 0.412500 0.291840 0.165323 0.051042 0.379839 0.266319 0.495161 0.289236 0.329839 0.296875 0.450806 0.317361
0 0.364113 0.331424 0.152419 0.042014 0.313710 0.310417 0.440323 0.327778 0.287903 0.341667 0.411290 0.352431
0 0.339919 0.379340 0.131452 0.035069 0.274194 0.362500 0.405645 0.361806 0.276613 0.396875 0.404032 0.394097
0 0.345161 0.429340 0.143548 0.045486 0.273387 0.413194 0.408065 0.406597 0.283871 0.452083 0.416935 0.442361
0 0.372984 0.482639 0.163710 0.054167 0.291129 0.475000 0.429839 0.455556 0.314516 0.509722 0.454839 0.493056
0 0.441935 0.539410 0.187097 0.059375 0.348387 0.530556 0.500000 0.509722 0.383871 0.569097 0.535484 0.544097
0 0.504435 0.596528 0.200806 0.067361 0.404032 0.585764 0.545968 0.562847 0.429032 0.630208 0.604839 0.609375
0 0.541129 0.660243 0.203226 0.058681 0.439516 0.648611 0.616935 0.630903 0.459677 0.689583 0.642742 0.677083
0 0.553629 0.731076 0.202419 0.051736 0.452419 0.705208 0.651613 0.706944 0.454839 0.751389 0.654839 0.756944
0 0.531855 0.786806 0.191129 0.036111 0.442742 0.768750 0.627419 0.773958 0.436290 0.798264 0.593548 0.804861
0 0.496774 0.834549 0.187097 0.042708 0.419355 0.813194 0.590323 0.824653 0.403226 0.846181 0.575806 0.855903
0 0.491129 0.890799 0.198387 0.044097 0.395161 0.868750 0.570161 0.876736 0.391935 0.910417 0.590323 0.912847