0 0.493377 0.044461 0.210596 0.026064 0.388079 0.033346 0.598675 0.031430 0.388079 0.052511 0.590728 0.057493
0 0.486093 0.079916 0.225166 0.024914 0.373510 0.067459 0.584106 0.069375 0.384106 0.092373 0.598675 0.091223
0 0.470861 0.119203 0.213245 0.032196 0.373510 0.103105 0.577483 0.105404 0.364238 0.127252 0.549669 0.135301
0 0.443046 0.160598 0.200000 0.039095 0.349669 0.141050 0.543046 0.146033 0.343046 0.170947 0.515232 0.180146
0 0.401325 0.205443 0.193377 0.032963 0.321854 0.188961 0.498013 0.195094 0.304636 0.215025 0.456954 0.221924
0 0.337748 0.251437 0.196026 0.039095 0.270199 0.231890 0.435762 0.239172 0.239735 0.266769 0.411921 0.270985
0 0.310596 0.296857 0.202649 0.034113 0.233113 0.279801 0.411921 0.281717 0.209272 0.307014 0.411921 0.313913
0 0.296689 0.343235 0.203974 0.034879 0.222517 0.325795 0.390728 0.329628 0.194702 0.357608 0.398676 0.360675
0 0.305298 0.395745 0.207947 0.044078 0.201325 0.381755 0.384106 0.373706 0.209272 0.417785 0.409272 0.409736
0 0.329801 0.447298 0.219868 0.045228 0.219868 0.432733 0.411921 0.424684 0.243709 0.469912 0.439735 0.461863
0 0.380132 0.505174 0.238411 0.052894 0.260927 0.488693 0.464901 0.478727 0.284768 0.531621 0.499338 0.511690
0 0.438411 0.554427 0.251656 0.047911 0.312583 0.547719 0.529801 0.530471 0.343046 0.578383 0.564238 0.562668
0 0.502649 0.617861 0.268874 0.056727 0.368212 0.604446 0.602649 0.589498 0.409272 0.646225 0.637086 0.633576
0 0.552318 0.682829 0.264901 0.050977 0.419868 0.666539 0.650331 0.657340 0.443709 0.708317 0.684768 0.704101
0 0.545033 0.755270 0.266225 0.051744 0.439735 0.729398 0.667550 0.729398 0.411921 0.773093 0.678146 0.781142
0 0.529801 0.826562 0.283444 0.060943 0.419868 0.796090 0.671523 0.807206 0.388079 0.844002 0.660927 0.857033
0 0.488079 0.903220 0.337748 0.050977 0.347020 0.877731 0.656954 0.883864 0.319205 0.926792 0.605298 0.928708