0 0.443853 0.038088 0.164303 0.029984 0.361702 0.026742 0.526005 0.023096 0.378251 0.053079 0.526005 0.049838
0 0.465130 0.076175 0.169031 0.034036 0.380615 0.064425 0.537825 0.059157 0.392435 0.093193 0.549645 0.089141
0 0.479905 0.125810 0.172577 0.048217 0.405437 0.101702 0.557920 0.102512 0.393617 0.138169 0.566194 0.149919
0 0.453901 0.172204 0.212766 0.057536 0.395981 0.143436 0.560284 0.166937 0.347518 0.178282 0.518913 0.200972
0 0.398345 0.217788 0.224586 0.057942 0.323877 0.188817 0.510638 0.206240 0.286052 0.224068 0.466903 0.246759
0 0.345154 0.262763 0.226950 0.062804 0.281324 0.231361 0.458629 0.252431 0.231678 0.269449 0.411348 0.294165
0 0.294917 0.307131 0.218676 0.055105 0.216312 0.279579 0.404255 0.297002 0.185579 0.324149 0.367612 0.334684
0 0.261820 0.359603 0.209220 0.052269 0.183215 0.333468 0.366430 0.342382 0.157210 0.380065 0.361702 0.385737
0 0.253546 0.412682 0.211584 0.045786 0.153664 0.391005 0.359338 0.389789 0.147754 0.435575 0.335697 0.433955
0 0.255319 0.469003 0.215130 0.058752 0.147754 0.450972 0.346336 0.439627 0.171395 0.498379 0.362884 0.482577
0 0.294917 0.527958 0.239953 0.067261 0.174941 0.514992 0.380615 0.494327 0.228132 0.561588 0.414894 0.536467
0 0.378251 0.586102 0.281324 0.076580 0.237589 0.575365 0.432624 0.547812 0.290780 0.624392 0.518913 0.594408
0 0.453901 0.645057 0.290780 0.084279 0.308511 0.635737 0.537825 0.602917 0.359338 0.687196 0.599291 0.654376
0 0.519504 0.709076 0.303782 0.081037 0.367612 0.697731 0.625296 0.668558 0.423168 0.749595 0.671395 0.724878
0 0.579787 0.782618 0.289598 0.075770 0.434988 0.758104 0.690307 0.744733 0.453901 0.820502 0.724586 0.803890
0 0.608156 0.854133 0.299054 0.069692 0.458629 0.829417 0.718676 0.819287 0.462175 0.888979 0.757683 0.883712
0 0.614657 0.918760 0.314421 0.047407 0.457447 0.896272 0.757683 0.895057 0.457447 0.942464 0.771868 0.940843