0 0.458706 0.082792 0.141294 0.030342 0.388060 0.067620 0.529353 0.068921 0.389055 0.097529 0.524378 0.097963
0 0.459204 0.125488 0.122388 0.029042 0.398010 0.113134 0.520398 0.110967 0.406965 0.140009 0.514428 0.137841
0 0.464179 0.167317 0.114428 0.029476 0.406965 0.155613 0.521393 0.152579 0.415920 0.182055 0.511443 0.179020
0 0.473134 0.216081 0.124378 0.045514 0.410945 0.196792 0.520398 0.193325 0.419901 0.238838 0.535323 0.237104
0 0.487562 0.269831 0.135323 0.037711 0.430846 0.254010 0.540299 0.250975 0.419901 0.288687 0.555224 0.287386
0 0.491045 0.317729 0.130348 0.039012 0.429851 0.300824 0.544279 0.298223 0.425871 0.337234 0.556219 0.335934
0 0.499502 0.369094 0.139303 0.043780 0.431841 0.350672 0.547264 0.347204 0.429851 0.390984 0.569154 0.382748
0 0.512438 0.422844 0.137313 0.048114 0.443781 0.406155 0.556219 0.398786 0.443781 0.446901 0.581095 0.434330
0 0.541294 0.478760 0.157214 0.055917 0.462687 0.462505 0.590050 0.450802 0.470647 0.506719 0.619901 0.488947
0 0.572637 0.536411 0.154229 0.054183 0.495522 0.524491 0.648756 0.509319 0.518408 0.563502 0.649751 0.546164
0 0.610945 0.596662 0.127363 0.041179 0.556219 0.580841 0.674627 0.576073 0.547264 0.617252 0.666667 0.610316
0 0.613930 0.649328 0.143284 0.047681 0.542289 0.636758 0.685572 0.625488 0.544279 0.673169 0.672637 0.673169
0 0.591045 0.736671 0.147264 0.064586 0.545274 0.704378 0.664677 0.717382 0.517413 0.744257 0.619901 0.768964
0 0.507463 0.808626 0.181095 0.076723 0.463682 0.770264 0.598010 0.794972 0.416915 0.819246 0.537313 0.846987
0 0.420398 0.881231 0.180100 0.065020 0.370149 0.848721 0.510448 0.869961 0.330348 0.891634 0.465672 0.913741
0 0.382587 0.943433 0.152239 0.026441 0.312438 0.930212 0.458706 0.933680 0.306468 0.954486 0.455721 0.956654
0 0.461692 0.048114 0.145274 0.019072 0.391045 0.038578 0.534328 0.040312 0.389055 0.057651 0.530348 0.057217