0 0.532197 0.041586 0.344697 0.024178 0.359848 0.033366 0.700758 0.029497 0.363636 0.053675 0.704545 0.052708
0 0.545455 0.079787 0.325758 0.029981 0.382576 0.066731 0.704545 0.064797 0.401515 0.093810 0.708333 0.094778
0 0.553030 0.125484 0.280303 0.040135 0.412879 0.105416 0.693182 0.108317 0.412879 0.137814 0.685606 0.145551
0 0.541667 0.170455 0.280303 0.045938 0.412879 0.147485 0.681818 0.155222 0.401515 0.181818 0.653409 0.193424
0 0.514205 0.216393 0.263258 0.051741 0.393939 0.190522 0.645833 0.202128 0.382576 0.231625 0.611742 0.242263
0 0.491477 0.265232 0.255682 0.042070 0.378788 0.244197 0.615530 0.248066 0.363636 0.281431 0.619318 0.286267
0 0.470644 0.312621 0.274621 0.037234 0.344697 0.294004 0.607955 0.297872 0.333333 0.331238 0.607955 0.329304
0 0.474432 0.360010 0.289773 0.044004 0.352273 0.345745 0.607955 0.338008 0.329545 0.382012 0.619318 0.373308
0 0.493371 0.411025 0.320076 0.058027 0.333333 0.398453 0.623106 0.382012 0.352273 0.440039 0.653409 0.428433
0 0.530303 0.459865 0.340909 0.061896 0.359848 0.454062 0.653409 0.428917 0.403409 0.490812 0.700758 0.469536
0 0.599432 0.511364 0.365530 0.060445 0.416667 0.503385 0.714015 0.481141 0.446970 0.541586 0.782197 0.522727
0 0.630682 0.566489 0.344697 0.045938 0.458333 0.552708 0.799242 0.543520 0.467803 0.589458 0.803030 0.589458
0 0.632576 0.630803 0.378788 0.043037 0.454545 0.609284 0.821970 0.615571 0.443182 0.643133 0.810606 0.652321
0 0.596591 0.698985 0.367424 0.059478 0.428030 0.669246 0.780303 0.691489 0.412879 0.709865 0.750000 0.728723
0 0.527462 0.762089 0.433712 0.070600 0.361742 0.726789 0.744318 0.759671 0.310606 0.768859 0.704545 0.797389
0 0.438447 0.831480 0.471591 0.066248 0.255682 0.798356 0.674242 0.821083 0.202652 0.842360 0.642045 0.864603
0 0.401515 0.903530 0.492424 0.052708 0.178030 0.877176 0.647727 0.883946 0.155303 0.918762 0.626894 0.929884