0 0.467980 0.027177 0.272578 0.026622 0.331691 0.020521 0.602627 0.013866 0.346470 0.040488 0.604269 0.035496
0 0.473727 0.066556 0.241379 0.031059 0.353038 0.056018 0.594417 0.051026 0.366174 0.082085 0.592775 0.078758
0 0.488506 0.113145 0.218391 0.037715 0.379310 0.099279 0.597701 0.094287 0.387521 0.130338 0.579639 0.132002
0 0.490969 0.166944 0.203612 0.047698 0.403941 0.143095 0.592775 0.143095 0.389163 0.184692 0.584565 0.190793
0 0.477833 0.219634 0.223317 0.053245 0.392447 0.193012 0.589491 0.198003 0.366174 0.232945 0.566502 0.246256
0 0.455665 0.272047 0.215107 0.050471 0.366174 0.246811 0.563218 0.253466 0.348112 0.280089 0.538588 0.297282
0 0.431034 0.320300 0.221675 0.050471 0.341544 0.295064 0.541872 0.306156 0.320197 0.331115 0.522168 0.345535
0 0.384236 0.369662 0.229885 0.048253 0.316913 0.345535 0.499179 0.357737 0.269294 0.380477 0.476190 0.393788
0 0.355501 0.421797 0.231527 0.044925 0.259442 0.399334 0.471264 0.404881 0.239737 0.438713 0.461412 0.444260
0 0.344828 0.474487 0.239737 0.041597 0.234811 0.455352 0.464696 0.453688 0.224959 0.495286 0.464696 0.493067
0 0.362069 0.534942 0.257800 0.048253 0.233169 0.520799 0.461412 0.510815 0.234811 0.559068 0.490969 0.549085
0 0.389984 0.595951 0.270936 0.057127 0.254516 0.582917 0.499179 0.567388 0.274220 0.624515 0.525452 0.607321
0 0.422824 0.656406 0.287356 0.062673 0.279146 0.643372 0.523810 0.625069 0.307061 0.687743 0.566502 0.669994
0 0.471264 0.724626 0.275862 0.062673 0.333333 0.710483 0.574713 0.693289 0.353038 0.755962 0.609195 0.737659
0 0.510673 0.793123 0.285714 0.059900 0.367816 0.776484 0.617406 0.763173 0.367816 0.823073 0.653530 0.814199
0 0.518883 0.869107 0.311987 0.054354 0.394089 0.845258 0.656814 0.841930 0.362890 0.894620 0.674877 0.896284
0 0.494253 0.947587 0.374384 0.039379 0.325123 0.928453 0.669951 0.927898 0.307061 0.963394 0.681445 0.967277