0 0.458706 0.044173 0.149254 0.025301 0.384080 0.036499 0.533333 0.031522 0.394030 0.056823 0.522388 0.054749
0 0.465672 0.076939 0.145274 0.026130 0.393035 0.067607 0.531343 0.063874 0.397015 0.090004 0.538308 0.084612
0 0.476617 0.110535 0.133333 0.026960 0.409950 0.102447 0.539303 0.097055 0.419901 0.124015 0.543284 0.124015
0 0.488060 0.152012 0.120398 0.029448 0.427861 0.138532 0.548259 0.137287 0.429851 0.161344 0.535323 0.166736
0 0.481095 0.196184 0.114428 0.028204 0.423881 0.182082 0.537313 0.184985 0.423881 0.209042 0.538308 0.210286
0 0.458209 0.252800 0.138308 0.042721 0.405970 0.231439 0.527363 0.238905 0.389055 0.271672 0.520398 0.274160
0 0.455721 0.311489 0.141294 0.049772 0.390050 0.286603 0.526368 0.290336 0.385075 0.333472 0.521393 0.336375
0 0.460697 0.371008 0.145274 0.041891 0.388060 0.353795 0.527363 0.350062 0.390050 0.391954 0.533333 0.391954
0 0.466169 0.428868 0.162189 0.048942 0.386070 0.407300 0.530348 0.404397 0.385075 0.452924 0.547264 0.453339
0 0.466169 0.491290 0.180100 0.053505 0.392040 0.464538 0.542289 0.467026 0.376119 0.518042 0.556219 0.518042
0 0.452239 0.558067 0.184080 0.041891 0.383085 0.537122 0.544279 0.537536 0.360199 0.578183 0.534328 0.579013
0 0.439801 0.628992 0.204975 0.058482 0.347264 0.599751 0.542289 0.603484 0.337313 0.655330 0.515423 0.658233
0 0.423881 0.700954 0.200995 0.048942 0.331343 0.676483 0.519403 0.680216 0.323383 0.722522 0.524378 0.725425
0 0.428358 0.770427 0.200000 0.035255 0.328358 0.752800 0.528358 0.752800 0.340299 0.788055 0.519403 0.786810
0 0.446766 0.829324 0.171144 0.038573 0.361194 0.815844 0.532338 0.810037 0.362189 0.848611 0.522388 0.841560
0 0.464677 0.876400 0.191045 0.043136 0.369154 0.866445 0.546269 0.854832 0.375124 0.897968 0.560199 0.891746
0 0.480099 0.937785 0.215920 0.040647 0.372139 0.921609 0.588060 0.917462 0.379104 0.957279 0.572139 0.958109