0 0.401430 0.069723 0.163432 0.060172 0.319714 0.062560 0.420838 0.039637 0.362615 0.099809 0.483146 0.067335
0 0.459142 0.102436 0.154239 0.057784 0.382022 0.112225 0.496425 0.073543 0.441267 0.131328 0.536261 0.100287
0 0.528601 0.134670 0.133810 0.053486 0.461696 0.141356 0.553626 0.107927 0.486210 0.161414 0.595506 0.135626
0 0.568437 0.167622 0.154239 0.045845 0.491318 0.171920 0.615935 0.144699 0.494382 0.187202 0.645557 0.190544
0 0.563330 0.218481 0.150153 0.046323 0.499489 0.195320 0.638407 0.199618 0.488253 0.221108 0.623085 0.241643
0 0.526558 0.266237 0.158325 0.067335 0.468846 0.232569 0.605720 0.264088 0.447395 0.262655 0.552605 0.299904
0 0.457610 0.311605 0.161389 0.066380 0.429009 0.278415 0.538304 0.312798 0.376915 0.295606 0.468846 0.344795
0 0.352400 0.345033 0.187947 0.078797 0.348315 0.305635 0.446374 0.357211 0.258427 0.335721 0.370787 0.384432
0 0.256384 0.384909 0.198161 0.071633 0.227783 0.349093 0.355465 0.390162 0.157303 0.390162 0.293156 0.420726
0 0.194586 0.440306 0.193054 0.056351 0.130746 0.412130 0.291113 0.429322 0.098059 0.462273 0.280899 0.468481
0 0.186415 0.518625 0.186925 0.067813 0.092952 0.490449 0.273749 0.484718 0.104188 0.552531 0.279877 0.525788
0 0.231359 0.588109 0.186925 0.086437 0.137896 0.577841 0.280899 0.544890 0.205312 0.631328 0.324821 0.585960
0 0.351379 0.646609 0.216548 0.093601 0.243105 0.648997 0.355465 0.599809 0.342186 0.693410 0.459653 0.633238
0 0.487743 0.701289 0.248212 0.097899 0.363636 0.707259 0.509704 0.652340 0.458631 0.750239 0.611849 0.699140
0 0.592441 0.764565 0.216548 0.077364 0.484168 0.768386 0.663943 0.725883 0.525026 0.803247 0.700715 0.778415
0 0.635342 0.841213 0.198161 0.051098 0.536261 0.834288 0.713994 0.815664 0.541369 0.866762 0.734423 0.842884
0 0.657303 0.918577 0.217569 0.046323 0.548519 0.906877 0.766088 0.895415 0.548519 0.941738 0.765066 0.935053