0 0.486516 0.070939 0.159655 0.039863 0.406688 0.051007 0.566343 0.061723 0.412082 0.078440 0.551241 0.090870
0 0.456850 0.107372 0.158576 0.042435 0.393743 0.086155 0.536138 0.103300 0.377562 0.108873 0.514563 0.128590
0 0.416397 0.143378 0.151025 0.049293 0.359223 0.118731 0.491909 0.139734 0.340885 0.150021 0.457389 0.168024
0 0.344660 0.183240 0.180151 0.050150 0.322546 0.158165 0.434736 0.178311 0.254585 0.180883 0.405609 0.208315
0 0.282632 0.213888 0.131607 0.048007 0.253506 0.189884 0.348436 0.215602 0.216828 0.215602 0.334412 0.237891
0 0.250809 0.256751 0.154261 0.045435 0.202805 0.234033 0.327940 0.252893 0.173679 0.269181 0.291262 0.279469
0 0.227077 0.306472 0.167206 0.046292 0.160734 0.283326 0.310680 0.291470 0.143474 0.329619 0.293420 0.329190
0 0.236785 0.361123 0.162891 0.047578 0.155340 0.341192 0.302050 0.337334 0.169364 0.384912 0.318231 0.367767
0 0.272923 0.413631 0.181230 0.057437 0.182309 0.400343 0.323625 0.384912 0.227616 0.442349 0.363538 0.414916
0 0.358684 0.463995 0.206041 0.066438 0.255663 0.460780 0.387271 0.430776 0.304207 0.497214 0.461704 0.459494
0 0.441208 0.514788 0.207120 0.072010 0.337648 0.511787 0.469256 0.478783 0.386192 0.550793 0.544768 0.510930
0 0.523732 0.570296 0.218986 0.077583 0.414239 0.566224 0.571737 0.531505 0.447681 0.609087 0.633225 0.573082
0 0.591154 0.627304 0.237325 0.066438 0.472492 0.621089 0.675297 0.594085 0.494067 0.660523 0.709817 0.645092
0 0.617584 0.698886 0.218986 0.047578 0.508091 0.676382 0.718447 0.675096 0.513484 0.719246 0.727077 0.722675
0 0.580906 0.773253 0.229773 0.064295 0.502697 0.741106 0.695793 0.750536 0.466019 0.781826 0.686084 0.805401
0 0.543150 0.833476 0.272923 0.058723 0.447681 0.804115 0.679612 0.822546 0.406688 0.843120 0.660194 0.862838
0 0.475728 0.898200 0.278317 0.059580 0.386192 0.868410 0.614887 0.888984 0.336570 0.915559 0.601942 0.927990