0 0.496745 0.053097 0.287760 0.025664 0.352865 0.040265 0.640625 0.046460 0.355469 0.058850 0.628906 0.065929
0 0.481120 0.086062 0.272135 0.040265 0.355469 0.065929 0.617188 0.077876 0.345052 0.090265 0.597656 0.106195
0 0.449219 0.130531 0.273438 0.048673 0.339844 0.106195 0.585938 0.125221 0.312500 0.137168 0.546875 0.154867
0 0.427734 0.181416 0.292969 0.067257 0.313802 0.147788 0.574219 0.167699 0.281250 0.178761 0.511719 0.215044
0 0.367839 0.227212 0.308594 0.067699 0.252604 0.193363 0.522135 0.220796 0.213542 0.232301 0.454427 0.261062
0 0.296875 0.270354 0.309896 0.061947 0.196615 0.239381 0.451823 0.266372 0.141927 0.291150 0.424479 0.301327
0 0.276042 0.329204 0.296875 0.048673 0.128906 0.304867 0.424479 0.307080 0.127604 0.353540 0.417969 0.345575
0 0.283203 0.381858 0.300781 0.066372 0.132812 0.363717 0.419271 0.348673 0.180990 0.415044 0.433594 0.382743
0 0.332031 0.424336 0.299479 0.076991 0.182292 0.420354 0.438802 0.385841 0.260417 0.462832 0.481771 0.422124
0 0.440104 0.470575 0.307292 0.086283 0.286458 0.473894 0.493490 0.427434 0.364583 0.513717 0.593750 0.471239
0 0.541667 0.512389 0.289062 0.084071 0.397135 0.517257 0.595052 0.470354 0.486979 0.554425 0.686198 0.514159
0 0.643880 0.562168 0.285156 0.080973 0.501302 0.562832 0.700521 0.521681 0.563802 0.602655 0.786458 0.572566
0 0.731120 0.647788 0.295573 0.058407 0.583333 0.630089 0.855469 0.618584 0.591146 0.676991 0.878906 0.670796
0 0.703776 0.705531 0.311198 0.065044 0.602865 0.673009 0.859375 0.689381 0.548177 0.699558 0.813802 0.738053
0 0.645833 0.747124 0.328125 0.080973 0.535156 0.706637 0.809896 0.744690 0.481771 0.742478 0.736979 0.787611
0 0.541667 0.801106 0.338542 0.092478 0.445312 0.754867 0.710938 0.804425 0.372396 0.802212 0.608073 0.847345
0 0.421224 0.882080 0.386719 0.100442 0.298177 0.831858 0.614583 0.871681 0.227865 0.895575 0.553385 0.932301