0 0.572543 0.043504 0.265211 0.030823 0.439938 0.037456 0.695788 0.028092 0.439938 0.058915 0.705148 0.054233
0 0.594384 0.078424 0.268331 0.031994 0.460218 0.068279 0.723869 0.062427 0.483619 0.094421 0.728549 0.088178
0 0.601404 0.126805 0.273011 0.046040 0.474259 0.109637 0.737909 0.103785 0.464899 0.143972 0.723869 0.149824
0 0.594384 0.171674 0.268331 0.034335 0.460218 0.154506 0.728549 0.161529 0.464899 0.181818 0.728549 0.188841
0 0.599064 0.220640 0.258970 0.056574 0.469579 0.192353 0.728549 0.197035 0.469579 0.238393 0.719189 0.248927
0 0.558502 0.275068 0.302652 0.054623 0.460218 0.247757 0.709828 0.258681 0.407176 0.283262 0.681747 0.302380
0 0.518721 0.320523 0.316693 0.053453 0.402496 0.293796 0.677067 0.307062 0.360374 0.332813 0.663027 0.347249
0 0.507020 0.371440 0.321373 0.050722 0.360374 0.346079 0.667707 0.353102 0.346334 0.392119 0.644306 0.396801
0 0.516381 0.423332 0.340094 0.050722 0.346334 0.401483 0.667707 0.397971 0.365055 0.448693 0.686427 0.434647
0 0.544462 0.469957 0.340094 0.056574 0.374415 0.456886 0.686427 0.441670 0.393136 0.498244 0.714509 0.485369
0 0.563183 0.524581 0.330733 0.049551 0.397816 0.510339 0.719189 0.499805 0.411856 0.547015 0.728549 0.549356
0 0.570203 0.582911 0.363495 0.053063 0.393136 0.562232 0.733229 0.556379 0.388456 0.603590 0.751950 0.609442
0 0.592044 0.633047 0.425897 0.037846 0.383775 0.615295 0.751950 0.614124 0.379095 0.651970 0.804992 0.637924
0 0.567863 0.676161 0.396256 0.048381 0.369735 0.657823 0.751950 0.651970 0.374415 0.699181 0.765991 0.700351
0 0.568643 0.785018 0.472699 0.074132 0.365055 0.747952 0.804992 0.764339 0.332293 0.805696 0.756630 0.822083
0 0.525741 0.860710 0.461778 0.060086 0.327613 0.830667 0.756630 0.838861 0.294852 0.882559 0.733229 0.890753
0 0.480499 0.929185 0.505460 0.055794 0.274571 0.901288 0.733229 0.905970 0.227769 0.944986 0.728549 0.957082