0 0.573230 0.050366 0.153249 0.032716 0.496605 0.036591 0.649854 0.034008 0.506305 0.061989 0.635306 0.066724
0 0.584384 0.093629 0.130941 0.035730 0.518914 0.075764 0.649854 0.080069 0.523763 0.102454 0.630456 0.111494
0 0.570805 0.136677 0.123181 0.046061 0.528613 0.113646 0.632396 0.128282 0.509214 0.142919 0.602328 0.159707
0 0.539282 0.174989 0.126091 0.046061 0.498545 0.151959 0.602328 0.177787 0.476237 0.175204 0.564501 0.198020
0 0.482541 0.214593 0.129001 0.045200 0.458778 0.191993 0.547042 0.213517 0.418041 0.212226 0.493695 0.237193
0 0.419011 0.253336 0.149370 0.046061 0.397672 0.230306 0.493695 0.251399 0.344326 0.260439 0.473327 0.276367
0 0.387973 0.293586 0.166828 0.034438 0.334627 0.276367 0.471387 0.291003 0.304559 0.306500 0.443259 0.310805
0 0.376334 0.340723 0.143550 0.030564 0.306499 0.325441 0.448109 0.327594 0.304559 0.356005 0.446169 0.350409
0 0.384093 0.386784 0.143550 0.046061 0.312318 0.371502 0.455868 0.363754 0.324927 0.409815 0.455868 0.396040
0 0.414161 0.441670 0.159069 0.059406 0.334627 0.421007 0.465567 0.411967 0.362755 0.471373 0.493695 0.445545
0 0.464597 0.495265 0.164888 0.068446 0.382153 0.490314 0.503395 0.461042 0.425800 0.529488 0.547042 0.504951
0 0.525218 0.551442 0.169738 0.059406 0.440349 0.546276 0.579049 0.521739 0.485936 0.581145 0.610087 0.562204
0 0.599418 0.608696 0.161009 0.059406 0.518914 0.599225 0.645005 0.578993 0.541222 0.638399 0.679922 0.623762
0 0.638215 0.676711 0.174588 0.058545 0.550921 0.656479 0.700291 0.647439 0.574200 0.703401 0.725509 0.705984
0 0.640640 0.755273 0.173618 0.053810 0.566440 0.728368 0.725509 0.731382 0.553831 0.773138 0.727449 0.782178
0 0.623181 0.828455 0.194956 0.064141 0.550921 0.796384 0.720660 0.810159 0.525703 0.843737 0.689622 0.860525
0 0.585354 0.897977 0.194956 0.039604 0.516004 0.878175 0.682832 0.885062 0.487876 0.914335 0.682832 0.917779