0 0.517291 0.038651 0.213256 0.030831 0.410663 0.025022 0.623919 0.023235 0.425072 0.054066 0.618156 0.051832
0 0.533141 0.076184 0.210375 0.029937 0.427954 0.062109 0.628242 0.061215 0.427954 0.089366 0.638329 0.091153
0 0.530980 0.117962 0.197406 0.035746 0.439481 0.100089 0.629683 0.100983 0.432277 0.128686 0.605187 0.135836
0 0.494236 0.174486 0.221902 0.068365 0.432277 0.140304 0.605187 0.146559 0.383285 0.186327 0.569164 0.208668
0 0.458213 0.224754 0.219020 0.052726 0.377522 0.198391 0.567723 0.214030 0.348703 0.236819 0.540346 0.251117
0 0.421470 0.273012 0.226225 0.055407 0.344380 0.245308 0.534582 0.258713 0.308357 0.288204 0.511527 0.300715
0 0.401297 0.322609 0.214697 0.046470 0.304035 0.299374 0.508646 0.305183 0.293948 0.342717 0.492795 0.345845
0 0.389769 0.375112 0.217579 0.050492 0.288184 0.349866 0.498559 0.351206 0.280980 0.400357 0.498559 0.399017
0 0.408501 0.429625 0.237752 0.054960 0.289625 0.416443 0.500000 0.402145 0.308357 0.457105 0.527378 0.445487
0 0.463256 0.483914 0.292507 0.066130 0.317003 0.467382 0.536023 0.450849 0.383285 0.516979 0.609510 0.495532
0 0.538905 0.538204 0.293948 0.068365 0.391931 0.524576 0.618156 0.504021 0.427954 0.572386 0.685879 0.546023
0 0.608790 0.588248 0.341499 0.063896 0.438040 0.576854 0.698847 0.556300 0.462536 0.620197 0.779539 0.595174
0 0.625360 0.643878 0.325648 0.052726 0.481268 0.626899 0.779539 0.617516 0.462536 0.661752 0.788184 0.670241
0 0.636167 0.701519 0.309798 0.065237 0.489914 0.668901 0.791066 0.679625 0.481268 0.715818 0.759366 0.734138
0 0.591499 0.765639 0.327089 0.073727 0.478386 0.728776 0.755043 0.749777 0.427954 0.776139 0.726225 0.802502
0 0.535303 0.834674 0.353026 0.076854 0.390490 0.796247 0.711816 0.818141 0.358790 0.849866 0.670029 0.873101
0 0.461095 0.899240 0.383285 0.080876 0.340058 0.858802 0.652738 0.882931 0.269452 0.911528 0.646974 0.939678