0 0.458655 0.042344 0.160477 0.027164 0.378416 0.033023 0.531885 0.028762 0.380519 0.055925 0.538893 0.054328
0 0.477225 0.086551 0.168185 0.029827 0.393132 0.072437 0.548003 0.071638 0.400140 0.100932 0.561317 0.101465
0 0.488788 0.129960 0.166083 0.029294 0.405746 0.115313 0.568325 0.115313 0.422565 0.144607 0.571829 0.143276
0 0.495095 0.175766 0.160477 0.031957 0.426069 0.159787 0.562719 0.159787 0.414856 0.189614 0.575333 0.191744
0 0.498949 0.230493 0.163980 0.042876 0.416959 0.209055 0.580939 0.211718 0.418360 0.250067 0.577435 0.251931
0 0.496146 0.282956 0.180799 0.035419 0.413455 0.265246 0.579538 0.268708 0.405746 0.295606 0.586545 0.300666
0 0.490540 0.334088 0.180799 0.038083 0.409250 0.315047 0.580939 0.315047 0.400140 0.346205 0.570427 0.353129
0 0.479678 0.388948 0.173090 0.038083 0.411352 0.372037 0.566223 0.369907 0.393132 0.398935 0.562719 0.407989
0 0.469867 0.438881 0.182901 0.043675 0.391030 0.417044 0.561317 0.419707 0.378416 0.455126 0.559215 0.460719
0 0.453399 0.495739 0.215837 0.046605 0.365802 0.472437 0.561317 0.477230 0.345480 0.514780 0.559215 0.519041
0 0.445690 0.552863 0.217239 0.043675 0.340575 0.531025 0.554310 0.539281 0.337071 0.573901 0.550806 0.574700
0 0.432025 0.616245 0.201121 0.041545 0.334968 0.595473 0.532586 0.603728 0.331465 0.631425 0.517870 0.637017
0 0.413805 0.676165 0.208129 0.041012 0.309741 0.655659 0.514366 0.662583 0.318851 0.694541 0.517870 0.696671
0 0.414506 0.734487 0.202523 0.041012 0.313245 0.720373 0.508760 0.713981 0.316748 0.754993 0.515767 0.748602
0 0.417309 0.795473 0.219341 0.045273 0.307638 0.779228 0.524877 0.772836 0.309741 0.818109 0.526980 0.804794
0 0.425368 0.847803 0.235459 0.044474 0.307638 0.838083 0.526980 0.825566 0.327961 0.870040 0.543097 0.859654
0 0.454100 0.911984 0.266293 0.053529 0.320953 0.901997 0.559916 0.885220 0.342677 0.938748 0.587246 0.915846