0 0.615583 0.040704 0.126935 0.033166 0.573787 0.024121 0.679051 0.024623 0.552116 0.052261 0.675955 0.057286
0 0.611971 0.084925 0.142415 0.043216 0.551084 0.063317 0.683179 0.071859 0.540764 0.094472 0.662539 0.106533
0 0.588751 0.134171 0.137255 0.055276 0.541796 0.106533 0.657379 0.119598 0.520124 0.130653 0.638803 0.161809
0 0.545408 0.179648 0.168215 0.065829 0.506708 0.146734 0.629515 0.178894 0.461300 0.170352 0.576883 0.212563
0 0.484004 0.214070 0.144479 0.066332 0.453044 0.180905 0.556244 0.223618 0.411765 0.200503 0.474716 0.247236
0 0.371001 0.245226 0.151703 0.074372 0.386997 0.208040 0.446852 0.260302 0.295150 0.221106 0.396285 0.282412
0 0.279154 0.264070 0.195046 0.071859 0.270382 0.228141 0.376677 0.292965 0.181631 0.252764 0.308566 0.300000
0 0.202270 0.293216 0.169247 0.063819 0.163055 0.261307 0.286894 0.305528 0.117647 0.295477 0.262126 0.325126
0 0.157895 0.340452 0.169247 0.049749 0.091847 0.315578 0.242518 0.339698 0.073271 0.356281 0.226006 0.365327
0 0.151703 0.401005 0.167183 0.049246 0.068111 0.376382 0.226006 0.377387 0.086687 0.425628 0.235294 0.402513
0 0.187822 0.441960 0.191950 0.053769 0.091847 0.435678 0.247678 0.415075 0.121775 0.468844 0.283798 0.442211
0 0.299278 0.500000 0.204334 0.082412 0.197110 0.497990 0.328173 0.458794 0.267286 0.541206 0.401445 0.493970
0 0.411249 0.549497 0.221878 0.078894 0.300310 0.554271 0.438596 0.510050 0.374613 0.588945 0.522188 0.541709
0 0.503096 0.599246 0.213622 0.079899 0.396285 0.602010 0.571723 0.559296 0.432405 0.639196 0.609907 0.611558
0 0.533540 0.666332 0.189886 0.067337 0.438596 0.658291 0.625387 0.632663 0.449948 0.700000 0.628483 0.684422
0 0.549020 0.740201 0.185759 0.059296 0.456140 0.713065 0.630547 0.710553 0.460268 0.762312 0.641899 0.769849
0 0.531476 0.823367 0.208462 0.071859 0.452012 0.787437 0.635707 0.804523 0.427245 0.839196 0.610939 0.859297