0 0.552212 0.045455 0.215929 0.020125 0.444248 0.035392 0.660177 0.038862 0.444248 0.055517 0.656637 0.055517
0 0.554867 0.083622 0.203540 0.018737 0.453097 0.077030 0.656637 0.074254 0.469027 0.092991 0.656637 0.088827
0 0.569027 0.119015 0.185841 0.024289 0.476106 0.106870 0.656637 0.107564 0.493805 0.131159 0.661947 0.128383
0 0.580531 0.167245 0.159292 0.043026 0.500885 0.149202 0.658407 0.145732 0.504425 0.187370 0.660177 0.188758
0 0.589381 0.219986 0.169912 0.031922 0.504425 0.204025 0.674336 0.208189 0.506195 0.235947 0.669027 0.233171
0 0.591150 0.273768 0.176991 0.035392 0.511504 0.257460 0.679646 0.256072 0.502655 0.287994 0.674336 0.291464
0 0.585841 0.331714 0.187611 0.037474 0.500885 0.312977 0.679646 0.316447 0.492035 0.348369 0.677876 0.350451
0 0.579646 0.384455 0.189381 0.034698 0.486726 0.367106 0.674336 0.369882 0.484956 0.399028 0.669027 0.401804
0 0.573451 0.438931 0.208850 0.035392 0.476106 0.421235 0.677876 0.425399 0.469027 0.451770 0.672566 0.456627
0 0.562832 0.492713 0.194690 0.029146 0.474336 0.478140 0.660177 0.482998 0.465487 0.503123 0.656637 0.507287
0 0.550442 0.544761 0.191150 0.038862 0.474336 0.525330 0.635398 0.528105 0.454867 0.556558 0.646018 0.564192
0 0.537168 0.603747 0.189381 0.048577 0.453097 0.579459 0.631858 0.586398 0.442478 0.620403 0.621239 0.628036
0 0.505310 0.666551 0.214159 0.049271 0.426549 0.641915 0.612389 0.656489 0.398230 0.675919 0.589381 0.691187
0 0.481416 0.719292 0.198230 0.056211 0.387611 0.691187 0.575221 0.710618 0.382301 0.746704 0.580531 0.747398
0 0.506195 0.800139 0.215929 0.058293 0.398230 0.786954 0.584071 0.770992 0.442478 0.829285 0.614159 0.820958
0 0.546903 0.881679 0.240708 0.040944 0.428319 0.862595 0.646018 0.861207 0.426549 0.902151 0.667257 0.891742
0 0.552212 0.933727 0.265487 0.035392 0.419469 0.922970 0.674336 0.916031 0.426549 0.951423 0.684956 0.941013