0 0.570922 0.026813 0.265957 0.023595 0.445035 0.018447 0.693262 0.015015 0.437943 0.036036 0.703901 0.038610
0 0.568262 0.064779 0.260638 0.038610 0.448582 0.045474 0.698582 0.047619 0.437943 0.077220 0.689716 0.084084
0 0.546099 0.108323 0.262411 0.045045 0.437943 0.085800 0.677305 0.094380 0.414894 0.117546 0.641844 0.130845
0 0.499113 0.155513 0.235816 0.046761 0.414894 0.132132 0.617021 0.140283 0.381206 0.165594 0.583333 0.178893
0 0.443262 0.201630 0.258865 0.051480 0.361702 0.175890 0.572695 0.190476 0.313830 0.211926 0.539007 0.227370
0 0.397163 0.247104 0.262411 0.042900 0.304965 0.225654 0.528369 0.235521 0.265957 0.262119 0.507092 0.268554
0 0.377660 0.296010 0.255319 0.040326 0.264184 0.275847 0.505319 0.277134 0.250000 0.314457 0.505319 0.316173
0 0.391844 0.347061 0.280142 0.042900 0.251773 0.329472 0.505319 0.325611 0.255319 0.368511 0.531915 0.364221
0 0.410461 0.398541 0.310284 0.048906 0.255319 0.382239 0.531915 0.374088 0.273050 0.422994 0.565603 0.413556
0 0.437943 0.449807 0.329787 0.061347 0.273050 0.430716 0.579787 0.419133 0.297872 0.480480 0.602837 0.471042
0 0.489362 0.515015 0.365248 0.058773 0.306738 0.500215 0.620567 0.485628 0.320922 0.544402 0.671986 0.531103
0 0.515071 0.573788 0.367021 0.063063 0.331560 0.556414 0.670213 0.542257 0.347518 0.605320 0.698582 0.597598
0 0.548759 0.645217 0.374113 0.062634 0.361702 0.624196 0.707447 0.613900 0.374113 0.676534 0.735816 0.669241
0 0.557624 0.715787 0.363475 0.052767 0.379433 0.690691 0.725177 0.689404 0.375887 0.737452 0.739362 0.742171
0 0.553191 0.792149 0.386525 0.051051 0.363475 0.766624 0.735816 0.767482 0.359929 0.811669 0.746454 0.817675
0 0.539894 0.860789 0.416667 0.051909 0.342199 0.834835 0.748227 0.839125 0.331560 0.885028 0.741135 0.886744
0 0.544326 0.931789 0.446809 0.052338 0.320922 0.907765 0.746454 0.905620 0.331560 0.955813 0.767730 0.957958