0 0.520747 0.072473 0.182573 0.027097 0.429461 0.058925 0.612033 0.062796 0.438797 0.078710 0.603734 0.086022
0 0.525934 0.106882 0.159751 0.026237 0.450207 0.093763 0.605809 0.097634 0.446058 0.113118 0.600622 0.120000
0 0.515041 0.140430 0.167012 0.027957 0.440871 0.126452 0.598548 0.131183 0.431535 0.147957 0.596473 0.154409
0 0.508299 0.176989 0.161826 0.037419 0.431535 0.158280 0.589212 0.167312 0.427386 0.188817 0.575726 0.195699
0 0.500000 0.225376 0.157676 0.044731 0.421162 0.203011 0.578838 0.209462 0.429461 0.228387 0.569502 0.247742
0 0.492739 0.286882 0.157676 0.055914 0.413900 0.258925 0.569502 0.262796 0.429461 0.312258 0.571577 0.314839
0 0.520747 0.354839 0.186722 0.056774 0.427386 0.327312 0.582988 0.326452 0.431535 0.383226 0.614108 0.380215
0 0.531120 0.415484 0.199170 0.053333 0.431535 0.396129 0.612033 0.388817 0.431535 0.442151 0.630705 0.442151
0 0.527490 0.476989 0.227178 0.073978 0.431535 0.440000 0.630705 0.441290 0.413900 0.508387 0.641079 0.513978
0 0.514004 0.547742 0.250000 0.061505 0.407676 0.516989 0.639004 0.520430 0.389004 0.578495 0.632780 0.575484
0 0.543568 0.626882 0.282158 0.082151 0.402490 0.591398 0.639004 0.585806 0.411826 0.667957 0.684647 0.657634
0 0.568465 0.700215 0.294606 0.067957 0.421162 0.680430 0.696058 0.666237 0.442946 0.734194 0.715768 0.727742
0 0.565871 0.775914 0.281120 0.066237 0.452282 0.742796 0.706432 0.744516 0.425311 0.792258 0.677386 0.809032
0 0.538382 0.847957 0.288382 0.081290 0.421162 0.807312 0.682573 0.821075 0.394191 0.868817 0.657676 0.888602
0 0.492739 0.923441 0.334025 0.086882 0.384855 0.880000 0.659751 0.901505 0.325726 0.943656 0.639004 0.966882
0 0.460581 0.983871 0.338174 0.081290 0.328838 0.943226 0.629668 0.965591 0.291494 0.999570 0.626556 1.024516
0 0.537863 0.849462 0.274896 0.080860 0.434647 0.809032 0.675311 0.822366 0.400415 0.868387 0.649378 0.889892