0 0.516903 0.041066 0.202835 0.024496 0.415485 0.032061 0.612868 0.028818 0.436205 0.053314 0.618321 0.050072
0 0.529989 0.072586 0.176663 0.021254 0.441658 0.063401 0.618321 0.061960 0.455834 0.083213 0.608506 0.082133
0 0.536532 0.110591 0.152672 0.028098 0.468920 0.096542 0.600872 0.096542 0.460196 0.124640 0.612868 0.122478
0 0.548528 0.153278 0.161396 0.033501 0.467830 0.140130 0.615049 0.136527 0.480916 0.170029 0.629226 0.170029
0 0.553435 0.200288 0.158124 0.029539 0.474373 0.189121 0.632497 0.185519 0.483097 0.213977 0.627045 0.215058
0 0.538713 0.261888 0.159215 0.037464 0.480916 0.243156 0.618321 0.244597 0.459106 0.278458 0.609596 0.280620
0 0.539258 0.311599 0.149400 0.039625 0.464558 0.292507 0.609596 0.291787 0.467830 0.331412 0.613959 0.328891
0 0.558888 0.360771 0.160305 0.042147 0.483097 0.345461 0.620502 0.339697 0.478735 0.381844 0.639040 0.379683
0 0.559433 0.413725 0.174482 0.043588 0.480916 0.391931 0.641221 0.391931 0.472192 0.435519 0.646674 0.435519
0 0.543621 0.468480 0.201745 0.043588 0.470011 0.449207 0.644493 0.446686 0.442748 0.484870 0.640131 0.490274
0 0.508724 0.526297 0.227917 0.051873 0.418757 0.500360 0.622683 0.507205 0.394766 0.538184 0.604144 0.552233
0 0.474918 0.577990 0.234460 0.044308 0.391494 0.555836 0.592148 0.564842 0.357688 0.589697 0.557252 0.600144
0 0.440022 0.632565 0.212650 0.041787 0.347874 0.611671 0.527808 0.614553 0.333697 0.647334 0.546347 0.653458
0 0.447110 0.699748 0.237732 0.050072 0.328244 0.674712 0.537623 0.674712 0.353326 0.724784 0.565976 0.707133
0 0.504362 0.755584 0.234460 0.065922 0.387132 0.739914 0.579062 0.722622 0.442748 0.788545 0.621592 0.761167
0 0.597601 0.818624 0.268266 0.081052 0.463468 0.803314 0.667394 0.778098 0.522355 0.859150 0.731734 0.825288
0 0.666848 0.874820 0.251908 0.052954 0.540894 0.869236 0.756816 0.848343 0.571429 0.901297 0.792803 0.886888