0 0.459849 0.034998 0.194479 0.038669 0.366374 0.015663 0.557089 0.028879 0.362610 0.043074 0.525721 0.054332
0 0.430991 0.074890 0.184442 0.044053 0.358846 0.052863 0.523212 0.063142 0.338770 0.080764 0.504391 0.096916
0 0.404015 0.119187 0.190715 0.053353 0.338770 0.092511 0.499373 0.105237 0.308657 0.127264 0.451694 0.145864
0 0.353827 0.162506 0.185696 0.057758 0.301129 0.133627 0.446675 0.152717 0.260979 0.172785 0.387704 0.191385
0 0.276662 0.208762 0.186951 0.060206 0.244668 0.178659 0.370138 0.199706 0.183187 0.212922 0.309912 0.238864
0 0.215182 0.256241 0.181932 0.056290 0.170640 0.228096 0.306148 0.244249 0.124216 0.265296 0.277290 0.284386
0 0.185069 0.304944 0.184442 0.047969 0.111669 0.280959 0.277290 0.290259 0.092848 0.323054 0.263488 0.328928
0 0.187578 0.360255 0.184442 0.046990 0.095358 0.341654 0.262233 0.336760 0.100376 0.383749 0.279799 0.375428
0 0.199498 0.414097 0.190715 0.058737 0.104141 0.399902 0.279799 0.384728 0.135508 0.443466 0.294856 0.425844
0 0.260351 0.468429 0.212045 0.074400 0.154329 0.456681 0.302384 0.431229 0.196989 0.505629 0.366374 0.474303
0 0.324341 0.523250 0.232120 0.083211 0.208281 0.514929 0.378921 0.481645 0.262233 0.564856 0.440401 0.528145
0 0.412798 0.580274 0.258469 0.084679 0.283563 0.578071 0.460477 0.537934 0.343789 0.622614 0.542033 0.578071
0 0.501255 0.635095 0.267252 0.078806 0.367629 0.636319 0.568381 0.595693 0.426600 0.674498 0.634881 0.638277
0 0.566499 0.696280 0.244668 0.065100 0.444166 0.686246 0.656211 0.663730 0.476788 0.728830 0.688833 0.716593
0 0.594730 0.767254 0.233375 0.057269 0.478043 0.743025 0.701380 0.738620 0.480552 0.795888 0.711418 0.795399
0 0.583438 0.846794 0.245922 0.062653 0.479297 0.815467 0.706399 0.822320 0.460477 0.865884 0.700125 0.878120
0 0.542660 0.926089 0.294856 0.073421 0.444166 0.889378 0.690088 0.904063 0.395232 0.937347 0.670013 0.962800