0 0.692693 0.034212 0.239255 0.016644 0.573066 0.025890 0.812321 0.027739 0.583095 0.042534 0.790831 0.040684
0 0.686963 0.075821 0.222063 0.048081 0.583095 0.051780 0.797994 0.068886 0.575931 0.080906 0.775072 0.099861
0 0.649713 0.114424 0.222063 0.053167 0.567335 0.087841 0.760745 0.108183 0.538682 0.114193 0.703438 0.141008
0 0.580946 0.156264 0.227794 0.048081 0.520057 0.132224 0.694842 0.150254 0.467049 0.158114 0.660458 0.180305
0 0.527937 0.198336 0.270774 0.054554 0.452722 0.171059 0.663324 0.188165 0.392550 0.205270 0.623209 0.225613
0 0.486390 0.247111 0.279370 0.055016 0.383954 0.219602 0.626074 0.230698 0.346705 0.266759 0.604585 0.274619
0 0.472779 0.306750 0.252149 0.055941 0.346705 0.278779 0.598854 0.281553 0.349570 0.334720 0.598854 0.326861
0 0.479943 0.362691 0.249284 0.053167 0.355301 0.340730 0.601719 0.336107 0.376791 0.389274 0.604585 0.383264
0 0.511461 0.420250 0.255014 0.058252 0.383954 0.401294 0.610315 0.391123 0.399713 0.449376 0.638968 0.435506
0 0.540831 0.480120 0.259312 0.065187 0.411175 0.462321 0.636103 0.447527 0.436963 0.512714 0.670487 0.499307
0 0.573066 0.546926 0.249284 0.070273 0.448424 0.528433 0.673352 0.511789 0.455587 0.582062 0.697708 0.570966
0 0.600287 0.609570 0.289398 0.055016 0.464183 0.588997 0.707736 0.582062 0.455587 0.637078 0.744986 0.631068
0 0.613897 0.677069 0.299427 0.052242 0.464183 0.656033 0.763610 0.650948 0.464183 0.694406 0.760745 0.703190
0 0.573066 0.739020 0.329513 0.067037 0.467049 0.705502 0.737822 0.719371 0.408309 0.737402 0.673352 0.772538
0 0.500716 0.784327 0.365330 0.077208 0.395415 0.745724 0.683381 0.781785 0.318052 0.786870 0.621777 0.822931
0 0.434097 0.843042 0.361032 0.080906 0.318052 0.802589 0.614613 0.835876 0.253582 0.849746 0.567335 0.883495
0 0.369628 0.913546 0.383954 0.077670 0.220630 0.874711 0.561605 0.895978 0.177650 0.937124 0.512894 0.952381