0 0.526678 0.058870 0.130809 0.024496 0.461274 0.046622 0.592083 0.046622 0.467298 0.070723 0.585198 0.071118
0 0.526678 0.091268 0.115318 0.027657 0.469019 0.077440 0.584337 0.077835 0.477625 0.105097 0.580034 0.105097
0 0.525818 0.129395 0.111876 0.032003 0.480207 0.113394 0.581756 0.116950 0.469880 0.138285 0.572289 0.145397
0 0.503873 0.173647 0.123064 0.050178 0.467298 0.148558 0.565404 0.159226 0.442341 0.186883 0.544750 0.198736
0 0.474182 0.224615 0.134251 0.043066 0.427711 0.203082 0.541308 0.211774 0.407057 0.235875 0.521515 0.246148
0 0.448365 0.266298 0.135972 0.046622 0.405336 0.242987 0.516351 0.253260 0.380379 0.278546 0.493976 0.289609
0 0.419966 0.316673 0.137694 0.045437 0.370912 0.293955 0.488812 0.302252 0.351119 0.330699 0.471601 0.339392
0 0.401893 0.366456 0.130809 0.040695 0.347676 0.346108 0.467298 0.348084 0.336489 0.386013 0.464716 0.386804
0 0.403614 0.420387 0.132530 0.045832 0.337349 0.399052 0.466437 0.397471 0.341652 0.443303 0.469880 0.434611
0 0.421687 0.472540 0.154905 0.050573 0.344234 0.456736 0.479346 0.447254 0.360585 0.497827 0.499139 0.484789
0 0.459552 0.527460 0.163511 0.060846 0.377797 0.513631 0.512048 0.497037 0.401033 0.557882 0.541308 0.537337
0 0.511188 0.583366 0.182444 0.058080 0.419966 0.571711 0.568847 0.554326 0.456971 0.612406 0.602410 0.598578
0 0.558089 0.647175 0.164372 0.049783 0.475904 0.629395 0.628227 0.622284 0.480207 0.672066 0.640275 0.668115
0 0.562823 0.712367 0.182444 0.051363 0.479346 0.686685 0.654045 0.690636 0.471601 0.723034 0.648881 0.738048
0 0.543029 0.774990 0.189329 0.066772 0.464716 0.741604 0.637694 0.760569 0.448365 0.785855 0.605852 0.808376
0 0.485370 0.841762 0.211704 0.068352 0.424269 0.807586 0.591222 0.829712 0.379518 0.856183 0.561102 0.875938
0 0.447504 0.896088 0.201377 0.056104 0.377797 0.868036 0.548193 0.887396 0.346816 0.921770 0.534423 0.924141