0 0.447139 0.044561 0.135790 0.028870 0.379243 0.030126 0.515034 0.030962 0.388943 0.058996 0.503395 0.057322
0 0.454413 0.082008 0.097963 0.030126 0.405432 0.066946 0.503395 0.067364 0.406402 0.093305 0.501455 0.097071
0 0.449564 0.128661 0.090204 0.045607 0.414161 0.105858 0.494665 0.108368 0.404462 0.146025 0.480116 0.151464
0 0.443744 0.175941 0.084384 0.029707 0.402522 0.161088 0.485936 0.164435 0.401552 0.186611 0.480116 0.190795
0 0.437439 0.219247 0.095053 0.035146 0.389913 0.204603 0.484966 0.201674 0.398642 0.235983 0.474297 0.236820
0 0.441319 0.264644 0.102813 0.038912 0.397672 0.246862 0.482056 0.245188 0.389913 0.284100 0.492726 0.282845
0 0.446169 0.312343 0.108632 0.041423 0.391853 0.292469 0.493695 0.291632 0.396702 0.333054 0.500485 0.330126
0 0.460233 0.364226 0.113482 0.043933 0.405432 0.344770 0.491756 0.342259 0.403492 0.386192 0.516974 0.382427
0 0.469932 0.417364 0.125121 0.044770 0.414161 0.398745 0.505335 0.394979 0.407371 0.439749 0.532493 0.430544
0 0.493695 0.467992 0.129971 0.044770 0.428710 0.449791 0.525703 0.445607 0.430650 0.490377 0.558681 0.482845
0 0.503880 0.524895 0.138700 0.051464 0.434530 0.503766 0.554801 0.499163 0.436469 0.550628 0.573230 0.538912
0 0.513094 0.576569 0.139670 0.045188 0.443259 0.564435 0.575170 0.553975 0.467507 0.599163 0.582929 0.597071
0 0.543162 0.639958 0.133851 0.047280 0.476237 0.622594 0.608147 0.616318 0.491756 0.663598 0.610087 0.655230
0 0.574685 0.705021 0.152279 0.053556 0.498545 0.683682 0.640155 0.678243 0.511154 0.731799 0.650824 0.727197
0 0.585839 0.776151 0.159069 0.051883 0.512124 0.750628 0.661494 0.750209 0.506305 0.800837 0.665373 0.802092
0 0.581959 0.847699 0.170708 0.054393 0.511154 0.820502 0.667313 0.820921 0.496605 0.872803 0.666343 0.874895
0 0.570805 0.909205 0.183317 0.028452 0.490786 0.894979 0.649854 0.895397 0.479146 0.922176 0.662464 0.923431