0 0.551583 0.069711 0.171604 0.026091 0.465781 0.056665 0.634321 0.058296 0.465781 0.081533 0.637385 0.082756
0 0.547497 0.102120 0.163432 0.024868 0.467824 0.089686 0.629214 0.091317 0.465781 0.110885 0.615935 0.114554
0 0.537794 0.134937 0.164454 0.033428 0.458631 0.118223 0.620020 0.126376 0.455567 0.143905 0.585291 0.151651
0 0.503064 0.181614 0.174668 0.047697 0.457610 0.157766 0.590398 0.169996 0.415730 0.192825 0.555669 0.205463
0 0.465271 0.225234 0.180797 0.037913 0.397344 0.206278 0.555669 0.223400 0.374872 0.231961 0.533197 0.244191
0 0.415730 0.268039 0.181818 0.039543 0.357508 0.248267 0.506639 0.265797 0.324821 0.277619 0.483146 0.287811
0 0.388662 0.315532 0.182840 0.033428 0.321757 0.298818 0.480082 0.300856 0.297242 0.330616 0.465781 0.332246
0 0.378958 0.364859 0.155260 0.043212 0.301328 0.351814 0.451481 0.343253 0.311542 0.386466 0.456588 0.376682
0 0.410112 0.415206 0.170582 0.056665 0.324821 0.401141 0.461696 0.386873 0.358529 0.443539 0.495403 0.418263
0 0.470378 0.461680 0.174668 0.059927 0.383044 0.454953 0.503575 0.431716 0.421859 0.491643 0.557712 0.465552
0 0.551073 0.509580 0.199183 0.066857 0.451481 0.503873 0.584270 0.476152 0.494382 0.543009 0.650664 0.516510
0 0.615424 0.564615 0.184883 0.054627 0.522983 0.554016 0.680286 0.537301 0.536261 0.591928 0.707865 0.572768
0 0.650664 0.621280 0.196118 0.050550 0.552605 0.604566 0.735444 0.596005 0.554648 0.646555 0.748723 0.642071
0 0.651685 0.688952 0.198161 0.039136 0.556691 0.675092 0.750766 0.669384 0.552605 0.699959 0.725230 0.708520
0 0.604188 0.750510 0.197140 0.052996 0.532176 0.724011 0.702758 0.741949 0.505618 0.754994 0.675179 0.777008
0 0.549030 0.810029 0.213483 0.058704 0.479060 0.780677 0.655771 0.801468 0.442288 0.816959 0.596527 0.839380
0 0.466803 0.877701 0.232891 0.065226 0.407559 0.845088 0.583248 0.864248 0.350358 0.897676 0.543412 0.910314