0 0.464427 0.051762 0.351779 0.043319 0.306324 0.030103 0.640316 0.046256 0.288538 0.052129 0.624506 0.073421
0 0.475296 0.098018 0.322134 0.034508 0.314229 0.080764 0.622530 0.085169 0.328063 0.112335 0.636364 0.115272
0 0.494071 0.146109 0.308300 0.036711 0.343874 0.127753 0.642292 0.129222 0.339921 0.161527 0.648221 0.164464
0 0.585968 0.183554 0.239130 0.033774 0.468379 0.179148 0.705534 0.166667 0.466403 0.187959 0.687747 0.200441
0 0.537549 0.218429 0.312253 0.059471 0.397233 0.188693 0.693676 0.216593 0.381423 0.214391 0.664032 0.248164
0 0.598814 0.278267 0.185771 0.035242 0.505929 0.260646 0.691700 0.265786 0.511858 0.279001 0.691700 0.295888
0 0.483202 0.303598 0.278656 0.071219 0.373518 0.267988 0.622530 0.312775 0.343874 0.289280 0.573123 0.339207
0 0.438735 0.347651 0.276680 0.069750 0.306324 0.312775 0.577075 0.351689 0.300395 0.339207 0.559289 0.382526
0 0.388340 0.386197 0.274704 0.038179 0.270751 0.367107 0.525692 0.395007 0.250988 0.397210 0.519763 0.405286
0 0.397233 0.433554 0.312253 0.038913 0.241107 0.418502 0.523715 0.414097 0.256917 0.453010 0.553360 0.433187
0 0.408103 0.482012 0.326087 0.058003 0.245059 0.479442 0.561265 0.453010 0.252964 0.511013 0.571146 0.488253
0 0.443676 0.542584 0.337945 0.058737 0.274704 0.541116 0.588933 0.513216 0.294466 0.571953 0.612648 0.548458
0 0.472332 0.611601 0.347826 0.058737 0.298419 0.604258 0.622530 0.582232 0.300395 0.640969 0.646245 0.619677
0 0.490119 0.680250 0.347826 0.053598 0.316206 0.676946 0.664032 0.653451 0.326087 0.707048 0.658103 0.687959
0 0.527668 0.750000 0.355731 0.047724 0.355731 0.743759 0.687747 0.726138 0.349802 0.773862 0.705534 0.765051
0 0.551383 0.832599 0.351779 0.051395 0.387352 0.817181 0.727273 0.806902 0.375494 0.858297 0.717391 0.843612
0 0.569170 0.907856 0.363636 0.041850 0.387352 0.886931 0.750988 0.889134 0.391304 0.922907 0.735178 0.928781