0 0.480411 0.061233 0.114594 0.035785 0.423115 0.044135 0.528893 0.043340 0.428012 0.079125 0.537708 0.079125
0 0.483839 0.103181 0.119491 0.027435 0.424094 0.089463 0.543585 0.090258 0.428012 0.112525 0.539667 0.116899
0 0.473555 0.144533 0.128306 0.040954 0.429971 0.124056 0.537708 0.129225 0.409403 0.155070 0.523017 0.165010
0 0.449070 0.186481 0.134182 0.042942 0.402547 0.165010 0.516161 0.175746 0.381978 0.192843 0.483839 0.207952
0 0.411851 0.231213 0.136141 0.046521 0.369246 0.207952 0.479922 0.219085 0.343781 0.242147 0.450539 0.254473
0 0.367777 0.276143 0.149853 0.042545 0.332027 0.254871 0.442703 0.261233 0.292850 0.290258 0.429971 0.297415
0 0.356513 0.321670 0.135162 0.037376 0.292850 0.302982 0.424094 0.306958 0.288932 0.340358 0.413320 0.339960
0 0.349657 0.371173 0.123408 0.044135 0.287953 0.355070 0.407444 0.349105 0.304603 0.393241 0.411361 0.382505
0 0.377081 0.414513 0.127326 0.046521 0.313418 0.404771 0.416259 0.391252 0.343781 0.437773 0.440744 0.417495
0 0.440255 0.456064 0.149853 0.049304 0.365328 0.450497 0.460333 0.431412 0.407444 0.480716 0.515181 0.460040
0 0.541136 0.498410 0.167483 0.067197 0.457395 0.494632 0.562194 0.464811 0.507346 0.532008 0.624878 0.499801
0 0.625857 0.553678 0.188051 0.071173 0.531832 0.547117 0.681685 0.518091 0.571009 0.589264 0.719882 0.563022
0 0.682664 0.612525 0.191969 0.051292 0.586680 0.598012 0.761998 0.586879 0.593536 0.635388 0.778648 0.638171
0 0.686582 0.685089 0.209598 0.066004 0.603330 0.652087 0.791381 0.667992 0.581783 0.701392 0.770813 0.718091
0 0.626836 0.759245 0.256611 0.086282 0.566112 0.716103 0.755142 0.749105 0.498531 0.764215 0.687561 0.802386
0 0.553379 0.829821 0.244858 0.092247 0.487757 0.783698 0.675808 0.825845 0.430950 0.832207 0.616063 0.875944
0 0.471107 0.898807 0.238981 0.066402 0.402547 0.865606 0.590597 0.887475 0.351616 0.921272 0.575906 0.932008