0 0.439975 0.036832 0.219059 0.027863 0.330446 0.029771 0.533416 0.022901 0.342822 0.050763 0.549505 0.045038
0 0.451733 0.069084 0.188119 0.029008 0.357673 0.060687 0.540842 0.054580 0.375000 0.083588 0.545792 0.080916
0 0.465347 0.104580 0.170792 0.027481 0.379950 0.091221 0.542079 0.090840 0.391089 0.117557 0.550743 0.118321
0 0.473391 0.141985 0.154703 0.032061 0.396040 0.125954 0.547030 0.127481 0.397277 0.156489 0.550743 0.158015
0 0.475248 0.187214 0.193069 0.034733 0.403465 0.169847 0.571782 0.170229 0.378713 0.204580 0.568069 0.203053
0 0.462871 0.245229 0.210396 0.053053 0.365099 0.218702 0.561881 0.219084 0.357673 0.271756 0.568069 0.271756
0 0.467203 0.311260 0.206683 0.046183 0.363861 0.290076 0.556931 0.288168 0.363861 0.334351 0.570545 0.327481
0 0.482673 0.361832 0.230198 0.047328 0.373762 0.342748 0.563119 0.338168 0.367574 0.385496 0.597772 0.385496
0 0.487005 0.418702 0.226485 0.037405 0.387376 0.401145 0.600248 0.400000 0.373762 0.434733 0.592822 0.437405
0 0.471535 0.466221 0.240099 0.036260 0.378713 0.448092 0.591584 0.448092 0.351485 0.483588 0.581683 0.484351
0 0.449876 0.517557 0.263614 0.041221 0.345297 0.496947 0.581683 0.502672 0.318069 0.532061 0.574257 0.538168
0 0.432550 0.567939 0.261139 0.042748 0.314356 0.546565 0.563119 0.550000 0.301980 0.586641 0.559406 0.589313
0 0.439356 0.621947 0.240099 0.037786 0.319307 0.604198 0.554455 0.603053 0.340347 0.640840 0.559406 0.637023
0 0.451114 0.667748 0.228960 0.037023 0.336634 0.654962 0.565594 0.649237 0.344059 0.686260 0.563119 0.685115
0 0.472772 0.737595 0.232673 0.056107 0.356436 0.709542 0.554455 0.709542 0.362624 0.762214 0.589109 0.765649
0 0.475248 0.808969 0.264851 0.051527 0.342822 0.787023 0.590347 0.783206 0.367574 0.834733 0.607673 0.834733
0 0.470297 0.884351 0.274752 0.047328 0.361386 0.860687 0.599010 0.860687 0.332921 0.908015 0.607673 0.904580