0 0.526230 0.080517 0.222951 0.036183 0.422951 0.062425 0.637705 0.064414 0.414754 0.094632 0.637705 0.098608
0 0.513934 0.124254 0.204918 0.040954 0.432787 0.103777 0.616393 0.105765 0.411475 0.134791 0.585246 0.144732
0 0.481148 0.167992 0.188525 0.040159 0.401639 0.147913 0.575410 0.155070 0.386885 0.179324 0.563934 0.188072
0 0.452459 0.206759 0.203279 0.033400 0.385246 0.190060 0.554098 0.195229 0.350820 0.220676 0.504918 0.223459
0 0.403279 0.250895 0.209836 0.034195 0.331148 0.233797 0.506557 0.235785 0.298361 0.263618 0.508197 0.267992
0 0.399180 0.296819 0.211475 0.036978 0.319672 0.278330 0.503279 0.280318 0.293443 0.315308 0.504918 0.314513
0 0.405738 0.344732 0.214754 0.036581 0.298361 0.326441 0.504918 0.326441 0.306557 0.363022 0.513115 0.359046
0 0.434426 0.394036 0.239344 0.049304 0.314754 0.380915 0.519672 0.369384 0.322951 0.418688 0.554098 0.407555
0 0.479508 0.442942 0.244262 0.044533 0.357377 0.429821 0.555738 0.420676 0.368852 0.465209 0.601639 0.454076
0 0.511475 0.492247 0.268852 0.043738 0.377049 0.476342 0.591803 0.470378 0.403279 0.514115 0.645902 0.502585
0 0.582787 0.549702 0.267213 0.057654 0.449180 0.531213 0.673770 0.520875 0.454098 0.578529 0.716393 0.575348
0 0.591803 0.613320 0.268852 0.044135 0.457377 0.592843 0.726229 0.591253 0.481967 0.634195 0.726229 0.635388
0 0.591803 0.670577 0.268852 0.043340 0.475410 0.648907 0.726229 0.652485 0.457377 0.683101 0.708197 0.692246
0 0.554918 0.732008 0.306557 0.054076 0.459016 0.704970 0.708197 0.713718 0.401639 0.745924 0.672131 0.759046
0 0.500000 0.800000 0.360656 0.061233 0.360656 0.769384 0.680328 0.784493 0.319672 0.815109 0.652459 0.830616
0 0.468852 0.863817 0.373771 0.043340 0.311475 0.842147 0.655738 0.851292 0.281967 0.878728 0.652459 0.885487
0 0.447541 0.926044 0.344262 0.036581 0.277049 0.907753 0.619672 0.907753 0.275410 0.942744 0.614754 0.944334