0 0.513467 0.104677 0.123371 0.024519 0.451781 0.092418 0.575152 0.093550 0.463076 0.116560 0.571677 0.116937
0 0.517811 0.142022 0.114683 0.027537 0.460469 0.128253 0.575152 0.129008 0.467420 0.155036 0.566464 0.155790
0 0.516507 0.185590 0.105126 0.038476 0.463944 0.166352 0.569070 0.168616 0.463944 0.201056 0.562989 0.204828
0 0.506950 0.232365 0.108601 0.036967 0.456125 0.213882 0.561251 0.214636 0.452650 0.247077 0.544744 0.250849
0 0.489140 0.280837 0.099044 0.038853 0.440487 0.261411 0.538662 0.264051 0.439618 0.300264 0.533449 0.297246
0 0.487837 0.328744 0.099913 0.040362 0.440487 0.311203 0.537793 0.308563 0.437880 0.348925 0.537793 0.345907
0 0.495656 0.380422 0.112076 0.046398 0.439618 0.359864 0.540400 0.357224 0.441355 0.403621 0.551694 0.394191
0 0.519548 0.429461 0.135534 0.050924 0.451781 0.415692 0.557776 0.403998 0.469157 0.454923 0.587315 0.444738
0 0.555169 0.482459 0.163336 0.055074 0.473501 0.472275 0.600348 0.454923 0.507385 0.509996 0.636838 0.491890
0 0.621199 0.529989 0.178975 0.046775 0.531712 0.522822 0.668984 0.506601 0.563857 0.553376 0.710686 0.536024
0 0.646394 0.584119 0.165074 0.043380 0.567333 0.563938 0.728931 0.562429 0.563857 0.590720 0.728931 0.605809
0 0.641182 0.629008 0.177237 0.041871 0.559513 0.608072 0.729800 0.625424 0.552563 0.640136 0.720243 0.649943
0 0.618593 0.690306 0.203301 0.074689 0.549088 0.652961 0.720243 0.670690 0.516942 0.680121 0.685491 0.727650
0 0.564726 0.758016 0.222415 0.083365 0.503910 0.716333 0.675934 0.751415 0.453519 0.764994 0.629018 0.799698
0 0.507385 0.814598 0.201564 0.069031 0.436142 0.780083 0.608167 0.811015 0.406603 0.816673 0.567333 0.849114
0 0.463076 0.865145 0.205039 0.054696 0.387489 0.837797 0.565595 0.863825 0.360556 0.869483 0.529974 0.892493
0 0.393136 0.923048 0.230235 0.076952 0.328410 0.884572 0.508254 0.916635 0.278019 0.910977 0.482189 0.961524