0 0.521906 0.039490 0.180723 0.029670 0.433735 0.027163 0.610077 0.024655 0.431544 0.054325 0.612267 0.051818
0 0.523549 0.082115 0.166484 0.038863 0.440307 0.065190 0.606791 0.062683 0.445783 0.096114 0.600219 0.101546
0 0.512048 0.128500 0.161008 0.046385 0.443593 0.105307 0.592552 0.114501 0.431544 0.139574 0.578313 0.151692
0 0.482475 0.173005 0.187295 0.051818 0.431544 0.147096 0.576123 0.159632 0.388828 0.182616 0.543264 0.198913
0 0.446331 0.215211 0.182913 0.052654 0.383352 0.188884 0.537787 0.206853 0.354874 0.226076 0.500548 0.241538
0 0.408543 0.260969 0.173056 0.048057 0.348302 0.236941 0.495071 0.248642 0.322015 0.271208 0.476451 0.284998
0 0.384447 0.307564 0.164294 0.043460 0.314348 0.285834 0.466594 0.292938 0.302300 0.326786 0.460022 0.329294
0 0.391566 0.356665 0.178532 0.045550 0.302300 0.339323 0.462212 0.333891 0.307777 0.379440 0.480832 0.367739
0 0.412377 0.406185 0.185104 0.053489 0.319825 0.393648 0.483023 0.379440 0.350493 0.432929 0.504929 0.415796
0 0.464951 0.455913 0.209200 0.062683 0.360350 0.443794 0.516977 0.424572 0.385542 0.487255 0.569551 0.463853
0 0.515882 0.508985 0.225630 0.065190 0.403067 0.501045 0.578313 0.476389 0.417306 0.541580 0.628697 0.519014
0 0.550383 0.566235 0.233297 0.063519 0.433735 0.559131 0.635268 0.534476 0.462212 0.597994 0.667032 0.580861
0 0.587076 0.625575 0.249726 0.051818 0.462212 0.608859 0.681271 0.599666 0.476451 0.651483 0.711939 0.646051
0 0.588171 0.694108 0.243154 0.052654 0.483023 0.667781 0.709748 0.671542 0.466594 0.709570 0.704272 0.720435
0 0.565717 0.760970 0.255203 0.061011 0.457831 0.730464 0.693319 0.744254 0.438116 0.775178 0.661555 0.791475
0 0.518072 0.831801 0.249726 0.068115 0.419496 0.797743 0.642935 0.818638 0.393209 0.844965 0.621030 0.865859
0 0.459474 0.899499 0.270537 0.068115 0.364732 0.865441 0.594743 0.884664 0.324206 0.914333 0.580504 0.933556