0 0.501195 0.109510 0.141833 0.027378 0.430279 0.095821 0.572112 0.095821 0.432669 0.121037 0.566534 0.123199
0 0.501992 0.146073 0.127490 0.029179 0.438247 0.131484 0.565737 0.134726 0.441434 0.156700 0.562550 0.160663
0 0.499203 0.184438 0.113944 0.030980 0.442231 0.168948 0.556175 0.172190 0.446215 0.192363 0.549004 0.199928
0 0.491235 0.226405 0.107570 0.035663 0.440637 0.208573 0.545020 0.216859 0.437450 0.239553 0.538645 0.244236
0 0.472510 0.268192 0.125896 0.036383 0.424701 0.250000 0.535458 0.255403 0.409562 0.283501 0.535458 0.286383
0 0.476892 0.323127 0.123506 0.041066 0.415139 0.304395 0.529880 0.302594 0.423108 0.343660 0.538645 0.336455
0 0.499602 0.374099 0.122709 0.045749 0.438247 0.357709 0.544223 0.351225 0.450996 0.396974 0.560956 0.379683
0 0.530677 0.420389 0.132271 0.056196 0.464542 0.409222 0.568128 0.392291 0.500398 0.448487 0.596813 0.426153
0 0.586056 0.463256 0.142629 0.055476 0.514741 0.459294 0.617530 0.435519 0.553785 0.490994 0.657371 0.465418
0 0.653785 0.508285 0.164940 0.067003 0.571315 0.507565 0.685259 0.474784 0.611952 0.541787 0.736255 0.511888
0 0.707171 0.556556 0.174502 0.055476 0.619920 0.557277 0.765737 0.528818 0.635857 0.584294 0.794422 0.577450
0 0.727490 0.618336 0.183267 0.042867 0.635857 0.596902 0.819124 0.597622 0.641434 0.621398 0.804781 0.639769
0 0.695618 0.666967 0.200797 0.066643 0.634263 0.633646 0.796016 0.666427 0.595219 0.664625 0.733865 0.700288
0 0.596016 0.708934 0.184861 0.069885 0.576096 0.673991 0.688446 0.716499 0.503586 0.703891 0.618327 0.743876
0 0.484861 0.748739 0.179283 0.063040 0.457371 0.717219 0.574502 0.750360 0.395219 0.748199 0.503586 0.780259
0 0.400398 0.800432 0.171315 0.056916 0.351394 0.771974 0.486056 0.798271 0.314741 0.816643 0.461355 0.828891
0 0.372510 0.863293 0.172908 0.044308 0.293227 0.841138 0.455777 0.846542 0.286056 0.885447 0.458964 0.884366