0 0.491504 0.058177 0.126593 0.039986 0.428207 0.050793 0.539507 0.038184 0.444350 0.078170 0.554800 0.064842
0 0.524214 0.094561 0.120646 0.038545 0.463891 0.087896 0.565845 0.075288 0.477485 0.113833 0.584537 0.099784
0 0.558199 0.130403 0.135939 0.036023 0.490229 0.125000 0.602379 0.112392 0.493628 0.147334 0.626168 0.148415
0 0.562022 0.186780 0.167375 0.042147 0.488530 0.165706 0.645709 0.167507 0.478335 0.195245 0.625319 0.207853
0 0.535684 0.229107 0.170773 0.049712 0.470688 0.204251 0.621071 0.221902 0.450297 0.233429 0.587935 0.253963
0 0.488105 0.273775 0.165675 0.054755 0.435004 0.246398 0.570943 0.266931 0.405268 0.274135 0.523364 0.301153
0 0.428632 0.309618 0.153781 0.052233 0.387426 0.283501 0.505522 0.305476 0.351742 0.315922 0.457944 0.335735
0 0.372982 0.350684 0.154630 0.041427 0.325404 0.329971 0.450297 0.348703 0.295667 0.365634 0.424809 0.371398
0 0.349193 0.399676 0.142736 0.042867 0.282073 0.378242 0.420561 0.384366 0.277825 0.421109 0.419711 0.416787
0 0.360238 0.455331 0.166525 0.048271 0.276975 0.440562 0.423959 0.431196 0.299065 0.479467 0.443500 0.465418
0 0.400595 0.508826 0.172472 0.061599 0.314359 0.499640 0.452846 0.478026 0.347494 0.539625 0.486831 0.516571
0 0.460918 0.562860 0.189465 0.064481 0.366185 0.559438 0.508921 0.530620 0.417162 0.595101 0.555650 0.573487
0 0.535259 0.626981 0.193713 0.064481 0.438403 0.614914 0.598980 0.594741 0.479184 0.659222 0.632116 0.641571
0 0.576466 0.696506 0.187766 0.059438 0.482583 0.673271 0.653356 0.666787 0.497876 0.726225 0.670348 0.715418
0 0.578590 0.769272 0.209006 0.052954 0.489380 0.742795 0.683093 0.746037 0.474087 0.787824 0.673747 0.795749
0 0.553526 0.826009 0.237043 0.054035 0.463891 0.798991 0.672048 0.807637 0.435004 0.838977 0.640612 0.853026
0 0.527613 0.880223 0.237893 0.062320 0.419711 0.849063 0.646559 0.863833 0.408666 0.896974 0.625319 0.911383