0 0.540601 0.041772 0.169077 0.024473 0.456062 0.029958 0.625139 0.029536 0.463849 0.053165 0.616240 0.054008
0 0.537264 0.076371 0.157953 0.032911 0.458287 0.059916 0.616240 0.063713 0.468298 0.088186 0.616240 0.092827
0 0.535595 0.116456 0.147942 0.043038 0.468298 0.094937 0.609566 0.101266 0.461624 0.127848 0.590656 0.137975
0 0.500000 0.166456 0.172414 0.059494 0.450501 0.136709 0.586207 0.147257 0.413793 0.181013 0.551724 0.196203
0 0.455506 0.217722 0.176863 0.054008 0.403782 0.190717 0.543938 0.207173 0.367075 0.223629 0.516129 0.244726
0 0.421023 0.264557 0.185762 0.057384 0.368187 0.235865 0.513904 0.251899 0.328142 0.278059 0.477197 0.293249
0 0.387097 0.311603 0.171301 0.046835 0.324805 0.288186 0.472748 0.297890 0.301446 0.329958 0.457175 0.335021
0 0.377642 0.362658 0.179088 0.042616 0.295884 0.341772 0.456062 0.341350 0.288098 0.383544 0.467186 0.383966
0 0.392659 0.418354 0.191324 0.053586 0.296997 0.397890 0.464961 0.391561 0.305895 0.445148 0.488320 0.434177
0 0.423248 0.469409 0.212458 0.060338 0.317019 0.453165 0.492770 0.439241 0.358176 0.499578 0.529477 0.478903
0 0.489433 0.518143 0.235818 0.066667 0.371524 0.508861 0.537264 0.484810 0.403782 0.551477 0.607341 0.521519
0 0.553393 0.568354 0.292547 0.075949 0.409344 0.555274 0.612903 0.530380 0.407119 0.606329 0.699666 0.586498
0 0.562291 0.629958 0.270300 0.059072 0.450501 0.608861 0.688543 0.600422 0.427141 0.655696 0.697442 0.659494
0 0.575640 0.694937 0.245829 0.062447 0.463849 0.663713 0.698554 0.669198 0.452725 0.713080 0.686318 0.726160
0 0.546719 0.753165 0.268076 0.079325 0.452725 0.713502 0.680756 0.741772 0.412681 0.761603 0.649611 0.792827
0 0.484427 0.821308 0.288098 0.082278 0.385984 0.780169 0.628476 0.808439 0.340378 0.829958 0.588432 0.862447
0 0.427141 0.888608 0.295884 0.081013 0.309232 0.848101 0.575083 0.872996 0.279199 0.900422 0.535039 0.929114