0 0.498808 0.044232 0.179976 0.028129 0.414780 0.030167 0.588796 0.033021 0.408820 0.055442 0.568534 0.058296
0 0.472586 0.083367 0.158522 0.032205 0.405244 0.067265 0.551847 0.071749 0.393325 0.093763 0.549464 0.099470
0 0.465435 0.121484 0.146603 0.029352 0.393325 0.106808 0.538737 0.109662 0.392134 0.131268 0.532777 0.136160
0 0.446961 0.163881 0.138260 0.031798 0.383790 0.147982 0.516091 0.151651 0.377831 0.174480 0.512515 0.179780
0 0.434446 0.211781 0.137068 0.046066 0.368296 0.188748 0.502980 0.194048 0.365912 0.234407 0.494636 0.234815
0 0.435638 0.265593 0.146603 0.033021 0.362336 0.249083 0.494636 0.249490 0.363528 0.282104 0.508939 0.278842
0 0.436234 0.316347 0.164482 0.041582 0.369487 0.296779 0.505364 0.295556 0.353993 0.337138 0.518474 0.336731
0 0.427294 0.371382 0.172825 0.042397 0.363528 0.350183 0.508939 0.350183 0.340882 0.390542 0.513707 0.392581
0 0.418951 0.430493 0.170441 0.050550 0.338498 0.405626 0.504172 0.405218 0.333731 0.455768 0.502980 0.455768
0 0.418951 0.486955 0.182360 0.042805 0.333731 0.470852 0.499404 0.465552 0.327771 0.508357 0.510131 0.499796
0 0.441001 0.544028 0.216925 0.052589 0.332539 0.530779 0.510131 0.517733 0.367104 0.570322 0.549464 0.555238
0 0.505959 0.607012 0.230036 0.061965 0.390942 0.603751 0.564958 0.576029 0.443385 0.637994 0.620977 0.605381
0 0.560191 0.664696 0.214541 0.041989 0.452920 0.659193 0.648391 0.643702 0.481526 0.685691 0.667461 0.678353
0 0.583433 0.718100 0.201430 0.040359 0.489869 0.702405 0.684148 0.697921 0.482718 0.734611 0.680572 0.738280
0 0.576877 0.776396 0.207390 0.048512 0.499404 0.752140 0.680572 0.763147 0.473182 0.784346 0.654350 0.800652
0 0.502384 0.847126 0.263409 0.069303 0.454112 0.812475 0.634088 0.830819 0.370679 0.856502 0.586412 0.881777
0 0.444577 0.913371 0.243147 0.050958 0.350417 0.887892 0.566150 0.904607 0.323004 0.929882 0.518474 0.938850