0 0.491844 0.027055 0.213300 0.010985 0.385194 0.021562 0.598494 0.025224 0.385194 0.030513 0.598494 0.032547
0 0.491217 0.046989 0.199498 0.018308 0.391468 0.037836 0.590966 0.040277 0.405270 0.054923 0.574655 0.056143
0 0.489962 0.075061 0.171895 0.019935 0.404015 0.065094 0.575910 0.065500 0.409034 0.085028 0.575910 0.085028
0 0.501255 0.110862 0.169385 0.031326 0.416562 0.095199 0.585947 0.096420 0.416562 0.122864 0.582183 0.126526
0 0.497491 0.154597 0.194479 0.034988 0.407779 0.137103 0.594730 0.138731 0.400251 0.166802 0.575910 0.172091
0 0.481179 0.207893 0.209536 0.053702 0.397742 0.181041 0.583438 0.187551 0.376412 0.228234 0.585947 0.234744
0 0.471142 0.269935 0.222083 0.056550 0.372647 0.241660 0.582183 0.246542 0.360100 0.294142 0.572146 0.298210
0 0.462986 0.326688 0.248432 0.047193 0.355082 0.303092 0.572146 0.305533 0.338770 0.346623 0.587202 0.350285
0 0.461731 0.382221 0.260979 0.052482 0.331242 0.356794 0.579674 0.355980 0.340025 0.408462 0.592221 0.406835
0 0.469260 0.441416 0.298620 0.055330 0.335006 0.416192 0.598494 0.413751 0.319950 0.469081 0.618570 0.465419
0 0.447930 0.501627 0.303639 0.051261 0.335006 0.475997 0.599749 0.477217 0.296110 0.525631 0.594730 0.527258
0 0.443538 0.561839 0.329987 0.056957 0.302384 0.537022 0.588457 0.533360 0.278545 0.590317 0.608532 0.586249
0 0.430364 0.623271 0.353827 0.055330 0.269762 0.599675 0.575910 0.595606 0.253450 0.650936 0.607277 0.641578
0 0.420326 0.694264 0.333752 0.063059 0.258469 0.673312 0.570891 0.662734 0.253450 0.725793 0.587202 0.717250
0 0.446675 0.766273 0.376412 0.073637 0.258469 0.743694 0.587202 0.729455 0.282309 0.803092 0.634881 0.787632
0 0.489962 0.842351 0.380176 0.077705 0.299875 0.824654 0.644918 0.803499 0.327478 0.881204 0.680050 0.867779
0 0.514429 0.912531 0.381430 0.065907 0.323714 0.895443 0.676286 0.879577 0.343789 0.945484 0.705144 0.936127