0 0.492431 0.069409 0.154210 0.034177 0.415326 0.052321 0.552507 0.053165 0.418165 0.083966 0.569536 0.086498
0 0.491012 0.115612 0.147588 0.038819 0.417219 0.096203 0.564806 0.098734 0.419111 0.122785 0.556291 0.135021
0 0.465468 0.161603 0.168401 0.045570 0.421949 0.138819 0.549669 0.155274 0.381268 0.163291 0.517502 0.184388
0 0.408704 0.200844 0.168401 0.051477 0.368969 0.175105 0.492904 0.199578 0.324503 0.196203 0.454115 0.226582
0 0.348155 0.234810 0.164617 0.049367 0.315043 0.210127 0.430464 0.235865 0.265847 0.238819 0.397351 0.259494
0 0.302271 0.273629 0.144749 0.043460 0.260170 0.251899 0.374645 0.273418 0.229896 0.287342 0.357616 0.295359
0 0.286187 0.322574 0.140965 0.035021 0.215705 0.305063 0.355724 0.309705 0.215705 0.340084 0.356670 0.338397
0 0.300851 0.373207 0.140019 0.047679 0.230842 0.360759 0.365184 0.349367 0.236518 0.397046 0.370861 0.380591
0 0.335856 0.423207 0.153264 0.062447 0.259224 0.415612 0.385998 0.391983 0.290445 0.454430 0.412488 0.427848
0 0.390728 0.473629 0.177862 0.068776 0.301798 0.468776 0.435194 0.439241 0.363292 0.508017 0.479659 0.478059
0 0.479659 0.521519 0.147588 0.065823 0.405866 0.518143 0.518448 0.488608 0.438978 0.554430 0.553453 0.526582
0 0.548250 0.576793 0.180700 0.071730 0.457900 0.575527 0.598865 0.540928 0.493851 0.612658 0.638600 0.577215
0 0.609272 0.636287 0.177862 0.069198 0.520341 0.632489 0.664144 0.601688 0.532640 0.670886 0.698202 0.651055
0 0.642384 0.706329 0.200568 0.055696 0.542100 0.687342 0.719016 0.678481 0.551561 0.734177 0.742668 0.726582
0 0.644749 0.777637 0.209082 0.047257 0.551561 0.754008 0.740776 0.754008 0.540208 0.793671 0.749290 0.801266
0 0.636708 0.841561 0.211921 0.035021 0.532640 0.824051 0.742668 0.826160 0.530747 0.859072 0.736991 0.850211
0 0.623463 0.896835 0.225166 0.042616 0.518448 0.875527 0.735099 0.875949 0.510880 0.917300 0.736045 0.918143