0 0.671991 0.042626 0.187433 0.035806 0.578275 0.024723 0.765708 0.026854 0.579340 0.057118 0.745474 0.060529
0 0.666667 0.085038 0.168264 0.035379 0.582535 0.067349 0.750799 0.069480 0.588924 0.102728 0.747604 0.101876
0 0.669862 0.134697 0.151225 0.041773 0.594249 0.115516 0.742279 0.113811 0.594249 0.155158 0.745474 0.155584
0 0.672524 0.183930 0.150160 0.043052 0.607029 0.164962 0.747604 0.162404 0.597444 0.205030 0.745474 0.205456
0 0.673589 0.232737 0.150160 0.041773 0.607029 0.212276 0.747604 0.211850 0.598509 0.247656 0.748669 0.253623
0 0.661874 0.278986 0.171459 0.047315 0.598509 0.255328 0.747604 0.265558 0.576145 0.286445 0.735889 0.302643
0 0.630458 0.328431 0.185304 0.055840 0.566560 0.300512 0.723110 0.317988 0.537806 0.332055 0.683706 0.356351
0 0.587859 0.372762 0.183174 0.060955 0.533546 0.342285 0.679446 0.363598 0.496273 0.380222 0.645367 0.403240
0 0.544728 0.417306 0.186368 0.063086 0.492013 0.385763 0.637913 0.412617 0.451544 0.419011 0.588924 0.448849
0 0.457401 0.456309 0.228967 0.066070 0.420660 0.423274 0.571885 0.458227 0.342918 0.452259 0.505857 0.489344
0 0.370075 0.500000 0.226837 0.073316 0.325879 0.463342 0.483493 0.502131 0.256656 0.500853 0.417465 0.536658
0 0.290735 0.551790 0.230032 0.072038 0.230032 0.515772 0.405751 0.546036 0.175719 0.560529 0.362087 0.587809
0 0.235357 0.614876 0.242812 0.072038 0.154420 0.578858 0.356762 0.597613 0.113951 0.631714 0.320554 0.650895
0 0.211395 0.688832 0.209798 0.064791 0.106496 0.656437 0.316294 0.658994 0.110756 0.721228 0.300319 0.711424
0 0.232694 0.761935 0.233227 0.085678 0.116081 0.744672 0.302449 0.719096 0.162939 0.804774 0.349308 0.775789
0 0.307774 0.832694 0.240682 0.097613 0.187433 0.824382 0.350373 0.783887 0.267306 0.881500 0.428115 0.837596
0 0.428647 0.901961 0.260916 0.093777 0.298190 0.903240 0.454739 0.855072 0.404686 0.948849 0.559105 0.895141