0 0.557843 0.045916 0.192157 0.035561 0.465686 0.028136 0.653922 0.034388 0.461765 0.051583 0.632353 0.063697
0 0.542647 0.085385 0.175490 0.051973 0.463725 0.059398 0.630392 0.071903 0.454902 0.092224 0.606863 0.111372
0 0.512255 0.132669 0.179412 0.058226 0.446078 0.103556 0.601961 0.122704 0.422549 0.135209 0.559804 0.161782
0 0.448529 0.177218 0.197059 0.068386 0.414706 0.143025 0.547059 0.173114 0.350000 0.176241 0.494118 0.211411
0 0.384804 0.215709 0.204902 0.067214 0.344118 0.182102 0.487255 0.216100 0.282353 0.216882 0.425490 0.249316
0 0.303431 0.255959 0.204902 0.066432 0.269608 0.222743 0.405882 0.258304 0.200980 0.255178 0.350000 0.289175
0 0.231863 0.293865 0.199020 0.059398 0.189216 0.264166 0.331373 0.296209 0.132353 0.305979 0.275490 0.323564
0 0.193137 0.344275 0.182353 0.050020 0.119608 0.319265 0.283333 0.336069 0.101961 0.365377 0.284314 0.369285
0 0.194608 0.401915 0.185294 0.051192 0.101961 0.381399 0.287255 0.376319 0.113725 0.427511 0.283333 0.414224
0 0.240686 0.454084 0.234314 0.070340 0.123529 0.443923 0.290196 0.418914 0.170588 0.489254 0.357843 0.455647
0 0.323529 0.505080 0.254902 0.083236 0.196078 0.502149 0.365686 0.463462 0.262745 0.546698 0.450980 0.499805
0 0.430882 0.555881 0.269608 0.094959 0.296078 0.559594 0.468627 0.508402 0.353922 0.603361 0.565686 0.555686
0 0.512255 0.615475 0.281373 0.093787 0.371569 0.613521 0.577451 0.568581 0.435294 0.662368 0.652941 0.622118
0 0.579412 0.681516 0.268627 0.077374 0.445098 0.670965 0.674510 0.642829 0.471569 0.720203 0.713726 0.699101
0 0.607353 0.756350 0.277451 0.062134 0.468627 0.734662 0.727451 0.725283 0.478431 0.787417 0.746078 0.784291
0 0.599510 0.839586 0.287255 0.066041 0.471569 0.806565 0.743137 0.810082 0.455882 0.862055 0.731373 0.872607
0 0.566176 0.915592 0.312745 0.078156 0.439216 0.876514 0.722549 0.892536 0.409804 0.928878 0.699020 0.954670