0 0.460897 0.038649 0.150156 0.026851 0.385819 0.029292 0.527633 0.025224 0.392075 0.052075 0.535975 0.048413
0 0.473410 0.076688 0.143900 0.032140 0.401460 0.066314 0.538060 0.060618 0.408759 0.092758 0.545360 0.086249
0 0.490615 0.117575 0.130344 0.026037 0.425443 0.109845 0.552659 0.104557 0.426486 0.130594 0.555787 0.126119
0 0.500000 0.158869 0.128259 0.028885 0.435871 0.148088 0.564129 0.144426 0.444213 0.172905 0.564129 0.173312
0 0.503128 0.206876 0.140772 0.037022 0.443170 0.188365 0.572471 0.189992 0.432742 0.223759 0.573514 0.225387
0 0.494786 0.253051 0.144943 0.038242 0.427529 0.233930 0.567258 0.238405 0.422315 0.266884 0.558916 0.272173
0 0.486444 0.303906 0.142857 0.034174 0.424400 0.288446 0.547445 0.286819 0.415016 0.318552 0.557873 0.320993
0 0.480188 0.353946 0.144943 0.033360 0.418144 0.338893 0.548488 0.337266 0.407716 0.370627 0.552659 0.365745
0 0.495308 0.401546 0.168926 0.043124 0.413973 0.386086 0.558916 0.379984 0.410845 0.423108 0.579771 0.415785
0 0.520334 0.453011 0.193952 0.052482 0.423358 0.436127 0.572471 0.426770 0.444213 0.479251 0.617310 0.466640
0 0.546403 0.507120 0.175182 0.052482 0.458811 0.490643 0.599583 0.480879 0.461940 0.533360 0.633994 0.519528
0 0.569864 0.564687 0.190824 0.054516 0.474453 0.549634 0.641293 0.537429 0.493222 0.591945 0.665276 0.580960
0 0.594891 0.632425 0.176225 0.052482 0.506778 0.609845 0.671533 0.606184 0.509906 0.658666 0.683003 0.654597
0 0.592805 0.701587 0.184567 0.050041 0.518248 0.676566 0.685089 0.683076 0.500521 0.719284 0.673618 0.726607
0 0.568300 0.766477 0.206465 0.057771 0.494265 0.737592 0.671533 0.756306 0.465068 0.781123 0.641293 0.795362
0 0.520855 0.835232 0.220021 0.057771 0.450469 0.806347 0.630866 0.823434 0.410845 0.844996 0.597497 0.864117
0 0.456204 0.902156 0.242961 0.063873 0.374348 0.870220 0.577685 0.885273 0.334724 0.921074 0.565172 0.934093