0 0.527190 0.034135 0.188318 0.036496 0.435045 0.015887 0.621349 0.022327 0.433031 0.042937 0.614300 0.052383
0 0.490937 0.075784 0.186304 0.050236 0.424975 0.050666 0.584089 0.063547 0.397785 0.085015 0.557905 0.100902
0 0.444109 0.122155 0.205438 0.050236 0.389728 0.097037 0.546828 0.109060 0.341390 0.124088 0.490433 0.147274
0 0.392749 0.162087 0.163142 0.047660 0.337362 0.138257 0.474320 0.155002 0.311178 0.168742 0.453172 0.185917
0 0.353474 0.207170 0.177241 0.050236 0.298087 0.182052 0.442095 0.197939 0.264854 0.216402 0.402820 0.232289
0 0.315206 0.254186 0.161128 0.051524 0.258812 0.228424 0.395770 0.240876 0.234642 0.268785 0.382679 0.279948
0 0.314199 0.305496 0.159114 0.038214 0.236657 0.286389 0.389728 0.286389 0.234642 0.324603 0.393756 0.324603
0 0.320745 0.356376 0.160121 0.044654 0.240685 0.339631 0.391742 0.334049 0.247734 0.378703 0.400806 0.373122
0 0.338872 0.410906 0.188318 0.054959 0.244713 0.389867 0.406848 0.383426 0.266868 0.438386 0.433031 0.425505
0 0.368580 0.463074 0.181269 0.055389 0.277946 0.447832 0.442095 0.435380 0.295065 0.490769 0.459215 0.482181
0 0.392749 0.522757 0.185297 0.062258 0.300101 0.504508 0.466264 0.491627 0.311178 0.553886 0.485398 0.543581
0 0.413897 0.588021 0.205438 0.062258 0.311178 0.567196 0.494461 0.556891 0.317221 0.619150 0.516616 0.607986
0 0.456193 0.651567 0.247734 0.058824 0.332326 0.635036 0.524673 0.622155 0.345418 0.680979 0.580060 0.666810
0 0.475831 0.715758 0.220544 0.067840 0.365559 0.696436 0.557905 0.681838 0.374622 0.749678 0.586103 0.732933
0 0.496475 0.782739 0.223565 0.066123 0.384693 0.763847 0.591138 0.749678 0.402820 0.815801 0.608258 0.805925
0 0.530715 0.851868 0.237664 0.060970 0.411883 0.834693 0.625378 0.821383 0.429003 0.882353 0.649547 0.874624
0 0.556898 0.923572 0.251762 0.053242 0.431017 0.900816 0.667674 0.896951 0.433031 0.950193 0.682779 0.944611