0 0.500000 0.046634 0.208900 0.047514 0.395550 0.041795 0.583436 0.022877 0.411619 0.070392 0.604450 0.056313
0 0.525958 0.085790 0.201483 0.043995 0.425216 0.080070 0.613103 0.063792 0.451174 0.107787 0.626700 0.096348
0 0.561805 0.129564 0.199011 0.047954 0.462299 0.117466 0.636588 0.105587 0.487021 0.153542 0.661310 0.146062
0 0.572930 0.175539 0.171817 0.036076 0.494438 0.160141 0.658838 0.157501 0.487021 0.192697 0.652658 0.193577
0 0.567367 0.221513 0.187886 0.040035 0.475896 0.201496 0.661310 0.203256 0.473424 0.241531 0.639061 0.240651
0 0.565513 0.269688 0.179234 0.041355 0.475896 0.251210 0.655130 0.249010 0.475896 0.290365 0.645241 0.287286
0 0.572930 0.316762 0.191595 0.048394 0.477132 0.296964 0.646477 0.292565 0.490729 0.340959 0.668727 0.329960
0 0.588999 0.362516 0.191595 0.051914 0.493201 0.347558 0.667491 0.336560 0.516687 0.388473 0.684796 0.373955
0 0.629172 0.410251 0.215080 0.058513 0.521632 0.399912 0.693449 0.380994 0.557478 0.439507 0.736712 0.418830
0 0.682942 0.460625 0.236094 0.062473 0.564895 0.448746 0.754017 0.429388 0.603214 0.491861 0.800989 0.471183
0 0.734858 0.513418 0.268232 0.065112 0.600742 0.500220 0.817058 0.480862 0.620519 0.545974 0.868974 0.530136
0 0.755871 0.579630 0.255871 0.054993 0.635352 0.556533 0.875154 0.552134 0.627936 0.606247 0.883807 0.607127
0 0.742892 0.652002 0.279357 0.063352 0.632880 0.620326 0.882571 0.632644 0.603214 0.665640 0.854141 0.683678
0 0.683560 0.720194 0.304079 0.088869 0.587145 0.675759 0.835599 0.711395 0.531520 0.722833 0.777503 0.764628
0 0.576020 0.787945 0.326329 0.098548 0.506799 0.738671 0.739184 0.786626 0.412855 0.783546 0.661310 0.837220
0 0.452410 0.856577 0.365884 0.097668 0.338690 0.807743 0.635352 0.856577 0.269468 0.861417 0.557478 0.905411
0 0.388133 0.921249 0.323857 0.074791 0.247219 0.883854 0.550062 0.908931 0.226205 0.936208 0.489493 0.958645