0 0.477273 0.055791 0.140074 0.026933 0.407236 0.046941 0.545455 0.042324 0.412801 0.069257 0.547310 0.065410
0 0.481447 0.092920 0.137291 0.032705 0.412801 0.081955 0.546382 0.076568 0.421150 0.109273 0.550093 0.105810
0 0.488868 0.135629 0.128015 0.029627 0.424861 0.123124 0.550093 0.120816 0.425788 0.150442 0.552876 0.148519
0 0.491651 0.181416 0.124304 0.035013 0.429499 0.163909 0.551020 0.163909 0.430427 0.198923 0.553803 0.196614
0 0.488404 0.233167 0.130798 0.042324 0.423006 0.215467 0.552876 0.212005 0.429499 0.254329 0.553803 0.250866
0 0.494898 0.283186 0.136364 0.036168 0.433210 0.266641 0.551020 0.265102 0.426716 0.301270 0.563080 0.296268
0 0.495826 0.328588 0.132653 0.037707 0.429499 0.312428 0.546382 0.309735 0.437848 0.347441 0.562152 0.345133
0 0.505102 0.379954 0.143785 0.038092 0.444341 0.365910 0.567718 0.360908 0.433210 0.399000 0.576994 0.392459
0 0.514842 0.429973 0.174397 0.042709 0.439703 0.416699 0.585343 0.408619 0.427644 0.451327 0.602041 0.447095
0 0.515306 0.480569 0.160482 0.040785 0.437848 0.461716 0.589054 0.460177 0.435065 0.499423 0.595547 0.500962
0 0.517161 0.537514 0.158627 0.040785 0.443414 0.518661 0.596475 0.517122 0.437848 0.556753 0.584416 0.557907
0 0.500464 0.596383 0.169759 0.046172 0.422078 0.573297 0.585343 0.574836 0.415584 0.615237 0.570501 0.619469
0 0.487477 0.652366 0.167904 0.042709 0.408163 0.631012 0.571429 0.633705 0.403525 0.671027 0.565863 0.673721
0 0.477273 0.713159 0.169759 0.048095 0.392393 0.689111 0.562152 0.689881 0.392393 0.737207 0.556586 0.734513
0 0.480983 0.782609 0.195733 0.060793 0.383117 0.760292 0.566790 0.752212 0.403525 0.813005 0.578850 0.799923
0 0.509276 0.843594 0.194805 0.048865 0.411874 0.831858 0.583488 0.819161 0.430427 0.868026 0.606679 0.857638
0 0.544527 0.904386 0.200371 0.050404 0.444341 0.891497 0.620594 0.879184 0.460111 0.929588 0.644712 0.923432