0 0.597279 0.047117 0.217687 0.030616 0.488435 0.031809 0.706122 0.034990 0.496599 0.060437 0.693878 0.062425
0 0.592517 0.084095 0.197279 0.031412 0.507483 0.069980 0.691156 0.068390 0.493878 0.093042 0.682993 0.099801
0 0.580952 0.124056 0.185034 0.030219 0.497959 0.108946 0.673469 0.110934 0.488435 0.133598 0.670748 0.139165
0 0.571429 0.170378 0.201361 0.034592 0.484354 0.153082 0.670748 0.153877 0.470748 0.184493 0.672109 0.187674
0 0.570068 0.224254 0.231293 0.038171 0.461224 0.205169 0.685714 0.211531 0.454422 0.239364 0.644898 0.243340
0 0.534694 0.275944 0.209524 0.035785 0.440816 0.258052 0.639456 0.258052 0.429932 0.293837 0.621769 0.290258
0 0.520408 0.327038 0.208163 0.036978 0.442177 0.312525 0.616327 0.308549 0.416327 0.345527 0.624490 0.343936
0 0.529252 0.380318 0.220408 0.041750 0.419048 0.364215 0.634014 0.359443 0.428571 0.401193 0.639456 0.398807
0 0.529932 0.438767 0.224490 0.038569 0.427211 0.420278 0.639456 0.419483 0.417687 0.458052 0.642177 0.456461
0 0.534694 0.496024 0.231293 0.047316 0.419048 0.475944 0.650340 0.472366 0.419048 0.519682 0.647619 0.516899
0 0.545578 0.556262 0.239456 0.047714 0.425850 0.537177 0.657143 0.532406 0.439456 0.580119 0.665306 0.569781
0 0.585034 0.621869 0.255782 0.053280 0.457143 0.603976 0.678912 0.595229 0.495238 0.648509 0.712925 0.633400
0 0.616327 0.680517 0.239456 0.042545 0.496599 0.667197 0.719728 0.659245 0.502041 0.701789 0.736054 0.698211
0 0.632653 0.751889 0.255782 0.041352 0.525170 0.731213 0.759184 0.734394 0.504762 0.763022 0.760544 0.772565
0 0.636054 0.809344 0.276190 0.058449 0.536054 0.780119 0.774150 0.795626 0.497959 0.823062 0.737415 0.838569
0 0.563946 0.874950 0.308844 0.064811 0.480272 0.842545 0.718367 0.861630 0.409524 0.880716 0.677551 0.907356
0 0.487075 0.935785 0.364626 0.062425 0.346939 0.904573 0.669388 0.927237 0.304762 0.949901 0.628571 0.966998