0 0.651835 0.051154 0.197998 0.033838 0.552836 0.042994 0.746385 0.034236 0.553949 0.068073 0.750834 0.066083
0 0.664071 0.091561 0.202447 0.037420 0.562848 0.075637 0.749722 0.072850 0.577308 0.110271 0.765295 0.109076
0 0.669633 0.137938 0.184650 0.044984 0.577308 0.115446 0.757508 0.117834 0.581757 0.152866 0.761958 0.160430
0 0.645717 0.186505 0.223582 0.057723 0.573971 0.157643 0.757508 0.171576 0.533927 0.189092 0.715239 0.215366
0 0.604004 0.231290 0.222469 0.069268 0.531702 0.196656 0.715239 0.226115 0.492770 0.234873 0.657397 0.265924
0 0.538932 0.276274 0.216908 0.063694 0.484983 0.244427 0.647386 0.273885 0.430478 0.276672 0.577308 0.308121
0 0.465517 0.320064 0.205784 0.062102 0.416018 0.289013 0.568409 0.312500 0.362625 0.328025 0.528365 0.351115
0 0.424917 0.367834 0.197998 0.051752 0.341491 0.341959 0.523915 0.356290 0.325918 0.388535 0.506118 0.393710
0 0.433259 0.424761 0.212458 0.055732 0.327030 0.403264 0.507230 0.396895 0.340378 0.452627 0.539488 0.431131
0 0.474416 0.476115 0.236930 0.066879 0.355951 0.467755 0.538376 0.442675 0.412681 0.509554 0.592881 0.478105
0 0.566741 0.529459 0.272525 0.081210 0.430478 0.529459 0.618465 0.488854 0.484983 0.570064 0.703003 0.525080
0 0.654616 0.583400 0.294772 0.080812 0.507230 0.581608 0.728587 0.542994 0.578420 0.623806 0.802002 0.590366
0 0.727475 0.646895 0.271413 0.064490 0.591769 0.630573 0.829811 0.614650 0.592881 0.679140 0.863181 0.672771
0 0.708009 0.721935 0.308120 0.072054 0.595106 0.685908 0.862069 0.700637 0.553949 0.726513 0.818687 0.757962
0 0.612347 0.791202 0.334816 0.100717 0.535039 0.740844 0.779755 0.788615 0.444939 0.784634 0.689655 0.841560
0 0.481646 0.854896 0.331479 0.096736 0.387097 0.806529 0.647386 0.855494 0.315907 0.855494 0.582870 0.903264
0 0.360957 0.918193 0.363737 0.078424 0.229143 0.878981 0.542825 0.904857 0.179088 0.939092 0.542825 0.957404