0 0.556198 0.040026 0.236364 0.034675 0.438017 0.025685 0.671074 0.022688 0.438017 0.049658 0.674380 0.057363
0 0.547107 0.079837 0.247934 0.039812 0.441322 0.059932 0.671074 0.062500 0.423140 0.092038 0.667769 0.099743
0 0.533884 0.122217 0.267769 0.043236 0.426446 0.100599 0.667769 0.104880 0.400000 0.128425 0.654545 0.143836
0 0.495868 0.165454 0.284298 0.051798 0.383471 0.139555 0.638017 0.153253 0.353719 0.175086 0.611570 0.191353
0 0.448760 0.208262 0.289256 0.052654 0.347107 0.181935 0.593388 0.196490 0.304132 0.220034 0.560331 0.234589
0 0.421488 0.255779 0.290909 0.049229 0.307438 0.231164 0.566942 0.244007 0.276033 0.267551 0.505785 0.280394
0 0.376033 0.302226 0.259504 0.047089 0.274380 0.278682 0.505785 0.286387 0.246281 0.318065 0.480992 0.325771
0 0.364463 0.352526 0.236364 0.042380 0.251240 0.331336 0.480992 0.332620 0.246281 0.373716 0.482645 0.372003
0 0.376033 0.403467 0.236364 0.047517 0.257851 0.383562 0.482645 0.379709 0.261157 0.427226 0.494215 0.421233
0 0.416529 0.453339 0.294215 0.054795 0.269421 0.438784 0.512397 0.425942 0.300826 0.480736 0.563636 0.469178
0 0.460331 0.508776 0.302479 0.062928 0.309091 0.497860 0.576860 0.477312 0.347107 0.540240 0.611570 0.525257
0 0.520661 0.571704 0.330579 0.062072 0.355372 0.556079 0.631405 0.540668 0.373554 0.602740 0.685950 0.590753
0 0.550413 0.635916 0.340496 0.055223 0.386777 0.618579 0.695868 0.608305 0.380165 0.662671 0.720661 0.663527
0 0.548760 0.708476 0.340496 0.056507 0.398347 0.680223 0.719008 0.681507 0.378512 0.729024 0.712397 0.736729
0 0.508264 0.782106 0.371901 0.064212 0.376860 0.750000 0.694215 0.761558 0.322314 0.800514 0.680992 0.814212
0 0.475207 0.861515 0.398347 0.071490 0.310744 0.825771 0.674380 0.839897 0.276033 0.878853 0.654545 0.897260
0 0.425620 0.933861 0.464463 0.066353 0.244628 0.900685 0.657851 0.918236 0.193388 0.941353 0.621488 0.967038