0 0.542912 0.070893 0.142719 0.029257 0.471553 0.056264 0.614272 0.059265 0.471553 0.083646 0.596914 0.085521
0 0.525072 0.116092 0.135969 0.043886 0.473481 0.094149 0.593057 0.103151 0.457088 0.124156 0.576663 0.138035
0 0.501446 0.156227 0.148505 0.042386 0.447445 0.135034 0.575699 0.150038 0.427194 0.166167 0.552555 0.177419
0 0.467213 0.202176 0.137898 0.044261 0.418515 0.180045 0.536162 0.195424 0.398264 0.207427 0.511090 0.224306
0 0.424783 0.243811 0.153327 0.042761 0.371263 0.222431 0.501446 0.235934 0.348120 0.249437 0.459981 0.265191
0 0.372228 0.284884 0.140791 0.040885 0.325940 0.264441 0.442623 0.277944 0.301832 0.295199 0.408872 0.305326
0 0.333173 0.331583 0.135969 0.043511 0.277724 0.309827 0.401157 0.315454 0.265188 0.346587 0.385728 0.353338
0 0.316779 0.378657 0.128255 0.038635 0.252652 0.359340 0.380906 0.362341 0.253616 0.395349 0.373192 0.397974
0 0.321601 0.430608 0.135969 0.048012 0.253616 0.410353 0.380906 0.406602 0.268081 0.454614 0.389585 0.440360
0 0.351977 0.481620 0.158149 0.059265 0.272903 0.470743 0.399229 0.451988 0.315333 0.511253 0.431051 0.485371
0 0.424783 0.529070 0.168756 0.060390 0.340405 0.525881 0.451302 0.498875 0.393443 0.559265 0.509161 0.528507
0 0.528447 0.578770 0.194793 0.066017 0.431051 0.572018 0.554484 0.545761 0.480231 0.611778 0.625844 0.578019
0 0.601736 0.627157 0.204436 0.057014 0.499518 0.626032 0.661524 0.598650 0.550627 0.655664 0.703954 0.639160
0 0.652363 0.691673 0.188042 0.053263 0.558341 0.675169 0.721311 0.665041 0.583414 0.718305 0.746384 0.715304
0 0.653327 0.768380 0.207329 0.061890 0.571842 0.737434 0.756991 0.743811 0.549662 0.789948 0.733848 0.799325
0 0.616201 0.839835 0.231437 0.066767 0.529412 0.806452 0.731919 0.823331 0.500482 0.856339 0.688525 0.873218
0 0.575217 0.890848 0.207329 0.038260 0.484089 0.871718 0.678881 0.890473 0.471553 0.903976 0.677917 0.909977