0 0.475379 0.041813 0.218434 0.039859 0.376263 0.024228 0.579545 0.021884 0.366162 0.058617 0.584596 0.061743
0 0.473485 0.088120 0.222222 0.042595 0.376263 0.066823 0.583333 0.067995 0.362374 0.101602 0.584596 0.109418
0 0.455808 0.135404 0.242424 0.053537 0.357323 0.108636 0.577020 0.118796 0.334596 0.147323 0.556818 0.162173
0 0.429924 0.180735 0.246212 0.055100 0.334596 0.153185 0.553030 0.173505 0.306818 0.187573 0.513889 0.208284
0 0.380051 0.225479 0.260101 0.062524 0.304293 0.194216 0.510101 0.218835 0.250000 0.231731 0.452020 0.256741
0 0.320076 0.271395 0.258838 0.064478 0.239899 0.239156 0.449495 0.260649 0.190657 0.280578 0.415404 0.303634
0 0.276515 0.318288 0.265152 0.055881 0.183081 0.290348 0.409091 0.307933 0.143939 0.333724 0.368687 0.346229
0 0.251263 0.369871 0.237374 0.048847 0.143939 0.345447 0.369949 0.348964 0.132576 0.394295 0.361111 0.390778
0 0.262626 0.425166 0.237374 0.060961 0.143939 0.405627 0.363636 0.394685 0.167929 0.455647 0.381313 0.438843
0 0.299874 0.476944 0.233586 0.064478 0.183081 0.462290 0.390152 0.444705 0.226010 0.509183 0.416667 0.490426
0 0.383207 0.533998 0.301768 0.073857 0.232323 0.517390 0.484848 0.497069 0.272727 0.570926 0.534091 0.544353
0 0.440025 0.591247 0.306818 0.068777 0.286616 0.581086 0.549242 0.556858 0.329545 0.625635 0.593434 0.604533
0 0.510732 0.663736 0.337121 0.075420 0.342172 0.648691 0.630050 0.626026 0.385101 0.701446 0.679293 0.683470
0 0.561237 0.736420 0.344697 0.069949 0.388889 0.714732 0.693182 0.701446 0.401515 0.771395 0.733586 0.758109
0 0.585227 0.811450 0.359848 0.062915 0.407828 0.783900 0.737374 0.779992 0.405303 0.842907 0.765152 0.841735
0 0.582702 0.892341 0.349747 0.062134 0.416667 0.864009 0.755050 0.861274 0.407828 0.921454 0.757576 0.923408
0 0.572601 0.951153 0.372475 0.041422 0.400253 0.930442 0.758838 0.930832 0.386364 0.967565 0.747475 0.971864