0 0.719780 0.042294 0.262166 0.033347 0.588697 0.030500 0.835165 0.025620 0.594976 0.058154 0.850863 0.058967
0 0.716641 0.084384 0.274725 0.039447 0.585557 0.064660 0.847724 0.069134 0.579278 0.095161 0.854003 0.104107
0 0.701727 0.128101 0.291994 0.049614 0.579278 0.103294 0.847724 0.114274 0.555730 0.133794 0.819466 0.152908
0 0.645212 0.174054 0.342229 0.059374 0.549451 0.144368 0.816327 0.158601 0.474097 0.177308 0.753532 0.203741
0 0.575353 0.215535 0.350078 0.061814 0.461538 0.184628 0.750392 0.206995 0.400314 0.222448 0.704867 0.246442
0 0.525903 0.262708 0.395604 0.064254 0.381476 0.230582 0.711146 0.252948 0.328100 0.282635 0.723705 0.294835
0 0.513344 0.319845 0.433281 0.045140 0.312402 0.297275 0.729984 0.301342 0.296703 0.342416 0.632653 0.334282
0 0.488226 0.372306 0.357928 0.058154 0.309262 0.361936 0.638932 0.343229 0.337520 0.401383 0.667190 0.379423
0 0.544741 0.421716 0.351648 0.066694 0.368917 0.415616 0.676609 0.388369 0.423862 0.455063 0.720565 0.431883
0 0.609105 0.479870 0.345369 0.066694 0.436421 0.472956 0.733124 0.446523 0.486656 0.513217 0.781790 0.489223
0 0.678179 0.543107 0.370487 0.051647 0.492936 0.527857 0.822606 0.517283 0.496075 0.559984 0.863422 0.568930
0 0.657771 0.610614 0.405024 0.063034 0.483516 0.579097 0.860283 0.594551 0.455259 0.610817 0.788069 0.642131
0 0.556515 0.679138 0.419152 0.083774 0.414443 0.637251 0.766091 0.666124 0.346939 0.681578 0.695447 0.721025
0 0.457614 0.746848 0.437991 0.089874 0.309262 0.701911 0.676609 0.733225 0.238619 0.748272 0.588697 0.791785
0 0.357928 0.817812 0.420722 0.069134 0.182104 0.783245 0.568289 0.801545 0.147567 0.839366 0.536892 0.852379
0 0.317111 0.896299 0.433281 0.050427 0.122449 0.871086 0.533752 0.871899 0.100471 0.921513 0.524333 0.919886
0 0.304553 0.951403 0.427002 0.041887 0.100471 0.934526 0.518053 0.930460 0.091052 0.972346 0.508634 0.970720