0 0.494087 0.052536 0.218134 0.041465 0.385020 0.043478 0.595269 0.031804 0.421813 0.073269 0.603154 0.059581
0 0.546649 0.091184 0.220762 0.036634 0.436268 0.081723 0.609724 0.072866 0.448095 0.109501 0.657030 0.096216
0 0.563732 0.127013 0.228647 0.035024 0.449409 0.117552 0.646518 0.109501 0.457293 0.144525 0.678055 0.139694
0 0.557162 0.166264 0.218134 0.032206 0.474376 0.155395 0.666229 0.150161 0.448095 0.179147 0.663601 0.182367
0 0.551905 0.211957 0.212878 0.042271 0.445466 0.190821 0.658344 0.197262 0.446781 0.223027 0.622865 0.233092
0 0.496058 0.255435 0.198423 0.044686 0.444152 0.233092 0.595269 0.247585 0.396846 0.262882 0.582129 0.277778
0 0.461235 0.296498 0.191853 0.045491 0.394218 0.273752 0.557162 0.289855 0.365309 0.308374 0.537451 0.319243
0 0.421813 0.341989 0.186597 0.046296 0.348226 0.318841 0.515112 0.333736 0.328515 0.353462 0.508541 0.365137
0 0.400788 0.388084 0.220762 0.037842 0.312746 0.369163 0.495401 0.377617 0.290407 0.404589 0.511169 0.407005
0 0.391590 0.440620 0.223390 0.034219 0.303548 0.423510 0.477004 0.423510 0.279895 0.455314 0.503285 0.457729
0 0.400131 0.491546 0.240473 0.035427 0.294350 0.476248 0.491459 0.473833 0.279895 0.509259 0.520368 0.508052
0 0.417871 0.550725 0.260184 0.047504 0.287779 0.532609 0.520368 0.526973 0.290407 0.574477 0.547963 0.566828
0 0.454665 0.610306 0.320631 0.057166 0.294350 0.587762 0.549277 0.581723 0.315374 0.638889 0.614980 0.634058
0 0.474376 0.679147 0.294350 0.057971 0.327201 0.659018 0.591327 0.650161 0.339028 0.708132 0.621551 0.696457
0 0.507227 0.747585 0.304862 0.062802 0.354796 0.729469 0.637319 0.716184 0.365309 0.778986 0.659658 0.765700
0 0.542707 0.820048 0.323259 0.061192 0.385020 0.797101 0.678055 0.789452 0.381078 0.850644 0.704336 0.843800
0 0.542707 0.890700 0.325887 0.054348 0.379763 0.869163 0.705650 0.863527 0.391590 0.917874 0.701708 0.916667