0 0.568539 0.039648 0.229213 0.043252 0.456180 0.018022 0.683146 0.030837 0.453933 0.043252 0.656180 0.061274
0 0.547191 0.077893 0.204494 0.045254 0.456180 0.055266 0.649438 0.069283 0.444944 0.084902 0.615730 0.100521
0 0.512921 0.118342 0.189888 0.049259 0.439326 0.093712 0.607865 0.110933 0.417978 0.122948 0.570787 0.142972
0 0.462921 0.160192 0.193258 0.051262 0.403371 0.134561 0.559551 0.151782 0.366292 0.165799 0.505618 0.185823
0 0.408989 0.208851 0.193258 0.056468 0.353933 0.180617 0.505618 0.191830 0.312360 0.227473 0.483146 0.237085
0 0.391573 0.261514 0.183146 0.040048 0.312360 0.241490 0.483146 0.243893 0.300000 0.281538 0.483146 0.280336
0 0.399438 0.312575 0.196629 0.047657 0.303371 0.295154 0.482022 0.288747 0.301124 0.336404 0.497753 0.325991
0 0.432022 0.362835 0.219101 0.057669 0.322472 0.349620 0.506742 0.334001 0.348315 0.391670 0.541573 0.374850
0 0.466292 0.411494 0.215730 0.058871 0.358427 0.400881 0.547191 0.382058 0.383146 0.440929 0.574157 0.421706
0 0.507865 0.461554 0.240449 0.066079 0.387640 0.452543 0.583146 0.428514 0.428090 0.494594 0.628090 0.474569
0 0.565730 0.516620 0.248315 0.071286 0.441573 0.505807 0.634831 0.480977 0.470787 0.552263 0.689888 0.530236
0 0.610674 0.574690 0.243820 0.059271 0.488764 0.561874 0.704494 0.545054 0.504494 0.604325 0.732584 0.595114
0 0.630337 0.639167 0.235955 0.060873 0.514607 0.618342 0.740449 0.608730 0.512360 0.667601 0.748315 0.669604
0 0.614045 0.713056 0.268539 0.067681 0.511236 0.679215 0.748315 0.687225 0.479775 0.725270 0.714607 0.746896
0 0.558427 0.781938 0.283146 0.080497 0.461798 0.741690 0.700000 0.768923 0.416854 0.790549 0.648315 0.822187
0 0.482022 0.852623 0.296629 0.079295 0.385393 0.812976 0.630337 0.839007 0.333708 0.861033 0.584270 0.892271
0 0.416854 0.923308 0.332584 0.072487 0.296629 0.887064 0.583146 0.909091 0.250562 0.935923 0.559551 0.959551