0 0.530348 0.036571 0.139303 0.026667 0.461692 0.023238 0.596020 0.027048 0.460697 0.045714 0.600000 0.049905
0 0.514925 0.073714 0.142289 0.031619 0.455721 0.057905 0.586070 0.062095 0.443781 0.084571 0.578109 0.089524
0 0.495025 0.114095 0.138308 0.036952 0.442786 0.095619 0.564179 0.101333 0.425871 0.121143 0.555224 0.132571
0 0.468657 0.152381 0.143284 0.041143 0.417910 0.131810 0.540299 0.143619 0.397015 0.161524 0.516418 0.172952
0 0.434826 0.192381 0.153234 0.041905 0.392040 0.171429 0.511443 0.182857 0.358209 0.199619 0.468657 0.213333
0 0.384577 0.231238 0.162189 0.044190 0.349254 0.209143 0.465672 0.226286 0.303483 0.236952 0.431841 0.253333
0 0.342289 0.267238 0.163184 0.036190 0.307463 0.249143 0.423881 0.263619 0.260697 0.280381 0.397015 0.285333
0 0.324378 0.311048 0.145274 0.039238 0.260697 0.291429 0.397015 0.295238 0.251741 0.330667 0.392040 0.330667
0 0.332338 0.359238 0.175124 0.042667 0.244776 0.342476 0.394030 0.337905 0.261692 0.380571 0.419901 0.374857
0 0.370647 0.411429 0.192040 0.052571 0.274627 0.396190 0.424876 0.385143 0.309453 0.437714 0.466667 0.419429
0 0.433831 0.459048 0.206965 0.056381 0.330348 0.449143 0.479602 0.430857 0.381095 0.487238 0.537313 0.457905
0 0.508458 0.507810 0.210945 0.070095 0.402985 0.499810 0.554229 0.472762 0.458706 0.542857 0.613930 0.514286
0 0.576617 0.562667 0.209950 0.063238 0.471642 0.552762 0.648756 0.531048 0.505473 0.594286 0.681592 0.574095
0 0.622886 0.620571 0.208955 0.047238 0.518408 0.607238 0.707463 0.596952 0.536318 0.641143 0.727363 0.644190
0 0.621393 0.691810 0.198010 0.052571 0.533333 0.665524 0.720398 0.672762 0.522388 0.704000 0.698507 0.718095
0 0.576617 0.754857 0.235821 0.059810 0.489552 0.724952 0.694527 0.744762 0.458706 0.764571 0.656716 0.784762
0 0.511443 0.811048 0.256716 0.062476 0.431841 0.779810 0.639801 0.802667 0.383085 0.824762 0.592040 0.842286