0 0.482046 0.043948 0.191513 0.032181 0.386289 0.029779 0.577802 0.027858 0.390642 0.055716 0.570185 0.060038
0 0.482046 0.096542 0.187160 0.048031 0.402612 0.072526 0.575626 0.075889 0.388466 0.109030 0.570185 0.120557
0 0.471164 0.155379 0.198041 0.065802 0.393906 0.122478 0.570185 0.131124 0.372144 0.162344 0.521219 0.188280
0 0.418390 0.203890 0.186072 0.064842 0.369967 0.171470 0.511425 0.195485 0.325354 0.207012 0.468988 0.236311
0 0.357998 0.253602 0.198041 0.073967 0.315560 0.216619 0.457018 0.247839 0.258977 0.248799 0.386289 0.290586
0 0.270403 0.300432 0.188248 0.080211 0.232862 0.260327 0.364527 0.296830 0.176279 0.296830 0.307943 0.340538
0 0.202938 0.348463 0.201306 0.063881 0.150163 0.316523 0.303591 0.344861 0.102285 0.353026 0.265506 0.380403
0 0.166485 0.397695 0.193689 0.053794 0.087051 0.370797 0.263330 0.385207 0.069641 0.418828 0.242655 0.424592
0 0.166485 0.458213 0.193689 0.057637 0.069641 0.438040 0.237214 0.429395 0.090316 0.487032 0.263330 0.471662
0 0.224157 0.514169 0.224157 0.082133 0.112078 0.505764 0.262242 0.473103 0.170838 0.555235 0.336235 0.508646
0 0.313928 0.562200 0.244831 0.099424 0.191513 0.569645 0.347116 0.512488 0.270947 0.611912 0.436344 0.543228
0 0.418390 0.596782 0.268770 0.107109 0.284004 0.611431 0.433079 0.543228 0.373232 0.650336 0.552775 0.583573
0 0.520131 0.635927 0.258977 0.095101 0.390642 0.645533 0.568009 0.588377 0.466812 0.683477 0.649619 0.633045
0 0.613167 0.686119 0.262242 0.078290 0.482046 0.688761 0.685528 0.646974 0.520131 0.725264 0.744287 0.693564
0 0.670294 0.752642 0.245919 0.072046 0.547334 0.735831 0.767138 0.716619 0.565832 0.788665 0.793254 0.780980
0 0.675735 0.841499 0.239391 0.071085 0.569097 0.805956 0.795430 0.810279 0.556039 0.865034 0.793254 0.877041
0 0.640370 0.922670 0.281828 0.078770 0.527748 0.883285 0.781284 0.896254 0.499456 0.939481 0.747552 0.962056