0 0.567957 0.083780 0.145799 0.035960 0.505766 0.065800 0.640857 0.079954 0.495058 0.090283 0.622735 0.101760
0 0.542422 0.121079 0.147446 0.036343 0.488468 0.102907 0.616145 0.114384 0.468699 0.129304 0.594728 0.139250
0 0.513180 0.163925 0.135091 0.042464 0.461285 0.142693 0.580725 0.154552 0.445634 0.169090 0.555189 0.185157
0 0.474876 0.203711 0.135914 0.042464 0.434102 0.182479 0.542834 0.197781 0.406919 0.210788 0.513180 0.224943
0 0.441104 0.247705 0.130972 0.040933 0.398682 0.227238 0.506590 0.242158 0.375618 0.253252 0.495881 0.268171
0 0.416392 0.291890 0.149094 0.045142 0.366557 0.269319 0.490939 0.283091 0.341845 0.305662 0.474465 0.314461
0 0.397035 0.336840 0.141680 0.039403 0.336079 0.317138 0.467875 0.325937 0.326194 0.353864 0.448929 0.356542
0 0.387562 0.386955 0.122735 0.039403 0.329489 0.367253 0.441516 0.367253 0.326194 0.406656 0.448929 0.399388
0 0.401565 0.436113 0.140857 0.052028 0.331137 0.419281 0.453871 0.410099 0.345140 0.462127 0.471993 0.440704
0 0.440280 0.483550 0.160626 0.061209 0.359967 0.476282 0.485173 0.452946 0.392092 0.514155 0.520593 0.485845
0 0.499176 0.529074 0.172982 0.072686 0.412685 0.527161 0.535420 0.492731 0.462932 0.565417 0.585667 0.528309
0 0.572488 0.579189 0.187809 0.074981 0.478583 0.583397 0.609555 0.541699 0.524712 0.616679 0.666392 0.583397
0 0.635914 0.635233 0.200988 0.067712 0.535420 0.631217 0.696046 0.601377 0.563427 0.669089 0.736409 0.650344
0 0.658155 0.708110 0.184514 0.053558 0.565898 0.682096 0.750412 0.681331 0.571664 0.718439 0.739703 0.734889
0 0.635502 0.772380 0.200165 0.084162 0.565898 0.730298 0.735585 0.757460 0.535420 0.777353 0.690280 0.814461
0 0.558073 0.837605 0.241351 0.084545 0.497529 0.795333 0.678748 0.835884 0.437397 0.843152 0.603789 0.879878
0 0.472405 0.905700 0.233114 0.070773 0.391269 0.870314 0.588962 0.902831 0.355848 0.913160 0.562603 0.941086