0 0.574887 0.044144 0.184569 0.040240 0.482602 0.034234 0.649017 0.024024 0.502269 0.064264 0.667171 0.053453
0 0.599849 0.081682 0.177005 0.037237 0.511346 0.072673 0.671710 0.063063 0.526475 0.100300 0.688351 0.090090
0 0.624054 0.118318 0.167927 0.039640 0.540091 0.108108 0.686838 0.098499 0.556732 0.138138 0.708018 0.134535
0 0.627080 0.163363 0.149773 0.040841 0.559758 0.144745 0.701967 0.142943 0.552194 0.177177 0.692890 0.183784
0 0.608926 0.208408 0.164902 0.045646 0.552194 0.185586 0.691377 0.194595 0.526475 0.220420 0.664145 0.231231
0 0.569592 0.256456 0.167927 0.056456 0.521936 0.228228 0.653555 0.243243 0.485628 0.270270 0.629349 0.284685
0 0.532526 0.308408 0.190620 0.055856 0.478064 0.280480 0.627837 0.297898 0.437216 0.317718 0.588502 0.336336
0 0.489410 0.354955 0.192133 0.052853 0.428139 0.328529 0.585477 0.345946 0.393343 0.367568 0.559758 0.381381
0 0.467474 0.405405 0.178517 0.049249 0.378215 0.380781 0.556732 0.389189 0.379728 0.430030 0.550681 0.428228
0 0.487141 0.461562 0.196672 0.058258 0.388805 0.443844 0.552194 0.432432 0.413011 0.490691 0.585477 0.476877
0 0.528744 0.516216 0.210287 0.059459 0.423601 0.507508 0.590015 0.486486 0.453858 0.545946 0.633888 0.530931
0 0.577912 0.575676 0.220877 0.063063 0.467474 0.571171 0.653555 0.544144 0.496218 0.607207 0.688351 0.585586
0 0.623298 0.633033 0.236006 0.055255 0.505295 0.616817 0.717095 0.605405 0.532526 0.660661 0.741301 0.657658
0 0.620272 0.705706 0.223903 0.062462 0.517398 0.674474 0.732224 0.682883 0.508321 0.726727 0.727685 0.736937
0 0.581694 0.770871 0.267776 0.076276 0.502269 0.732733 0.715582 0.756156 0.447806 0.775976 0.679274 0.809009
0 0.499244 0.838438 0.278366 0.091291 0.432678 0.792793 0.638427 0.828228 0.360061 0.842042 0.600605 0.884084
0 0.428139 0.906306 0.323752 0.085285 0.331316 0.863664 0.590015 0.899700 0.266263 0.917718 0.570348 0.948949