0 0.531414 0.064952 0.125654 0.022476 0.473822 0.054476 0.594241 0.053714 0.468586 0.075810 0.594241 0.076190
0 0.529232 0.100952 0.126527 0.029714 0.471204 0.086095 0.592496 0.088000 0.465969 0.109333 0.580279 0.115810
0 0.513089 0.137524 0.106457 0.033524 0.465096 0.120762 0.566318 0.128762 0.459860 0.146667 0.555846 0.154286
0 0.494764 0.183048 0.104712 0.039238 0.450262 0.163429 0.547120 0.169524 0.442408 0.196190 0.541012 0.202667
0 0.474258 0.230857 0.140489 0.042667 0.438918 0.209524 0.544503 0.219048 0.404014 0.242286 0.524433 0.252190
0 0.444154 0.279429 0.139616 0.050667 0.397906 0.254095 0.513962 0.264000 0.374346 0.296762 0.499127 0.304762
0 0.421902 0.328571 0.140489 0.039238 0.369110 0.308952 0.492147 0.312381 0.351658 0.345524 0.481675 0.348190
0 0.417539 0.379429 0.131763 0.044952 0.351658 0.358857 0.479930 0.356952 0.356894 0.401905 0.483421 0.392762
0 0.436736 0.432000 0.147469 0.052571 0.363002 0.412952 0.486911 0.405714 0.375218 0.458286 0.510471 0.442667
0 0.470768 0.483619 0.161431 0.059810 0.390052 0.473524 0.510471 0.453714 0.410122 0.513524 0.551483 0.494476
0 0.518325 0.541143 0.165794 0.065905 0.435428 0.529143 0.554974 0.508190 0.472077 0.574095 0.601222 0.544000
0 0.592496 0.595619 0.200698 0.072762 0.492147 0.587048 0.630017 0.559238 0.534031 0.632000 0.692845 0.600762
0 0.626963 0.657333 0.166667 0.052190 0.543630 0.646095 0.677138 0.631238 0.566318 0.683429 0.710297 0.672762
0 0.647469 0.724762 0.169284 0.055238 0.567190 0.697143 0.723386 0.698667 0.562827 0.743238 0.732112 0.752381
0 0.622164 0.796000 0.202443 0.069714 0.551483 0.761143 0.723386 0.772571 0.520942 0.807619 0.712042 0.830857
0 0.586387 0.862476 0.221640 0.067048 0.494764 0.828952 0.697208 0.851429 0.475567 0.872381 0.654450 0.896000
0 0.528360 0.924571 0.226003 0.054857 0.442408 0.897143 0.641361 0.913524 0.415358 0.929905 0.620419 0.952000