0 0.461909 0.058442 0.123433 0.031877 0.400193 0.043684 0.523626 0.042503 0.415622 0.071232 0.518804 0.074380
0 0.472035 0.106061 0.118611 0.036600 0.412729 0.087761 0.531340 0.088548 0.412729 0.122393 0.528447 0.124360
0 0.465767 0.151712 0.115718 0.031877 0.420444 0.135773 0.523626 0.135773 0.407907 0.161354 0.523626 0.167651
0 0.450337 0.192050 0.125362 0.043290 0.407907 0.170405 0.513018 0.178670 0.387657 0.198347 0.487946 0.213695
0 0.408872 0.238095 0.133076 0.040929 0.382835 0.217631 0.475410 0.224715 0.342334 0.243211 0.458052 0.258560
0 0.378013 0.278040 0.109932 0.038961 0.352941 0.258560 0.432980 0.266824 0.323047 0.293585 0.430087 0.297521
0 0.363067 0.328808 0.120540 0.042109 0.324976 0.307753 0.423337 0.312082 0.302797 0.341598 0.420444 0.349862
0 0.345227 0.382723 0.135005 0.042896 0.292189 0.361275 0.410800 0.361275 0.277724 0.404172 0.412729 0.399055
0 0.347637 0.430736 0.151398 0.035026 0.274831 0.417552 0.412729 0.413223 0.271938 0.448249 0.423337 0.443133
0 0.367406 0.482881 0.160077 0.048800 0.287367 0.467532 0.425265 0.458481 0.303761 0.507281 0.447445 0.491932
0 0.409836 0.535419 0.175506 0.062574 0.322083 0.522629 0.457088 0.504132 0.344262 0.566706 0.497589 0.547029
0 0.456123 0.592287 0.183221 0.061393 0.364513 0.578906 0.510125 0.561590 0.394407 0.622983 0.547734 0.601338
0 0.500000 0.655254 0.186114 0.064542 0.406943 0.635183 0.560270 0.622983 0.442623 0.687525 0.593057 0.667847
0 0.525072 0.711728 0.145612 0.046045 0.452266 0.698937 0.597879 0.688705 0.480231 0.733569 0.593057 0.734750
0 0.545323 0.784337 0.180328 0.056671 0.457088 0.760331 0.622951 0.756002 0.455159 0.812672 0.635487 0.812672
0 0.543877 0.860094 0.223722 0.056277 0.444552 0.833924 0.632594 0.831956 0.432015 0.887446 0.655738 0.888233
0 0.557859 0.933884 0.220829 0.036993 0.447445 0.915388 0.648023 0.915388 0.449373 0.952381 0.668274 0.952381