0 0.511278 0.030698 0.234586 0.036279 0.393985 0.024651 0.604511 0.012558 0.418045 0.048837 0.628571 0.034884
0 0.538346 0.065814 0.231579 0.049767 0.422556 0.056279 0.633083 0.040930 0.448120 0.090698 0.654135 0.075814
0 0.553383 0.104186 0.210526 0.044651 0.448120 0.092558 0.654135 0.081860 0.449624 0.119535 0.658647 0.126512
0 0.548872 0.149767 0.207519 0.046512 0.449624 0.126512 0.652632 0.131163 0.445113 0.158605 0.637594 0.173023
0 0.536842 0.194186 0.234586 0.051628 0.442105 0.168372 0.654135 0.178140 0.419549 0.200930 0.642105 0.220000
0 0.502256 0.240930 0.252632 0.056744 0.419549 0.212558 0.628571 0.227907 0.375940 0.243721 0.595489 0.269302
0 0.443609 0.285581 0.264662 0.058605 0.359398 0.256279 0.575940 0.284651 0.311278 0.289302 0.532331 0.314884
0 0.386466 0.333023 0.267669 0.051163 0.293233 0.307442 0.520301 0.326977 0.252632 0.341860 0.476692 0.358605
0 0.345865 0.383023 0.234586 0.044186 0.234586 0.360930 0.463158 0.367442 0.228571 0.405116 0.454135 0.403721
0 0.340602 0.435581 0.242105 0.046977 0.219549 0.418605 0.445113 0.412093 0.228571 0.459070 0.461654 0.450233
0 0.383459 0.493488 0.276692 0.053953 0.245113 0.480000 0.467669 0.466512 0.258647 0.520465 0.521805 0.503256
0 0.430827 0.553023 0.305263 0.061395 0.278196 0.541860 0.545865 0.522326 0.311278 0.583721 0.583459 0.562791
0 0.490226 0.617209 0.327820 0.071628 0.326316 0.606046 0.598496 0.581395 0.360902 0.653023 0.654135 0.629302
0 0.531579 0.685581 0.320301 0.064186 0.371429 0.673953 0.651128 0.653488 0.395489 0.717674 0.691729 0.700000
0 0.574436 0.754419 0.303759 0.055814 0.422556 0.738605 0.706767 0.726512 0.430075 0.782326 0.726316 0.776279
0 0.578196 0.828372 0.311278 0.054884 0.433083 0.800930 0.733835 0.803256 0.422556 0.844651 0.733835 0.855814
0 0.548120 0.900930 0.362406 0.063256 0.401504 0.869302 0.729323 0.878605 0.366917 0.928372 0.729323 0.932558