0 0.625457 0.117165 0.142509 0.033751 0.561510 0.100289 0.696711 0.118129 0.554202 0.116201 0.689403 0.134041
0 0.618758 0.110415 0.155907 0.022179 0.549330 0.099325 0.691839 0.100289 0.540804 0.119576 0.696711 0.121504
0 0.620585 0.141273 0.164434 0.021215 0.540804 0.130665 0.699147 0.134041 0.538368 0.149952 0.702801 0.151880
0 0.618758 0.175747 0.177832 0.031340 0.535932 0.160077 0.707674 0.165381 0.529842 0.182257 0.702801 0.191418
0 0.604141 0.211427 0.185140 0.040019 0.527406 0.191418 0.696711 0.203954 0.511571 0.211668 0.680877 0.231437
0 0.575518 0.245902 0.200974 0.050145 0.500609 0.220829 0.676005 0.246866 0.475030 0.239634 0.641900 0.270974
0 0.473812 0.296770 0.277710 0.080521 0.434836 0.256509 0.612668 0.297493 0.334957 0.285921 0.538368 0.337030
0 0.359927 0.344021 0.239951 0.080521 0.294762 0.303761 0.479903 0.363549 0.239951 0.345709 0.419001 0.384282
0 0.280755 0.383799 0.235079 0.057859 0.220463 0.354870 0.398295 0.396818 0.163216 0.384282 0.389769 0.412729
0 0.244214 0.425506 0.264312 0.057377 0.143727 0.396818 0.376370 0.422854 0.112058 0.438766 0.326431 0.454195
0 0.203410 0.473722 0.241169 0.028447 0.096224 0.460463 0.323995 0.459499 0.082826 0.487946 0.323995 0.479749
0 0.233861 0.523867 0.243605 0.067985 0.112058 0.516393 0.334957 0.489875 0.136419 0.557859 0.355664 0.519286
0 0.283191 0.571601 0.257004 0.083414 0.154689 0.574735 0.369062 0.529894 0.222899 0.613308 0.411693 0.568467
0 0.358100 0.624397 0.248477 0.086789 0.233861 0.630183 0.427527 0.581003 0.289890 0.667792 0.482339 0.621022
0 0.448234 0.676953 0.258222 0.086789 0.319123 0.680328 0.511571 0.633558 0.376370 0.720347 0.577345 0.680328
0 0.517052 0.732883 0.259440 0.073288 0.387333 0.736258 0.604141 0.696239 0.429963 0.769527 0.646772 0.741080
0 0.565773 0.794118 0.257004 0.051109 0.440926 0.779171 0.662607 0.768563 0.437272 0.819672 0.694275 0.817743