0 0.540942 0.040336 0.089130 0.033170 0.505797 0.023751 0.585507 0.030303 0.496377 0.048321 0.577536 0.056921
0 0.523913 0.083948 0.104348 0.043407 0.489130 0.062244 0.576087 0.076167 0.471739 0.094185 0.558696 0.105651
0 0.502174 0.127150 0.098551 0.038084 0.466667 0.108108 0.551449 0.120803 0.452899 0.127355 0.530435 0.146192
0 0.465217 0.164414 0.111594 0.038084 0.437681 0.145373 0.521015 0.160115 0.409420 0.166667 0.486957 0.183456
0 0.422101 0.205569 0.103623 0.041769 0.396377 0.184685 0.473913 0.199836 0.370290 0.210483 0.460870 0.226454
0 0.390942 0.249795 0.102174 0.049140 0.360870 0.225225 0.442029 0.245291 0.339855 0.256347 0.421014 0.274365
0 0.366304 0.290336 0.097826 0.042588 0.336232 0.269042 0.415217 0.280508 0.317391 0.308354 0.411594 0.311630
0 0.364493 0.341933 0.094203 0.039312 0.323188 0.324324 0.411594 0.322277 0.317391 0.360770 0.411594 0.361589
0 0.382609 0.396806 0.100000 0.053235 0.332609 0.378788 0.415217 0.370188 0.342029 0.423423 0.432609 0.407453
0 0.409783 0.454955 0.132609 0.054054 0.343478 0.437346 0.443478 0.427928 0.366667 0.481982 0.476087 0.463145
0 0.442754 0.510442 0.137681 0.061016 0.373913 0.493858 0.489130 0.479934 0.402174 0.540950 0.511594 0.522523
0 0.484058 0.570639 0.130435 0.057740 0.418841 0.556921 0.521015 0.541769 0.436232 0.599509 0.549275 0.587633
0 0.516667 0.634726 0.139130 0.062244 0.447101 0.617527 0.558696 0.603604 0.465942 0.665848 0.586232 0.653972
0 0.535507 0.706388 0.143478 0.055692 0.463768 0.683866 0.597826 0.678542 0.475362 0.734234 0.607246 0.734234
0 0.540217 0.778870 0.145652 0.057330 0.476812 0.754300 0.607246 0.750205 0.467391 0.807535 0.613043 0.807535
0 0.534420 0.851351 0.152899 0.050778 0.457971 0.825962 0.610870 0.826781 0.461594 0.876740 0.609420 0.870598
0 0.536594 0.912572 0.160145 0.041360 0.460145 0.895987 0.613043 0.891892 0.456522 0.933251 0.616667 0.933251