0 0.492871 0.045384 0.158745 0.021426 0.413498 0.040125 0.572243 0.034671 0.419202 0.056097 0.567491 0.056097
0 0.492871 0.078302 0.139734 0.024153 0.423004 0.067783 0.562738 0.066225 0.432510 0.090378 0.559886 0.088041
0 0.501901 0.118621 0.123574 0.030775 0.440114 0.103233 0.562738 0.103623 0.448669 0.134009 0.563688 0.133229
0 0.513308 0.165173 0.112167 0.031944 0.457224 0.149201 0.568441 0.150370 0.464829 0.181145 0.569392 0.179587
0 0.511407 0.216011 0.127376 0.039346 0.454373 0.198675 0.569392 0.196338 0.447719 0.233346 0.575095 0.235684
0 0.509506 0.264706 0.123574 0.034671 0.449620 0.248539 0.568441 0.247370 0.447719 0.281262 0.571293 0.282041
0 0.510932 0.315349 0.132129 0.040125 0.444867 0.298792 0.569392 0.295286 0.448669 0.335411 0.576996 0.331515
0 0.525190 0.364628 0.143536 0.042072 0.453422 0.348656 0.572243 0.343592 0.469582 0.385664 0.596958 0.379042
0 0.547529 0.413907 0.140684 0.043241 0.477186 0.400857 0.598859 0.392287 0.479087 0.435528 0.617871 0.430464
0 0.553707 0.464355 0.139734 0.041293 0.485741 0.447994 0.616920 0.443709 0.483840 0.485002 0.623574 0.482665
0 0.545152 0.520452 0.154943 0.041293 0.483840 0.499805 0.621673 0.500974 0.467681 0.539540 0.622624 0.541099
0 0.528517 0.575380 0.155894 0.044410 0.462928 0.553175 0.606464 0.557070 0.450570 0.589014 0.596008 0.597585
0 0.492871 0.631282 0.175856 0.052591 0.425856 0.604986 0.580799 0.622127 0.404943 0.641215 0.558935 0.657577
0 0.461502 0.694975 0.168251 0.052201 0.395437 0.668874 0.545627 0.680561 0.377376 0.710557 0.518061 0.721075
0 0.427757 0.765680 0.190114 0.054928 0.362167 0.738216 0.522814 0.745617 0.332700 0.785353 0.498099 0.793144
0 0.420627 0.842618 0.175856 0.052201 0.332700 0.816517 0.504753 0.816907 0.333650 0.868718 0.508555 0.865991
0 0.418251 0.904168 0.186312 0.028048 0.325095 0.890144 0.511407 0.891313 0.329848 0.915855 0.511407 0.918192