0 0.503501 0.091674 0.183473 0.037532 0.414566 0.072908 0.595238 0.075928 0.411765 0.106989 0.591036 0.110440
0 0.492297 0.140207 0.169468 0.044866 0.411765 0.117774 0.577031 0.118637 0.407563 0.154012 0.567227 0.162640
0 0.474090 0.185720 0.166667 0.039258 0.407563 0.166091 0.557423 0.173425 0.390756 0.196290 0.536415 0.205349
0 0.454482 0.228861 0.189076 0.038395 0.389356 0.209664 0.549020 0.220017 0.359944 0.243313 0.540616 0.248059
0 0.432773 0.277826 0.215686 0.038827 0.365546 0.258412 0.540616 0.263158 0.324930 0.289905 0.498599 0.297239
0 0.399860 0.325065 0.189076 0.036670 0.327731 0.308024 0.494398 0.306730 0.305322 0.343399 0.469188 0.342968
0 0.408964 0.380069 0.196078 0.048318 0.323529 0.358499 0.502801 0.355910 0.310924 0.404228 0.507003 0.400777
0 0.436274 0.431838 0.219888 0.038827 0.338936 0.415876 0.502801 0.412425 0.326331 0.451251 0.546219 0.442192
0 0.466387 0.481450 0.201681 0.046592 0.365546 0.469370 0.535014 0.458154 0.369748 0.504745 0.567227 0.494392
0 0.495098 0.536670 0.233894 0.053494 0.378151 0.519413 0.564426 0.509922 0.380952 0.563417 0.612045 0.549612
0 0.530112 0.592321 0.214286 0.052632 0.422969 0.576359 0.605042 0.566005 0.431373 0.618637 0.637255 0.617343
0 0.544118 0.657248 0.217087 0.042709 0.438375 0.638481 0.641457 0.635893 0.435574 0.677739 0.652661 0.678602
0 0.532913 0.716350 0.231092 0.049612 0.436975 0.691544 0.648459 0.699741 0.417367 0.727783 0.623249 0.741156
0 0.486695 0.778473 0.253501 0.054789 0.396359 0.751078 0.613445 0.761001 0.359944 0.789042 0.586835 0.805867
0 0.440476 0.848361 0.284314 0.061691 0.302521 0.817515 0.582633 0.831320 0.298319 0.867558 0.550420 0.879206
0 0.395658 0.913503 0.270308 0.055651 0.284314 0.885677 0.530812 0.896894 0.260504 0.930112 0.509804 0.941329
0 0.504202 0.052416 0.193277 0.031493 0.407563 0.036670 0.600840 0.038395 0.414566 0.063848 0.582633 0.068162