0 0.514316 0.110231 0.163309 0.039383 0.442206 0.090540 0.595970 0.098660 0.432662 0.121803 0.588547 0.129923
0 0.506363 0.151847 0.145281 0.035729 0.437964 0.133983 0.579003 0.139261 0.433722 0.166870 0.570520 0.169712
0 0.494168 0.200568 0.156946 0.041413 0.432662 0.179862 0.572641 0.192042 0.415695 0.207471 0.545069 0.221275
0 0.461294 0.243605 0.167550 0.046285 0.413574 0.220463 0.545069 0.233861 0.377519 0.248071 0.497349 0.266748
0 0.406681 0.289484 0.170732 0.048721 0.367975 0.265124 0.492047 0.281364 0.321315 0.296793 0.455992 0.313845
0 0.367444 0.332724 0.168611 0.042631 0.308590 0.311409 0.451750 0.322777 0.283139 0.347544 0.434783 0.354040
0 0.351538 0.379212 0.166490 0.038165 0.268293 0.360130 0.434783 0.367844 0.276776 0.398295 0.434783 0.389769
0 0.374867 0.431385 0.177094 0.054811 0.286320 0.415753 0.442206 0.403979 0.306469 0.458790 0.463415 0.435242
0 0.433192 0.479903 0.189820 0.057653 0.338282 0.473406 0.482503 0.451076 0.369035 0.508729 0.528102 0.482339
0 0.503181 0.527812 0.187699 0.062525 0.409332 0.525782 0.541888 0.496549 0.443266 0.559074 0.597031 0.530654
0 0.556734 0.580187 0.193001 0.056029 0.460233 0.579781 0.606575 0.552172 0.510074 0.608201 0.653234 0.588713
0 0.621421 0.641697 0.184518 0.052375 0.529162 0.622006 0.707317 0.615510 0.541888 0.659765 0.713680 0.667885
0 0.615058 0.708080 0.207847 0.060901 0.550371 0.677629 0.718982 0.697523 0.511135 0.718636 0.667020 0.738530
0 0.537116 0.766342 0.232238 0.068616 0.483563 0.732034 0.653234 0.763297 0.420997 0.775883 0.584305 0.800650
0 0.442206 0.834754 0.279958 0.082014 0.371156 0.793747 0.582184 0.829882 0.302227 0.846123 0.535525 0.875761
0 0.374867 0.919204 0.276776 0.063337 0.302227 0.887536 0.513256 0.907430 0.236479 0.937475 0.495228 0.950873
0 0.528632 0.073894 0.158006 0.029233 0.449629 0.059277 0.607635 0.063743 0.449629 0.079984 0.598091 0.088510