0 0.526368 0.082033 0.137313 0.037024 0.457711 0.063521 0.595025 0.067151 0.458706 0.093648 0.587065 0.100544
0 0.510945 0.124501 0.134328 0.038475 0.453731 0.105263 0.578109 0.115426 0.443781 0.131034 0.556219 0.143739
0 0.480597 0.163339 0.139303 0.042105 0.431841 0.142287 0.550249 0.156080 0.410945 0.169510 0.507463 0.184392
0 0.422886 0.199819 0.139303 0.043194 0.394030 0.178221 0.492537 0.194918 0.353234 0.203267 0.443781 0.221416
0 0.365672 0.234120 0.140299 0.040653 0.336318 0.213793 0.435821 0.229401 0.295522 0.238476 0.400995 0.254446
0 0.321393 0.271506 0.121393 0.040653 0.287562 0.251180 0.382090 0.262432 0.260697 0.282759 0.376119 0.291833
0 0.306965 0.314701 0.144279 0.033394 0.252736 0.298004 0.379104 0.301633 0.234826 0.331397 0.363184 0.331397
0 0.302985 0.363702 0.146269 0.040653 0.229851 0.348457 0.362189 0.343376 0.235821 0.384029 0.376119 0.379310
0 0.327861 0.414156 0.158209 0.050817 0.248756 0.399274 0.373134 0.388748 0.265672 0.439564 0.406965 0.425408
0 0.362189 0.466969 0.155224 0.056261 0.284577 0.454809 0.415920 0.438838 0.310448 0.495100 0.439801 0.478040
0 0.421393 0.519238 0.174129 0.054809 0.334328 0.509619 0.470647 0.491833 0.358209 0.546642 0.508458 0.527042
0 0.469652 0.572051 0.153234 0.050091 0.393035 0.567695 0.519403 0.547005 0.431841 0.597096 0.546269 0.585118
0 0.514925 0.634301 0.168159 0.049728 0.430846 0.623593 0.594030 0.609437 0.454726 0.659165 0.599005 0.652632
0 0.542786 0.701270 0.188060 0.050091 0.448756 0.678040 0.623881 0.676225 0.452736 0.725227 0.636816 0.726316
0 0.528358 0.767695 0.214925 0.050091 0.438806 0.742650 0.635821 0.746642 0.420896 0.790200 0.619901 0.792740
0 0.502985 0.830853 0.198010 0.036298 0.412935 0.812704 0.601990 0.814156 0.403980 0.847550 0.601990 0.849002
0 0.507960 0.883848 0.221891 0.039927 0.397015 0.863884 0.618905 0.863884 0.401990 0.903811 0.605970 0.902722