0 0.434932 0.047877 0.280822 0.054201 0.294521 0.046070 0.545662 0.020777 0.324201 0.074977 0.575342 0.055104
0 0.478310 0.094851 0.262557 0.057814 0.347032 0.093044 0.577626 0.065944 0.372146 0.123758 0.609589 0.102981
0 0.512557 0.143180 0.244292 0.056911 0.390411 0.139115 0.611872 0.114724 0.415525 0.171635 0.634703 0.147245
0 0.554795 0.186992 0.255708 0.061427 0.426941 0.185185 0.648402 0.156278 0.447489 0.217706 0.682648 0.185185
0 0.595890 0.233062 0.246575 0.066847 0.472603 0.236676 0.689498 0.199639 0.495434 0.266486 0.719178 0.225836
0 0.655251 0.275519 0.273973 0.065041 0.518265 0.281843 0.751142 0.242999 0.554795 0.308040 0.792237 0.272809
0 0.707763 0.317977 0.292237 0.065041 0.561644 0.322493 0.821918 0.285456 0.579909 0.350497 0.853881 0.327010
0 0.724886 0.368564 0.276256 0.046974 0.586758 0.360434 0.853881 0.345077 0.595890 0.392051 0.863014 0.381210
0 0.739726 0.420506 0.260274 0.040650 0.614155 0.404697 0.869863 0.400181 0.609589 0.437218 0.867580 0.440831
0 0.742009 0.471093 0.287671 0.040650 0.609589 0.450768 0.885845 0.463415 0.598173 0.483288 0.853881 0.491418
0 0.722603 0.518519 0.294521 0.037940 0.589041 0.499548 0.869863 0.503162 0.575342 0.536585 0.853881 0.537489
0 0.715753 0.569557 0.285388 0.038844 0.584475 0.555556 0.858447 0.550135 0.573059 0.587173 0.853881 0.588979
0 0.697489 0.633695 0.312785 0.047877 0.577626 0.609756 0.853881 0.612466 0.541096 0.647696 0.842466 0.657633
0 0.633562 0.714996 0.326484 0.103884 0.531963 0.663053 0.796804 0.738934 0.470320 0.694670 0.742009 0.766938
0 0.545662 0.765583 0.337900 0.087624 0.424658 0.721771 0.714612 0.785908 0.376712 0.750678 0.662100 0.809395
0 0.450913 0.816170 0.358447 0.085818 0.331050 0.773261 0.630137 0.834688 0.271690 0.816621 0.568493 0.859079
0 0.376712 0.892502 0.383562 0.110208 0.248858 0.837398 0.568493 0.874435 0.184932 0.903342 0.515982 0.947606