0 0.565318 0.041615 0.187283 0.035670 0.471676 0.034850 0.635838 0.023780 0.479769 0.059451 0.658960 0.052891
0 0.580925 0.079951 0.186127 0.041000 0.487861 0.067651 0.662428 0.059451 0.498266 0.093071 0.673988 0.100451
0 0.583815 0.123821 0.178035 0.043460 0.505202 0.102091 0.672832 0.109881 0.494798 0.129971 0.654335 0.145551
0 0.561272 0.164002 0.186127 0.046740 0.493642 0.140631 0.654335 0.151292 0.468208 0.172612 0.624277 0.187372
0 0.526590 0.206642 0.181503 0.053301 0.463584 0.179992 0.617341 0.195162 0.435838 0.218532 0.587283 0.233292
0 0.489017 0.255228 0.184971 0.048790 0.420809 0.230832 0.581503 0.242722 0.396532 0.266913 0.563006 0.279623
0 0.466474 0.302173 0.193064 0.042640 0.384971 0.280853 0.563006 0.287823 0.369942 0.322263 0.560694 0.323493
0 0.479769 0.355679 0.208092 0.047970 0.375723 0.338663 0.561850 0.331693 0.393064 0.379664 0.583815 0.363264
0 0.537572 0.403034 0.233526 0.063961 0.420809 0.395244 0.595376 0.371054 0.469364 0.435014 0.654335 0.404264
0 0.615607 0.448134 0.243931 0.068881 0.493642 0.444034 0.662428 0.413694 0.538728 0.482575 0.737572 0.449775
0 0.686127 0.500615 0.257803 0.061501 0.557225 0.492005 0.771098 0.469865 0.575723 0.531365 0.815029 0.517425
0 0.692486 0.564371 0.263584 0.052071 0.572254 0.538335 0.824277 0.540795 0.560694 0.580566 0.816185 0.590406
0 0.677457 0.629971 0.275145 0.066831 0.568786 0.596556 0.815029 0.614186 0.539884 0.640426 0.779191 0.663387
0 0.613873 0.695162 0.298266 0.080771 0.527168 0.654777 0.763006 0.689217 0.464740 0.700287 0.719075 0.735547
0 0.533526 0.761788 0.315607 0.083641 0.434682 0.719967 0.691329 0.754408 0.375723 0.764248 0.640462 0.803608
0 0.461272 0.829438 0.321387 0.076261 0.344509 0.791308 0.621965 0.820418 0.300578 0.845018 0.584971 0.867569
0 0.419653 0.906314 0.344509 0.070931 0.276301 0.870849 0.580347 0.882739 0.247399 0.927839 0.591908 0.941779