0 0.475884 0.059623 0.141479 0.025427 0.405145 0.049540 0.540193 0.046909 0.420150 0.072337 0.546624 0.069268
0 0.489818 0.092284 0.124330 0.024989 0.428725 0.080228 0.547696 0.079790 0.427653 0.104340 0.551983 0.104779
0 0.500000 0.129548 0.133976 0.030250 0.433012 0.117054 0.546624 0.114423 0.452304 0.144673 0.566988 0.144673
0 0.524652 0.174046 0.110397 0.038580 0.469453 0.156510 0.572347 0.154757 0.470525 0.190706 0.579850 0.193336
0 0.533762 0.220298 0.100750 0.031127 0.491961 0.204735 0.584137 0.205173 0.483387 0.231477 0.580922 0.235861
0 0.527867 0.264358 0.108253 0.035949 0.493033 0.246383 0.579850 0.246822 0.473741 0.280579 0.581994 0.282332
0 0.526795 0.312582 0.125402 0.036826 0.490890 0.294169 0.589496 0.297238 0.464094 0.326173 0.589496 0.330995
0 0.523580 0.357738 0.142551 0.035949 0.472669 0.340640 0.594855 0.339763 0.452304 0.375712 0.593783 0.375274
0 0.528939 0.406620 0.153269 0.039018 0.456592 0.390618 0.579850 0.387111 0.452304 0.426129 0.605573 0.419991
0 0.531083 0.457256 0.142551 0.046471 0.459807 0.439281 0.598071 0.434020 0.468382 0.480491 0.602358 0.470408
0 0.548767 0.510960 0.139335 0.046032 0.479100 0.492766 0.604502 0.487944 0.479100 0.533976 0.618435 0.526962
0 0.575027 0.570145 0.181136 0.046032 0.488746 0.549759 0.637728 0.547128 0.484459 0.593161 0.665595 0.587462
0 0.581458 0.627137 0.166131 0.038141 0.498392 0.611135 0.664523 0.608067 0.500536 0.646208 0.650590 0.644016
0 0.564845 0.694213 0.167203 0.048663 0.501608 0.674704 0.648446 0.669882 0.481243 0.708023 0.645230 0.718544
0 0.533226 0.759097 0.219721 0.054801 0.488746 0.731697 0.643087 0.750986 0.423365 0.764139 0.612004 0.786497
0 0.472669 0.821570 0.220793 0.062253 0.408360 0.790443 0.583065 0.809294 0.362272 0.833845 0.548767 0.852696
0 0.413719 0.890180 0.192926 0.032004 0.317256 0.880316 0.483387 0.874178 0.337621 0.906182 0.510182 0.900921