0 0.558712 0.070887 0.185606 0.021337 0.465909 0.060692 0.651515 0.060218 0.481061 0.077288 0.648990 0.081555
0 0.551136 0.100522 0.185606 0.021811 0.470960 0.089616 0.643939 0.091513 0.458333 0.111427 0.636364 0.110005
0 0.548611 0.128497 0.172980 0.018018 0.462121 0.119488 0.635101 0.119488 0.477273 0.135609 0.612374 0.137506
0 0.538510 0.167141 0.135101 0.036510 0.470960 0.148886 0.598485 0.153153 0.472222 0.184448 0.606061 0.185396
0 0.535354 0.216216 0.136364 0.032243 0.476010 0.200095 0.603535 0.202940 0.467172 0.228544 0.597222 0.232338
0 0.536616 0.261735 0.138889 0.030346 0.467172 0.249881 0.606061 0.246562 0.467172 0.274538 0.587121 0.276908
0 0.534091 0.311522 0.138889 0.035088 0.474747 0.293978 0.603535 0.293978 0.464646 0.329066 0.598485 0.326221
0 0.541035 0.356567 0.147727 0.033191 0.467172 0.344713 0.603535 0.339972 0.469697 0.373163 0.614899 0.372688
0 0.539773 0.404220 0.160354 0.040303 0.470960 0.385491 0.619950 0.384068 0.459596 0.419630 0.603535 0.424372
0 0.526515 0.457326 0.179293 0.040303 0.453283 0.437174 0.613636 0.441441 0.436869 0.473210 0.616162 0.477477
0 0.521465 0.512802 0.179293 0.036510 0.434343 0.494547 0.611111 0.495970 0.431818 0.526790 0.601010 0.531057
0 0.514520 0.573969 0.193182 0.041252 0.417929 0.553343 0.611111 0.555239 0.425505 0.589379 0.587121 0.594595
0 0.509470 0.640825 0.198232 0.044097 0.410354 0.619251 0.608586 0.618777 0.411616 0.657184 0.599747 0.662873
0 0.503788 0.699621 0.186869 0.039355 0.422980 0.679943 0.597222 0.686107 0.410354 0.719298 0.592172 0.719298
0 0.491793 0.767425 0.190657 0.045045 0.412879 0.744903 0.587121 0.751067 0.396465 0.784732 0.587121 0.789948
0 0.468434 0.834993 0.242424 0.051209 0.376263 0.809388 0.589646 0.816975 0.347222 0.851588 0.570707 0.860597
0 0.448232 0.897819 0.227273 0.040303 0.348485 0.877667 0.550505 0.879564 0.334596 0.910384 0.561869 0.917971