0 0.579103 0.034400 0.220779 0.031200 0.468713 0.023200 0.682409 0.018800 0.479339 0.050000 0.689492 0.043200
0 0.589728 0.069200 0.199528 0.031200 0.489965 0.058000 0.684770 0.053600 0.497048 0.084800 0.689492 0.082400
0 0.596222 0.108200 0.207792 0.036400 0.494687 0.092800 0.691854 0.090000 0.492326 0.124800 0.700118 0.126400
0 0.586187 0.152800 0.223140 0.040000 0.487603 0.132800 0.697757 0.134400 0.474616 0.162400 0.694215 0.172800
0 0.559032 0.201600 0.251476 0.060000 0.472255 0.171600 0.684770 0.182000 0.433294 0.213600 0.648170 0.231600
0 0.514168 0.249800 0.244392 0.055600 0.422668 0.222000 0.636364 0.244000 0.391972 0.253600 0.604486 0.277600
0 0.475207 0.294800 0.249115 0.061600 0.389610 0.264000 0.599764 0.284800 0.350649 0.302800 0.551358 0.325600
0 0.439787 0.343800 0.223140 0.054000 0.350649 0.316800 0.551358 0.331600 0.328217 0.363600 0.538371 0.370800
0 0.442149 0.402000 0.232586 0.048800 0.332940 0.377600 0.538371 0.377600 0.325856 0.426400 0.558442 0.416800
0 0.479339 0.454000 0.257379 0.062400 0.350649 0.438400 0.558442 0.422800 0.391972 0.485200 0.608028 0.461200
0 0.550177 0.506600 0.264463 0.074000 0.417946 0.497600 0.617473 0.469600 0.468713 0.543600 0.682409 0.514800
0 0.635773 0.562600 0.282172 0.073200 0.494687 0.552400 0.707202 0.526000 0.520661 0.599200 0.776860 0.579200
0 0.670602 0.624200 0.299882 0.064400 0.520661 0.614800 0.789847 0.592000 0.538371 0.656400 0.820543 0.646000
0 0.676505 0.692400 0.323495 0.058400 0.538371 0.663200 0.838253 0.665200 0.514758 0.706000 0.818182 0.721600
0 0.639906 0.755800 0.335301 0.084400 0.514758 0.713600 0.807556 0.744000 0.472255 0.752000 0.761511 0.798000
0 0.563164 0.820200 0.361275 0.099600 0.453365 0.770400 0.743802 0.814400 0.382527 0.822400 0.669421 0.870000
0 0.424439 0.897400 0.463991 0.114000 0.315230 0.840400 0.656434 0.889200 0.192444 0.886800 0.612751 0.954400