0 0.496970 0.066761 0.143434 0.058523 0.450505 0.037500 0.568687 0.072727 0.425253 0.066477 0.534343 0.096023
0 0.449495 0.107955 0.133333 0.056818 0.411111 0.079545 0.516162 0.113636 0.382828 0.102273 0.464646 0.136364
0 0.385859 0.148295 0.121212 0.059091 0.346465 0.118750 0.446465 0.148864 0.325253 0.144318 0.412121 0.177841
0 0.330303 0.182670 0.117172 0.057386 0.312121 0.153977 0.388889 0.188068 0.271717 0.184659 0.356566 0.211364
0 0.272222 0.227273 0.138384 0.061364 0.259596 0.196591 0.341414 0.225000 0.203030 0.217045 0.284848 0.257955
0 0.200505 0.256818 0.134343 0.051136 0.175758 0.231250 0.267677 0.267614 0.133333 0.251136 0.236364 0.282386
0 0.159091 0.296875 0.128283 0.046023 0.119192 0.273864 0.223232 0.293750 0.094949 0.310227 0.206061 0.319886
0 0.147475 0.345170 0.121212 0.039205 0.092929 0.325568 0.208081 0.335227 0.086869 0.360795 0.204040 0.364773
0 0.152525 0.392898 0.147475 0.039205 0.078788 0.378409 0.212121 0.373295 0.085859 0.412500 0.226263 0.406818
0 0.156566 0.450568 0.147475 0.052273 0.082828 0.434659 0.227273 0.424432 0.096970 0.476705 0.230303 0.444318
0 0.184848 0.496591 0.161616 0.081818 0.104040 0.502273 0.240404 0.455682 0.138384 0.537500 0.265657 0.482386
0 0.234848 0.536080 0.148485 0.067614 0.160606 0.549432 0.273737 0.502273 0.208081 0.569886 0.309091 0.534091
0 0.290909 0.586364 0.149495 0.060227 0.216162 0.586932 0.335354 0.556250 0.269697 0.616477 0.365657 0.584659
0 0.373737 0.644318 0.149495 0.071591 0.298990 0.636932 0.400000 0.608523 0.332323 0.680114 0.448485 0.644318
0 0.445455 0.707386 0.183838 0.076136 0.353535 0.701136 0.466667 0.669318 0.404040 0.745455 0.537374 0.720455
0 0.501010 0.780114 0.159596 0.071591 0.421212 0.765341 0.549495 0.744318 0.453535 0.815909 0.580808 0.806250
0 0.525253 0.853977 0.133333 0.042045 0.458586 0.839773 0.584848 0.832955 0.462626 0.874432 0.591919 0.875000