0 0.722965 0.045434 0.208991 0.052122 0.637910 0.019373 0.827461 0.039207 0.618469 0.045664 0.797084 0.071494
0 0.674970 0.089714 0.219927 0.065959 0.608748 0.056734 0.784933 0.079336 0.565006 0.088561 0.726610 0.122694
0 0.600243 0.133994 0.218712 0.065037 0.557716 0.101476 0.709599 0.132380 0.490887 0.124077 0.633050 0.166513
0 0.520656 0.169280 0.217497 0.080258 0.479951 0.129151 0.629405 0.174354 0.411908 0.152675 0.543135 0.209410
0 0.433779 0.200415 0.206561 0.075185 0.394897 0.162823 0.537060 0.213561 0.330498 0.186808 0.482382 0.238007
0 0.363305 0.231550 0.233293 0.078413 0.317132 0.192343 0.479951 0.242159 0.246659 0.230166 0.425273 0.270756
0 0.297084 0.275138 0.244228 0.070572 0.236938 0.239852 0.419198 0.274446 0.174970 0.278137 0.394897 0.310424
0 0.264885 0.321264 0.255164 0.068727 0.174970 0.286900 0.392467 0.314576 0.137303 0.328413 0.353584 0.355627
0 0.230863 0.372694 0.235723 0.057196 0.136087 0.344096 0.348724 0.361162 0.113001 0.393450 0.325638 0.401292
0 0.213852 0.434963 0.240583 0.059041 0.109356 0.405443 0.324423 0.407288 0.093560 0.464483 0.334143 0.462177
0 0.215674 0.501153 0.246659 0.066882 0.092345 0.474170 0.339004 0.467712 0.103281 0.534594 0.339004 0.517989
0 0.251519 0.566651 0.286756 0.082565 0.108141 0.545203 0.345079 0.525369 0.137303 0.607934 0.394897 0.579797
0 0.301944 0.631227 0.283111 0.089945 0.160389 0.624539 0.400972 0.586255 0.229648 0.676199 0.443499 0.630074
0 0.388214 0.689576 0.307412 0.099631 0.234508 0.683118 0.448360 0.639760 0.320778 0.739391 0.541920 0.688192
0 0.515188 0.764530 0.320778 0.109317 0.354800 0.761070 0.582017 0.709871 0.428919 0.819188 0.675577 0.773524
0 0.627582 0.841790 0.360875 0.102399 0.447145 0.833487 0.712029 0.790590 0.520049 0.892989 0.808019 0.857011
0 0.718104 0.922509 0.357230 0.091328 0.539490 0.909594 0.826245 0.876845 0.567436 0.968173 0.896719 0.940498