0 0.561790 0.039679 0.251420 0.030317 0.436080 0.024521 0.687500 0.026750 0.436080 0.051271 0.678977 0.054837
0 0.561080 0.072002 0.238636 0.030762 0.441761 0.056621 0.680398 0.058404 0.441761 0.082479 0.661932 0.087383
0 0.551136 0.108114 0.213068 0.036112 0.451705 0.090058 0.657670 0.094070 0.444602 0.115916 0.619318 0.126170
0 0.519886 0.147347 0.201705 0.045921 0.437500 0.124387 0.620739 0.130629 0.419034 0.157379 0.592330 0.170308
0 0.473011 0.189255 0.213068 0.049487 0.414773 0.164512 0.579545 0.177441 0.366477 0.195274 0.556818 0.213999
0 0.428267 0.239189 0.265625 0.064646 0.352273 0.206866 0.561080 0.222470 0.295455 0.241641 0.529830 0.271511
0 0.377131 0.287338 0.302557 0.072671 0.285511 0.251003 0.528409 0.275970 0.225852 0.297815 0.487216 0.323674
0 0.337358 0.339055 0.299716 0.048596 0.198864 0.314757 0.487216 0.329469 0.187500 0.354882 0.468750 0.363353
0 0.325994 0.388542 0.276989 0.038787 0.187500 0.369148 0.464489 0.369148 0.193182 0.407936 0.455966 0.405707
0 0.339489 0.442934 0.284091 0.061079 0.197443 0.428444 0.454545 0.412394 0.225852 0.473473 0.481534 0.451181
0 0.400568 0.499108 0.298295 0.074454 0.251420 0.494427 0.491477 0.461881 0.298295 0.536335 0.549716 0.504681
0 0.480114 0.558404 0.326705 0.077129 0.316761 0.545252 0.568182 0.519840 0.343750 0.596968 0.643466 0.565314
0 0.513494 0.616362 0.302557 0.064646 0.362216 0.604102 0.656250 0.584039 0.393466 0.648685 0.664773 0.637985
0 0.545455 0.687249 0.298295 0.056621 0.396307 0.662506 0.694602 0.658939 0.396307 0.708426 0.688920 0.715560
0 0.530540 0.752118 0.328125 0.067766 0.396307 0.718234 0.694602 0.733839 0.366477 0.767722 0.666193 0.786001
0 0.491477 0.821445 0.357955 0.070887 0.357955 0.786001 0.670455 0.806063 0.312500 0.836826 0.634943 0.856888
0 0.432528 0.893669 0.367898 0.059296 0.258523 0.864021 0.616477 0.873830 0.248580 0.909050 0.593750 0.923317