0 0.497704 0.046438 0.135905 0.020464 0.430670 0.038567 0.565657 0.036206 0.429752 0.056671 0.559229 0.056671
0 0.499541 0.082448 0.128558 0.027155 0.435262 0.068871 0.557392 0.070051 0.441690 0.093664 0.563820 0.096025
0 0.496786 0.123967 0.119376 0.037780 0.446281 0.105077 0.556474 0.106651 0.437098 0.137741 0.541781 0.142857
0 0.486226 0.170405 0.101928 0.040142 0.444444 0.150335 0.537190 0.153483 0.435262 0.185754 0.531680 0.190476
0 0.475666 0.218221 0.113866 0.035026 0.423324 0.200708 0.532599 0.203463 0.418733 0.231798 0.512397 0.235734
0 0.445822 0.265447 0.136823 0.040535 0.404959 0.245179 0.514233 0.251082 0.377410 0.277843 0.501377 0.285714
0 0.440312 0.311295 0.122130 0.040142 0.383838 0.291224 0.501377 0.297521 0.379247 0.327037 0.494031 0.331366
0 0.435262 0.358717 0.135905 0.040535 0.381084 0.338449 0.498623 0.339630 0.367309 0.378985 0.503214 0.375049
0 0.441230 0.409681 0.144169 0.043290 0.371901 0.390791 0.494031 0.388036 0.369146 0.431326 0.513315 0.426210
0 0.452250 0.462416 0.146006 0.044077 0.386593 0.445887 0.502296 0.440378 0.379247 0.484455 0.525253 0.475797
0 0.479798 0.519677 0.162534 0.053916 0.398531 0.504526 0.526171 0.492719 0.424242 0.546635 0.561065 0.526564
0 0.516070 0.570248 0.146924 0.055096 0.442608 0.557261 0.562902 0.542700 0.461892 0.597796 0.589532 0.584416
0 0.550046 0.628493 0.167126 0.058245 0.466483 0.614719 0.609734 0.599370 0.487603 0.657615 0.633609 0.648564
0 0.569330 0.700708 0.163453 0.050767 0.487603 0.675325 0.651056 0.677686 0.488522 0.726092 0.651056 0.724518
0 0.552801 0.773711 0.185491 0.054309 0.469238 0.746556 0.645546 0.750492 0.460055 0.794963 0.642792 0.800866
0 0.536731 0.848091 0.202938 0.062967 0.454545 0.816608 0.638200 0.826446 0.435262 0.868162 0.609734 0.879575
0 0.510101 0.922471 0.201102 0.061393 0.426997 0.891775 0.610652 0.904762 0.409550 0.943723 0.601469 0.953168