0 0.534497 0.063101 0.134663 0.022316 0.467165 0.051943 0.601829 0.056945 0.472153 0.071951 0.600998 0.074259
0 0.532419 0.097538 0.135495 0.028088 0.464672 0.083494 0.600166 0.086572 0.465503 0.106579 0.586866 0.111581
0 0.520781 0.131974 0.125520 0.030012 0.462178 0.116968 0.583541 0.121585 0.458022 0.141978 0.576891 0.146980
0 0.507066 0.171220 0.136326 0.035398 0.453865 0.153521 0.575229 0.160062 0.438903 0.179684 0.560266 0.188919
0 0.479634 0.215083 0.136326 0.042324 0.427265 0.193921 0.547797 0.202770 0.411471 0.222778 0.538653 0.236245
0 0.451372 0.263563 0.167914 0.056175 0.400665 0.235475 0.535328 0.252790 0.367415 0.275875 0.507066 0.291651
0 0.414796 0.318199 0.171239 0.051558 0.347465 0.292420 0.500416 0.303963 0.329177 0.333975 0.482959 0.343978
0 0.393184 0.369565 0.161264 0.038092 0.315877 0.350519 0.472153 0.357830 0.312552 0.383994 0.473815 0.388611
0 0.388196 0.419584 0.174564 0.041939 0.310889 0.399384 0.473815 0.398615 0.300914 0.440554 0.475478 0.427472
0 0.402328 0.472297 0.182876 0.059638 0.310889 0.457484 0.470490 0.442478 0.333333 0.502116 0.493766 0.483263
0 0.443475 0.524240 0.180382 0.058869 0.353283 0.521739 0.506234 0.494806 0.385702 0.553675 0.533666 0.522893
0 0.489194 0.570027 0.177057 0.059638 0.400665 0.568680 0.551122 0.540208 0.426434 0.599846 0.577722 0.575991
0 0.530341 0.618892 0.182876 0.056560 0.438903 0.612543 0.586035 0.590612 0.466334 0.647172 0.621779 0.632166
0 0.559850 0.686418 0.178720 0.057715 0.470490 0.665641 0.634248 0.657561 0.482128 0.715275 0.649210 0.708734
0 0.573566 0.760870 0.172901 0.058869 0.488778 0.733744 0.660017 0.731435 0.487116 0.787995 0.658354 0.790304
0 0.558603 0.839554 0.184539 0.064640 0.477972 0.807234 0.650873 0.811851 0.466334 0.864563 0.635910 0.871874
0 0.549460 0.905925 0.189526 0.032705 0.457190 0.889573 0.644223 0.891881 0.454697 0.922278 0.637573 0.921893