0 0.516184 0.037532 0.299830 0.041131 0.366269 0.016967 0.666099 0.020566 0.376491 0.041645 0.632027 0.058098
0 0.482112 0.075064 0.262351 0.047301 0.376491 0.051414 0.613288 0.069409 0.350937 0.082776 0.584327 0.098715
0 0.446337 0.118509 0.258944 0.056041 0.354344 0.090488 0.575809 0.108483 0.316865 0.120823 0.528109 0.146530
0 0.387564 0.159383 0.236797 0.052442 0.310051 0.133162 0.505963 0.153213 0.269165 0.164524 0.473595 0.185604
0 0.351789 0.205141 0.236797 0.046272 0.262351 0.182005 0.470187 0.197943 0.233390 0.211311 0.442930 0.228278
0 0.314310 0.249357 0.229983 0.042159 0.221465 0.228278 0.429302 0.237018 0.199319 0.261697 0.417376 0.270437
0 0.302385 0.296144 0.229983 0.033933 0.206133 0.279177 0.417376 0.279177 0.187394 0.311568 0.417376 0.313111
0 0.319421 0.344987 0.233390 0.046272 0.202726 0.329563 0.420784 0.321851 0.211244 0.368123 0.436116 0.355784
0 0.357751 0.392545 0.252129 0.056041 0.231687 0.382519 0.441227 0.364524 0.253833 0.420566 0.483816 0.400000
0 0.418228 0.439589 0.274276 0.061697 0.281090 0.435476 0.514480 0.408740 0.320273 0.470437 0.555366 0.445244
0 0.486371 0.491003 0.301533 0.065810 0.335605 0.484319 0.563884 0.458098 0.374787 0.523907 0.637138 0.497686
0 0.548552 0.544987 0.313458 0.059640 0.391823 0.537275 0.647359 0.515167 0.419080 0.574807 0.705281 0.556298
0 0.592845 0.607712 0.306644 0.050386 0.439523 0.593316 0.730835 0.582519 0.439523 0.632905 0.746167 0.625707
0 0.602215 0.676864 0.311755 0.046787 0.446337 0.653470 0.756388 0.655013 0.446337 0.696658 0.758092 0.700257
0 0.575809 0.744987 0.327087 0.057584 0.432709 0.716195 0.739353 0.727506 0.412266 0.756812 0.737649 0.773779
0 0.507666 0.818252 0.408859 0.081748 0.383305 0.777378 0.712095 0.800000 0.303237 0.827763 0.700170 0.859126
0 0.461670 0.887661 0.449744 0.084833 0.279387 0.845244 0.686542 0.871979 0.236797 0.893573 0.626917 0.930077