0 0.572110 0.046177 0.207390 0.028780 0.468415 0.034364 0.675805 0.031787 0.488677 0.060567 0.671037 0.058849
0 0.584625 0.085696 0.177592 0.033076 0.495828 0.072595 0.673421 0.069158 0.495828 0.097938 0.671037 0.102234
0 0.578069 0.132517 0.190703 0.050258 0.495828 0.107388 0.673421 0.114261 0.482718 0.139605 0.654350 0.157646
0 0.555423 0.184064 0.193087 0.066581 0.473182 0.150773 0.651967 0.165378 0.458880 0.186426 0.600715 0.217354
0 0.486889 0.233462 0.201430 0.064003 0.439809 0.201460 0.587604 0.226804 0.386174 0.235825 0.526818 0.265464
0 0.390346 0.277706 0.215733 0.067440 0.371871 0.243986 0.498212 0.276203 0.282479 0.276632 0.410012 0.311426
0 0.286651 0.319158 0.220501 0.067010 0.250298 0.285653 0.396901 0.318729 0.176400 0.323454 0.328963 0.352663
0 0.219905 0.365979 0.203814 0.058419 0.152563 0.336770 0.321812 0.360825 0.117998 0.384021 0.296782 0.395189
0 0.217521 0.429768 0.201430 0.057131 0.116806 0.403351 0.299166 0.401203 0.134684 0.458333 0.318236 0.440292
0 0.263409 0.480241 0.235995 0.069588 0.145411 0.472079 0.321812 0.445447 0.200238 0.515034 0.381406 0.476375
0 0.359356 0.524914 0.263409 0.079897 0.227652 0.529210 0.399285 0.484966 0.326579 0.564863 0.491061 0.520189
0 0.473182 0.573668 0.264601 0.082904 0.340882 0.573883 0.528010 0.532216 0.395709 0.615120 0.605483 0.570876
0 0.581645 0.629725 0.286055 0.077320 0.438617 0.623282 0.662694 0.591065 0.482718 0.668385 0.724672 0.643471
0 0.624553 0.700172 0.262217 0.061856 0.493445 0.678265 0.749702 0.669244 0.504172 0.728522 0.755661 0.731100
0 0.611442 0.779210 0.293206 0.079038 0.499404 0.739691 0.758045 0.755584 0.464839 0.800687 0.724672 0.818729
0 0.558403 0.858247 0.294398 0.084192 0.456496 0.816151 0.705602 0.839777 0.411204 0.875000 0.660310 0.900344
0 0.493445 0.922680 0.321812 0.065292 0.387366 0.890034 0.654350 0.910653 0.332539 0.928265 0.622169 0.955326