0 0.415863 0.136255 0.141479 0.028585 0.345123 0.121963 0.486602 0.124821 0.346195 0.145307 0.482315 0.150548
0 0.409432 0.175322 0.139335 0.037161 0.346195 0.156741 0.479100 0.164840 0.339764 0.185326 0.459807 0.193902
0 0.389603 0.218676 0.129689 0.040019 0.331190 0.198666 0.454448 0.208194 0.324759 0.224869 0.430868 0.238685
0 0.353162 0.256789 0.140407 0.039066 0.310825 0.237256 0.423365 0.251072 0.282958 0.258695 0.389068 0.276322
0 0.306002 0.294188 0.133976 0.046212 0.262594 0.271081 0.372990 0.290138 0.239014 0.297761 0.345123 0.317294
0 0.269561 0.331825 0.133976 0.040495 0.227224 0.311577 0.336549 0.329681 0.202572 0.340638 0.296892 0.352072
0 0.226688 0.371844 0.123258 0.035731 0.192926 0.353978 0.288317 0.363030 0.165059 0.381610 0.274384 0.389709
0 0.208467 0.416865 0.116827 0.028585 0.154341 0.402573 0.266881 0.403526 0.150054 0.428776 0.262594 0.431158
0 0.209003 0.464983 0.115756 0.039066 0.151125 0.449262 0.265809 0.445450 0.159700 0.484516 0.266881 0.471653
0 0.244373 0.512625 0.143623 0.052406 0.172562 0.505002 0.288317 0.486422 0.204716 0.538828 0.316184 0.518342
0 0.292605 0.560267 0.154341 0.055264 0.215434 0.557408 0.326902 0.532635 0.251876 0.587899 0.369775 0.561696
0 0.364416 0.609814 0.160772 0.062887 0.284030 0.607432 0.397642 0.578371 0.325831 0.641258 0.444802 0.610767
0 0.437835 0.661744 0.178992 0.071463 0.348339 0.662697 0.472669 0.626012 0.385852 0.697475 0.527331 0.663173
0 0.511254 0.720105 0.175777 0.065269 0.423365 0.721772 0.549839 0.687470 0.461951 0.752739 0.599143 0.721772
0 0.565916 0.777037 0.175777 0.055264 0.478028 0.775607 0.637728 0.749404 0.503751 0.804669 0.653805 0.784183
0 0.609861 0.847785 0.180064 0.052882 0.519828 0.833730 0.680600 0.821343 0.529475 0.874226 0.699893 0.864221
0 0.620579 0.917580 0.182208 0.044783 0.533762 0.900905 0.705252 0.895188 0.529475 0.939971 0.711683 0.939971