0 0.479096 0.055021 0.144198 0.038912 0.407850 0.035565 0.551195 0.043096 0.406997 0.067364 0.531570 0.074477
0 0.454778 0.101883 0.126280 0.043933 0.404437 0.079916 0.517918 0.087029 0.391638 0.109623 0.503413 0.123849
0 0.431741 0.148745 0.124573 0.047280 0.390785 0.125105 0.494027 0.137657 0.369454 0.154393 0.461604 0.172385
0 0.387799 0.194351 0.125427 0.052301 0.352389 0.168201 0.450512 0.188703 0.325085 0.197490 0.424915 0.220502
0 0.338737 0.237866 0.129693 0.053975 0.315700 0.210879 0.403584 0.230126 0.273891 0.238912 0.371160 0.264854
0 0.280290 0.277615 0.144198 0.059833 0.255973 0.247699 0.352389 0.273222 0.208191 0.284100 0.318259 0.307531
0 0.229949 0.321548 0.142491 0.059833 0.197099 0.291632 0.301195 0.314644 0.158703 0.332636 0.274744 0.351464
0 0.191980 0.374477 0.139932 0.054393 0.156143 0.347280 0.261945 0.362761 0.122014 0.391632 0.250853 0.401674
0 0.179181 0.432008 0.136519 0.049791 0.112628 0.407113 0.247440 0.410879 0.110922 0.456904 0.247440 0.450209
0 0.186007 0.490586 0.145051 0.058996 0.113481 0.472385 0.245734 0.461088 0.129693 0.520084 0.258532 0.506695
0 0.220990 0.553347 0.172355 0.070711 0.134812 0.537238 0.266212 0.517992 0.169795 0.588703 0.307167 0.556904
0 0.289249 0.609205 0.189420 0.083682 0.194539 0.600418 0.312287 0.567364 0.249147 0.651046 0.383959 0.614644
0 0.363908 0.665063 0.191980 0.086611 0.267918 0.666946 0.401877 0.621757 0.329352 0.708368 0.459898 0.669456
0 0.459044 0.726569 0.177474 0.084100 0.370307 0.725523 0.497440 0.684519 0.412116 0.768619 0.547782 0.724268
0 0.536689 0.794142 0.199659 0.082845 0.436860 0.785774 0.585324 0.752720 0.471843 0.835565 0.636519 0.803766
0 0.583191 0.864017 0.209044 0.072803 0.478669 0.848954 0.653584 0.827615 0.494881 0.900418 0.687713 0.888285
0 0.597270 0.938703 0.203072 0.036402 0.497440 0.920502 0.686860 0.922176 0.495734 0.956904 0.698805 0.956485