0 0.663447 0.038996 0.224368 0.035525 0.551263 0.026133 0.775631 0.021233 0.551263 0.054716 0.769688 0.056758
0 0.669391 0.092078 0.212481 0.042875 0.566122 0.072274 0.775631 0.070641 0.563150 0.106982 0.775631 0.113516
0 0.666419 0.141486 0.212481 0.042875 0.563150 0.120049 0.772660 0.123316 0.560178 0.155574 0.763744 0.162924
0 0.652303 0.194569 0.222883 0.046958 0.554235 0.171090 0.763744 0.175174 0.540862 0.207432 0.757801 0.218048
0 0.644874 0.246427 0.225854 0.043691 0.548291 0.224581 0.757801 0.226215 0.531946 0.264189 0.748886 0.268273
0 0.630015 0.297060 0.255572 0.043691 0.534918 0.275214 0.757801 0.277664 0.502229 0.317272 0.745914 0.318906
0 0.610698 0.350960 0.258544 0.051041 0.505201 0.325439 0.739970 0.329522 0.481426 0.373214 0.725111 0.376480
0 0.598811 0.407717 0.264487 0.049408 0.487370 0.383013 0.731055 0.384647 0.466568 0.424255 0.725111 0.432421
0 0.586924 0.457942 0.306092 0.044508 0.466568 0.435688 0.728083 0.441813 0.433878 0.474479 0.739970 0.480196
0 0.582467 0.518783 0.320951 0.053491 0.439822 0.492038 0.742942 0.493671 0.421991 0.539812 0.742942 0.545529
0 0.575037 0.576358 0.312036 0.046958 0.421991 0.553695 0.722140 0.552879 0.419019 0.596570 0.731055 0.599837
0 0.600297 0.640874 0.338782 0.056758 0.430906 0.618212 0.739970 0.612495 0.451709 0.669253 0.769688 0.656186
0 0.643388 0.701715 0.359584 0.060024 0.463596 0.681503 0.790490 0.671703 0.475483 0.731727 0.823180 0.723561
0 0.659733 0.774398 0.368499 0.053491 0.484398 0.752552 0.838039 0.747652 0.475483 0.796243 0.843982 0.801143
0 0.616642 0.844835 0.401189 0.082483 0.472511 0.803593 0.817236 0.846468 0.416048 0.826868 0.739970 0.886076
0 0.510401 0.880563 0.429421 0.091058 0.395245 0.835035 0.725111 0.891793 0.295691 0.855860 0.658247 0.926092
0 0.379643 0.918742 0.515602 0.098816 0.254086 0.869334 0.637444 0.930992 0.121842 0.891384 0.526003 0.968150