0 0.493827 0.051971 0.172840 0.024343 0.407407 0.042504 0.580247 0.039799 0.423120 0.064142 0.576880 0.061051
0 0.502806 0.083076 0.141414 0.025502 0.432099 0.073802 0.563412 0.070325 0.439955 0.095827 0.573513 0.093122
0 0.519641 0.119784 0.116723 0.028594 0.461279 0.107419 0.570146 0.105487 0.462402 0.134080 0.578002 0.132535
0 0.542649 0.161901 0.122334 0.032457 0.481481 0.145672 0.598204 0.146059 0.482604 0.178130 0.603816 0.171947
0 0.552750 0.209428 0.113356 0.043277 0.497194 0.190881 0.607183 0.187790 0.496072 0.231066 0.609428 0.227975
0 0.563973 0.260626 0.138047 0.035935 0.502806 0.247295 0.616162 0.242658 0.494949 0.278594 0.632997 0.277434
0 0.564534 0.311051 0.143659 0.034776 0.502806 0.293663 0.626263 0.293663 0.492705 0.328439 0.636364 0.327666
0 0.565657 0.360317 0.161616 0.033617 0.494949 0.343895 0.631874 0.343509 0.484848 0.374034 0.646465 0.377125
0 0.561728 0.411321 0.171717 0.032844 0.485971 0.394900 0.635241 0.394900 0.475870 0.424266 0.647587 0.427743
0 0.559484 0.461167 0.173962 0.039026 0.481481 0.445904 0.639731 0.441654 0.472503 0.480680 0.646465 0.480294
0 0.564534 0.522025 0.181818 0.042504 0.473625 0.500773 0.649832 0.500773 0.485971 0.540572 0.655443 0.543277
0 0.579686 0.582496 0.203143 0.049073 0.482604 0.559119 0.662177 0.557960 0.478114 0.601623 0.681257 0.607032
0 0.571268 0.645866 0.197531 0.049073 0.474747 0.621329 0.670034 0.624034 0.472503 0.665765 0.666667 0.670402
0 0.562290 0.706917 0.193042 0.049845 0.466891 0.681994 0.658810 0.685858 0.465769 0.727202 0.646465 0.731839
0 0.546577 0.767002 0.210999 0.040958 0.453423 0.746522 0.652076 0.752318 0.441077 0.784776 0.644220 0.787481
0 0.519080 0.837326 0.212121 0.071870 0.436588 0.801391 0.625140 0.806801 0.413019 0.869011 0.615039 0.873261
0 0.490460 0.917311 0.242424 0.051777 0.388328 0.891422 0.611672 0.894127 0.369248 0.939335 0.604938 0.943199