0 0.478670 0.062296 0.217064 0.021650 0.370138 0.053105 0.580929 0.051471 0.385194 0.071895 0.587202 0.073121
0 0.476788 0.090891 0.188206 0.017565 0.385194 0.082516 0.570891 0.082108 0.382685 0.097222 0.569636 0.099673
0 0.478670 0.120711 0.174404 0.017565 0.391468 0.111928 0.564617 0.111928 0.392723 0.129085 0.565872 0.129493
0 0.473651 0.157884 0.176913 0.025735 0.392723 0.145016 0.558344 0.150327 0.385194 0.169935 0.562108 0.170752
0 0.460477 0.203840 0.190715 0.028595 0.386449 0.190768 0.555834 0.189542 0.365119 0.218137 0.533250 0.217729
0 0.430991 0.249591 0.194479 0.025327 0.360100 0.238562 0.526976 0.236928 0.333752 0.261846 0.528231 0.262255
0 0.422208 0.293505 0.189460 0.014297 0.332497 0.286356 0.516939 0.287582 0.327478 0.299020 0.513174 0.300654
0 0.414053 0.341299 0.215809 0.014297 0.311167 0.334150 0.506901 0.336601 0.306148 0.346405 0.521957 0.348448
0 0.409661 0.387459 0.227102 0.016748 0.298620 0.381127 0.523212 0.379085 0.296110 0.395833 0.520703 0.394199
0 0.398369 0.444444 0.214555 0.024510 0.293601 0.432190 0.505646 0.433824 0.291092 0.452206 0.500627 0.456699
0 0.400251 0.504085 0.235885 0.019608 0.282309 0.494690 0.518193 0.494281 0.296110 0.513889 0.511920 0.511029
0 0.422208 0.559028 0.257215 0.024918 0.293601 0.552696 0.548306 0.546569 0.293601 0.571487 0.550816 0.561275
0 0.439147 0.617647 0.243413 0.031046 0.317440 0.608660 0.560853 0.602124 0.327478 0.633170 0.558344 0.624183
0 0.451694 0.676062 0.245922 0.029412 0.341280 0.665850 0.558344 0.661356 0.328733 0.690768 0.574655 0.687908
0 0.457340 0.735703 0.244668 0.026144 0.336261 0.726307 0.575910 0.722631 0.335006 0.748775 0.579674 0.744281
0 0.457967 0.797181 0.250941 0.029820 0.341280 0.787173 0.569636 0.782271 0.332497 0.812092 0.583438 0.808415
0 0.456713 0.868873 0.281054 0.027778 0.340025 0.857843 0.597240 0.854984 0.316186 0.881536 0.585947 0.882761