0 0.586576 0.034717 0.301556 0.030189 0.435798 0.024151 0.737354 0.019623 0.447471 0.049057 0.727626 0.049811
0 0.597276 0.078868 0.268482 0.035472 0.463035 0.061887 0.731517 0.061132 0.463035 0.095094 0.715953 0.096604
0 0.593385 0.119245 0.252918 0.033208 0.466926 0.103396 0.719844 0.102642 0.494163 0.135849 0.698444 0.132830
0 0.583658 0.169811 0.217899 0.052830 0.480545 0.143396 0.692607 0.153962 0.474708 0.178868 0.665370 0.196226
0 0.551556 0.226792 0.250973 0.059623 0.459144 0.196981 0.677043 0.211321 0.426070 0.245283 0.642023 0.256604
0 0.542802 0.286038 0.237354 0.045283 0.424125 0.264151 0.645914 0.263396 0.449416 0.308679 0.661479 0.297358
0 0.568093 0.335094 0.225681 0.057358 0.455253 0.316981 0.667315 0.306415 0.466926 0.363774 0.680934 0.347925
0 0.565175 0.393208 0.250973 0.043774 0.464981 0.372075 0.675097 0.371321 0.439689 0.407547 0.690661 0.415094
0 0.545720 0.446038 0.270428 0.064906 0.447471 0.413585 0.680934 0.445283 0.410506 0.444528 0.638132 0.478491
0 0.468872 0.489434 0.303502 0.067170 0.396887 0.455849 0.620623 0.501132 0.317121 0.484528 0.564202 0.523019
0 0.420233 0.543019 0.287938 0.052075 0.293774 0.516981 0.564202 0.540377 0.276265 0.563019 0.558366 0.569057
0 0.427043 0.607170 0.282101 0.049057 0.291829 0.587170 0.564202 0.582641 0.285992 0.631698 0.568093 0.620377
0 0.464008 0.673585 0.324903 0.061132 0.301556 0.658868 0.581712 0.643019 0.322957 0.704151 0.626459 0.689057
0 0.504864 0.751321 0.328794 0.064151 0.340467 0.723019 0.642023 0.719245 0.346303 0.777358 0.669261 0.783396
0 0.497082 0.815094 0.340467 0.055849 0.342412 0.787170 0.667315 0.794717 0.326848 0.833962 0.661479 0.843019
0 0.490272 0.872075 0.342412 0.055094 0.330739 0.844528 0.661479 0.856604 0.319066 0.889057 0.649805 0.899623
0 0.478599 0.925283 0.319066 0.048302 0.319066 0.901132 0.638132 0.913962 0.319066 0.935094 0.626459 0.949434