0 0.577612 0.043793 0.168159 0.034552 0.493532 0.026517 0.661692 0.026517 0.501493 0.061069 0.646766 0.060265
0 0.584080 0.092607 0.165174 0.037364 0.501493 0.077943 0.651741 0.073925 0.514428 0.111290 0.666667 0.111290
0 0.576617 0.137003 0.166169 0.030534 0.496517 0.121736 0.656716 0.128164 0.493532 0.149056 0.659701 0.152270
0 0.560697 0.183608 0.160199 0.037766 0.480597 0.164725 0.640796 0.171153 0.480597 0.190036 0.617910 0.202491
0 0.532338 0.226999 0.149254 0.034552 0.490547 0.209723 0.606965 0.212937 0.457711 0.235838 0.600000 0.244275
0 0.508955 0.273604 0.156219 0.048212 0.459701 0.249498 0.587065 0.256730 0.430846 0.287264 0.566169 0.297710
0 0.472637 0.321615 0.145274 0.042186 0.425871 0.300522 0.545274 0.317397 0.400000 0.325834 0.545274 0.342708
0 0.453234 0.360386 0.174129 0.048212 0.379104 0.336280 0.540299 0.355966 0.366169 0.360386 0.503483 0.384492
0 0.373134 0.410607 0.173134 0.062676 0.330348 0.379269 0.459701 0.403375 0.286567 0.411410 0.443781 0.441945
0 0.299502 0.462836 0.232836 0.071515 0.260697 0.427079 0.415920 0.458819 0.183085 0.466051 0.382090 0.498594
0 0.232836 0.509241 0.230846 0.057453 0.172139 0.480514 0.348259 0.509843 0.117413 0.518280 0.304478 0.537967
0 0.182587 0.564685 0.237811 0.053435 0.081592 0.537967 0.301493 0.554841 0.063682 0.588188 0.296517 0.591402
0 0.192537 0.639413 0.261692 0.074327 0.061692 0.612696 0.308458 0.602250 0.090547 0.676577 0.323383 0.646444
0 0.241791 0.705303 0.282587 0.084773 0.100498 0.690237 0.347264 0.662917 0.186070 0.747690 0.383085 0.707111
0 0.346766 0.764564 0.243781 0.083568 0.224876 0.768582 0.400995 0.722780 0.313433 0.806348 0.468657 0.764564
0 0.497512 0.835677 0.274627 0.083568 0.360199 0.832463 0.525373 0.793893 0.432836 0.877461 0.634826 0.835677
0 0.573632 0.895540 0.277612 0.076336 0.434826 0.897147 0.670647 0.857372 0.481592 0.933708 0.712438 0.886701