0 0.603903 0.030576 0.197257 0.032374 0.505274 0.021583 0.699367 0.014388 0.513713 0.046763 0.702532 0.042716
0 0.614979 0.069245 0.179325 0.035072 0.525316 0.058453 0.702532 0.051709 0.525316 0.086781 0.704641 0.084083
0 0.611814 0.122977 0.166667 0.042716 0.534810 0.101619 0.695148 0.106115 0.528481 0.135791 0.681435 0.144335
0 0.578587 0.174685 0.193038 0.064299 0.523207 0.142536 0.675106 0.167716 0.482068 0.174460 0.638186 0.206835
0 0.518987 0.217626 0.215190 0.068345 0.468354 0.183453 0.626582 0.217626 0.411392 0.215827 0.564346 0.251799
0 0.452004 0.261915 0.197257 0.073291 0.397679 0.225270 0.550633 0.264389 0.353376 0.258543 0.491561 0.298561
0 0.376582 0.302608 0.206751 0.068345 0.325949 0.268435 0.479958 0.306655 0.273207 0.303507 0.425105 0.336781
0 0.306962 0.351394 0.198312 0.062500 0.243671 0.320144 0.406118 0.345773 0.207806 0.359263 0.378692 0.382644
0 0.273734 0.402203 0.182489 0.050809 0.196203 0.376799 0.364979 0.390288 0.182489 0.420863 0.349156 0.427608
0 0.264768 0.460207 0.191983 0.048112 0.168776 0.439299 0.353376 0.436151 0.179325 0.484263 0.360759 0.478417
0 0.304325 0.521808 0.222574 0.065198 0.193038 0.512590 0.372363 0.489209 0.237342 0.554406 0.415612 0.526978
0 0.385549 0.578462 0.228903 0.083183 0.271097 0.580935 0.440928 0.536870 0.323840 0.620054 0.500000 0.578687
0 0.487869 0.631520 0.254219 0.085881 0.360759 0.633543 0.518987 0.588579 0.436709 0.674460 0.614979 0.629496
0 0.573840 0.690198 0.270042 0.089928 0.438819 0.693345 0.651899 0.645234 0.477848 0.735162 0.708861 0.688399
0 0.636603 0.750225 0.309072 0.063399 0.482068 0.745054 0.750000 0.718525 0.493671 0.781924 0.791139 0.775180
0 0.621835 0.828912 0.298523 0.074191 0.495781 0.791817 0.771097 0.815198 0.472574 0.828687 0.743671 0.866007
0 0.543776 0.892311 0.334388 0.087680 0.440928 0.848471 0.710970 0.897032 0.376582 0.889389 0.649789 0.936151