0 0.485560 0.026163 0.246691 0.022868 0.362214 0.020543 0.608905 0.014729 0.369434 0.037597 0.593261 0.034884
0 0.477136 0.054845 0.212996 0.027519 0.370638 0.043798 0.583634 0.041085 0.389892 0.068605 0.567990 0.067442
0 0.485560 0.088953 0.191336 0.033721 0.389892 0.074806 0.575211 0.072093 0.407942 0.105814 0.581227 0.102326
0 0.501203 0.129651 0.184116 0.037597 0.409146 0.110853 0.590854 0.111240 0.413959 0.143798 0.593261 0.148450
0 0.495788 0.170349 0.194946 0.039922 0.416366 0.150388 0.593261 0.154651 0.398315 0.186822 0.584838 0.190310
0 0.489170 0.219574 0.191336 0.046899 0.397112 0.196124 0.584838 0.199225 0.393502 0.241860 0.583634 0.243023
0 0.498195 0.274612 0.216606 0.048450 0.401925 0.250388 0.588448 0.251938 0.389892 0.296512 0.606498 0.298837
0 0.492780 0.333140 0.227437 0.052326 0.404332 0.306977 0.606498 0.308140 0.379061 0.356589 0.604091 0.359302
0 0.492780 0.391279 0.229844 0.051550 0.388688 0.365504 0.606498 0.366667 0.377858 0.412015 0.607702 0.417054
0 0.478339 0.448450 0.261131 0.058140 0.374248 0.419380 0.608905 0.427132 0.347774 0.467054 0.588448 0.477519
0 0.453670 0.510853 0.286402 0.059690 0.341757 0.481008 0.590854 0.487597 0.310469 0.529845 0.596871 0.540698
0 0.435620 0.576357 0.303249 0.059690 0.299639 0.546512 0.587244 0.548837 0.283995 0.605039 0.587244 0.606202
0 0.439230 0.642829 0.296029 0.055426 0.291215 0.618992 0.583634 0.615116 0.291215 0.668992 0.587244 0.670543
0 0.457882 0.703488 0.309266 0.054264 0.303249 0.682558 0.590854 0.676357 0.310469 0.730620 0.612515 0.728295
0 0.483153 0.772481 0.328520 0.054264 0.318893 0.755039 0.625752 0.745349 0.330927 0.799612 0.647413 0.789147
0 0.523466 0.845930 0.332130 0.070155 0.357401 0.821705 0.653430 0.810853 0.370638 0.881008 0.689531 0.870543
0 0.527677 0.921899 0.338147 0.057752 0.359807 0.900775 0.688327 0.893023 0.358604 0.948062 0.696751 0.950775