0 0.589143 0.042263 0.172571 0.034244 0.502857 0.025141 0.675429 0.026441 0.509714 0.053316 0.675429 0.059384
0 0.591429 0.082575 0.156571 0.037711 0.513143 0.063719 0.669714 0.069354 0.517714 0.095362 0.668571 0.101430
0 0.584000 0.123537 0.162286 0.042479 0.510857 0.102297 0.665143 0.108366 0.502857 0.136541 0.648000 0.144777
0 0.573143 0.165800 0.140571 0.047248 0.502857 0.142176 0.643429 0.149978 0.505143 0.181188 0.643429 0.189423
0 0.556571 0.212614 0.166857 0.048981 0.499429 0.188123 0.640000 0.196359 0.473143 0.223234 0.625143 0.237104
0 0.535429 0.262896 0.170286 0.057651 0.473143 0.234070 0.620571 0.245774 0.450286 0.276116 0.592000 0.291721
0 0.492000 0.317295 0.186286 0.052016 0.436571 0.291287 0.585143 0.302991 0.398857 0.327265 0.555429 0.343303
0 0.454857 0.366277 0.201143 0.053749 0.385143 0.339402 0.555429 0.353273 0.354286 0.381014 0.528000 0.393151
0 0.423429 0.418075 0.188571 0.049848 0.347429 0.393151 0.517714 0.402254 0.329143 0.439965 0.505143 0.443000
0 0.427429 0.474859 0.196571 0.046381 0.329143 0.454703 0.501714 0.451669 0.336000 0.498049 0.525714 0.493281
0 0.451429 0.532510 0.221714 0.050715 0.340571 0.521890 0.537143 0.507152 0.352000 0.557867 0.562286 0.547898
0 0.487429 0.588860 0.229714 0.061985 0.372571 0.571738 0.570286 0.557867 0.377143 0.619853 0.602286 0.611183
0 0.509714 0.657130 0.237714 0.054616 0.390857 0.637625 0.613714 0.629822 0.396571 0.684439 0.628571 0.677503
0 0.517714 0.728002 0.230857 0.053316 0.406857 0.701344 0.633143 0.701344 0.402286 0.749892 0.633143 0.754660
0 0.506286 0.798873 0.249143 0.065886 0.403429 0.765930 0.630857 0.778500 0.381714 0.818379 0.612571 0.831816
0 0.474286 0.869311 0.262857 0.058518 0.355429 0.840052 0.605714 0.853489 0.342857 0.888600 0.573714 0.898570
0 0.424000 0.922193 0.317714 0.055917 0.336000 0.894235 0.576000 0.905938 0.265143 0.932813 0.582857 0.950152