0 0.545396 0.048825 0.297017 0.021700 0.396887 0.041953 0.693904 0.037975 0.403372 0.059675 0.683528 0.058951
0 0.543450 0.083363 0.246433 0.026401 0.420233 0.073056 0.666667 0.070163 0.420233 0.095479 0.664073 0.096564
0 0.559014 0.116817 0.210117 0.025316 0.453956 0.104159 0.664073 0.104159 0.464332 0.127667 0.660182 0.129476
0 0.552529 0.159132 0.189364 0.033273 0.457847 0.142495 0.643320 0.145389 0.464332 0.173599 0.647211 0.175769
0 0.543450 0.206148 0.199741 0.044123 0.453956 0.184087 0.639429 0.190597 0.443580 0.218083 0.643320 0.228210
0 0.516861 0.249005 0.206226 0.035805 0.440986 0.231103 0.619974 0.239783 0.413748 0.259313 0.588846 0.266908
0 0.479896 0.294213 0.212711 0.043038 0.407263 0.272694 0.586252 0.282098 0.373541 0.307414 0.559014 0.315732
0 0.443580 0.337071 0.202335 0.033273 0.369650 0.320434 0.544747 0.323327 0.342412 0.353707 0.538262 0.353707
0 0.444228 0.384268 0.195850 0.042315 0.346303 0.370344 0.535668 0.363110 0.352789 0.405425 0.542153 0.400723
0 0.462387 0.433635 0.219196 0.043400 0.352789 0.420253 0.531777 0.411935 0.373541 0.455335 0.571984 0.444846
0 0.518158 0.482459 0.263294 0.049910 0.386511 0.468716 0.592737 0.457505 0.426719 0.507414 0.649805 0.495118
0 0.573930 0.536709 0.260700 0.050633 0.443580 0.521519 0.645914 0.511392 0.460441 0.562025 0.704280 0.547920
0 0.621271 0.596564 0.287938 0.057505 0.477302 0.580109 0.731517 0.567812 0.501945 0.625316 0.765240 0.613743
0 0.618029 0.660398 0.307393 0.049910 0.501945 0.639421 0.761349 0.635443 0.464332 0.674141 0.771725 0.685353
0 0.601167 0.731465 0.320363 0.064014 0.466926 0.699458 0.761349 0.711031 0.440986 0.733454 0.721141 0.763472
0 0.514916 0.799457 0.345006 0.073418 0.407263 0.762749 0.687419 0.795660 0.342412 0.809765 0.632944 0.836166
0 0.410506 0.864376 0.317769 0.068716 0.295720 0.830018 0.569390 0.854611 0.251621 0.878119 0.548638 0.898734