0 0.420000 0.052335 0.246667 0.044552 0.316667 0.030059 0.543333 0.038647 0.296667 0.063875 0.543333 0.074611
0 0.406667 0.100644 0.240000 0.052067 0.300000 0.074611 0.526667 0.085346 0.286667 0.106280 0.505000 0.126677
0 0.370833 0.145733 0.241667 0.055287 0.280000 0.118089 0.491667 0.139560 0.250000 0.150295 0.468333 0.173376
0 0.325833 0.192968 0.245000 0.054214 0.243333 0.165862 0.448333 0.184112 0.203333 0.198068 0.421667 0.220075
0 0.285000 0.239399 0.260000 0.061192 0.200000 0.208803 0.415000 0.229737 0.155000 0.247987 0.385000 0.269995
0 0.256667 0.291465 0.250000 0.042941 0.155000 0.269995 0.381667 0.277509 0.131667 0.306495 0.358333 0.312936
0 0.246667 0.343264 0.230000 0.045625 0.151667 0.324745 0.361667 0.320451 0.131667 0.366076 0.358333 0.358561
0 0.261667 0.389426 0.233333 0.046699 0.145000 0.380032 0.361667 0.366076 0.148333 0.412775 0.378333 0.399893
0 0.290000 0.437735 0.263333 0.056361 0.158333 0.424584 0.385000 0.409554 0.180000 0.465915 0.421667 0.447665
0 0.337500 0.490875 0.275000 0.067096 0.200000 0.485239 0.428333 0.457327 0.240000 0.524423 0.475000 0.499732
0 0.413333 0.549383 0.313333 0.077831 0.256667 0.545894 0.495000 0.510467 0.323333 0.588298 0.570000 0.551798
0 0.503333 0.606280 0.326667 0.078905 0.340000 0.605475 0.593333 0.566828 0.405000 0.645733 0.666667 0.610306
0 0.598333 0.662104 0.353333 0.084273 0.421667 0.657542 0.676667 0.619968 0.471667 0.704241 0.775000 0.670961
0 0.658333 0.730811 0.366667 0.066023 0.475000 0.718733 0.805000 0.697799 0.491667 0.763822 0.841667 0.757381
0 0.665000 0.808642 0.346667 0.064949 0.498333 0.778315 0.838333 0.776167 0.491667 0.826624 0.835000 0.841116
0 0.633333 0.868760 0.403333 0.055287 0.471667 0.841116 0.835000 0.849705 0.431667 0.877617 0.828333 0.896404
0 0.605000 0.919216 0.440000 0.058508 0.421667 0.889962 0.825000 0.908213 0.385000 0.913580 0.805000 0.948470