0 0.551088 0.086074 0.123936 0.022737 0.489120 0.074706 0.613056 0.076330 0.491012 0.095412 0.613056 0.097442
0 0.548250 0.118961 0.122044 0.026797 0.491012 0.105562 0.607379 0.107186 0.487228 0.130329 0.609272 0.132359
0 0.550142 0.156719 0.101230 0.028421 0.501419 0.142509 0.600757 0.142509 0.499527 0.168900 0.600757 0.170930
0 0.538789 0.198944 0.112583 0.038977 0.495743 0.179456 0.595080 0.182704 0.482498 0.213967 0.588458 0.218433
0 0.529328 0.246650 0.118259 0.038571 0.476821 0.227365 0.588458 0.231831 0.470199 0.256598 0.574267 0.265936
0 0.508515 0.292123 0.116367 0.038571 0.468307 0.272838 0.565752 0.277304 0.450331 0.307755 0.566698 0.311409
0 0.502838 0.338408 0.114475 0.036135 0.452223 0.320341 0.560076 0.323589 0.445601 0.354852 0.560076 0.356476
0 0.510407 0.388754 0.127720 0.038571 0.448439 0.369468 0.561968 0.371498 0.446547 0.408039 0.574267 0.404791
0 0.520814 0.440723 0.146641 0.043443 0.447493 0.425497 0.577105 0.419001 0.456008 0.462444 0.594134 0.453512
0 0.543519 0.492286 0.142857 0.045067 0.472091 0.478279 0.588458 0.469752 0.476821 0.514819 0.614948 0.507917
0 0.559603 0.544661 0.137181 0.044255 0.491012 0.534714 0.611164 0.522533 0.501419 0.566788 0.628193 0.560292
0 0.595080 0.609013 0.158940 0.047097 0.523179 0.585465 0.674551 0.592773 0.515610 0.622006 0.625355 0.632562
0 0.561968 0.665246 0.158940 0.056435 0.527909 0.637028 0.641438 0.654892 0.482498 0.673975 0.591296 0.693463
0 0.535951 0.722696 0.184484 0.063337 0.471145 0.691027 0.628193 0.716200 0.443709 0.728380 0.593188 0.754365
0 0.474929 0.786845 0.187323 0.065773 0.415326 0.753959 0.568590 0.772635 0.381268 0.796184 0.540208 0.819732
0 0.423841 0.854649 0.191107 0.056029 0.351939 0.826634 0.519395 0.837596 0.328288 0.870483 0.509934 0.882663
0 0.552507 0.055623 0.132450 0.021112 0.490066 0.045067 0.618732 0.047503 0.486282 0.064961 0.614002 0.066179