0 0.589765 0.035189 0.310403 0.031709 0.434564 0.029776 0.704698 0.019335 0.454698 0.051044 0.744966 0.042537
0 0.617450 0.070379 0.315436 0.034029 0.459732 0.061485 0.775168 0.053364 0.481544 0.087394 0.775168 0.082367
0 0.630872 0.117749 0.308725 0.037510 0.476510 0.098995 0.785235 0.098995 0.476510 0.125677 0.775168 0.136504
0 0.619966 0.157579 0.320470 0.046790 0.471476 0.134184 0.780201 0.143465 0.459732 0.169374 0.729866 0.180974
0 0.589765 0.211910 0.310403 0.052591 0.464765 0.185615 0.744966 0.190255 0.434564 0.225058 0.723154 0.238206
0 0.533557 0.262568 0.338926 0.058005 0.417785 0.233565 0.703020 0.253287 0.364094 0.273395 0.662752 0.291570
0 0.481544 0.310518 0.342282 0.049497 0.354027 0.285770 0.652685 0.298531 0.310403 0.323279 0.610738 0.335267
0 0.441275 0.354022 0.338926 0.045244 0.303691 0.331400 0.610738 0.339907 0.271812 0.376643 0.587248 0.376257
0 0.441275 0.405646 0.325503 0.049497 0.278524 0.381284 0.583893 0.380897 0.296980 0.430394 0.604027 0.419954
0 0.475671 0.461910 0.310403 0.059165 0.320470 0.444316 0.614094 0.432328 0.347315 0.491493 0.630872 0.475638
0 0.508389 0.517981 0.328859 0.059938 0.343960 0.505027 0.652685 0.488012 0.348993 0.547951 0.672819 0.537123
0 0.513423 0.578693 0.342282 0.059165 0.347315 0.559165 0.674497 0.549111 0.342282 0.598995 0.684564 0.608275
0 0.481544 0.640951 0.392617 0.053751 0.328859 0.614076 0.677852 0.616396 0.285235 0.660866 0.654362 0.667827
0 0.468121 0.704563 0.419463 0.070379 0.278524 0.669374 0.647651 0.675561 0.258389 0.722351 0.677852 0.739753
0 0.454698 0.785383 0.453020 0.069606 0.271812 0.750580 0.681208 0.760634 0.228188 0.798917 0.647651 0.820186
0 0.405201 0.855182 0.478188 0.068445 0.221477 0.820959 0.644295 0.837200 0.166107 0.880124 0.614094 0.889404
0 0.351510 0.931748 0.498322 0.074633 0.159396 0.894432 0.600671 0.915313 0.102349 0.943542 0.553691 0.969064