0 0.550648 0.037397 0.175501 0.028102 0.462898 0.028102 0.628975 0.023346 0.467609 0.051448 0.638398 0.049719
0 0.554770 0.075443 0.174323 0.036749 0.467609 0.060960 0.641932 0.057069 0.480565 0.090791 0.633687 0.093818
0 0.555948 0.116299 0.150766 0.033722 0.480565 0.099438 0.631331 0.102032 0.480565 0.130999 0.618375 0.133160
0 0.536514 0.154994 0.154299 0.028967 0.474676 0.140510 0.613663 0.141375 0.459364 0.156507 0.600707 0.169477
0 0.499411 0.205361 0.171967 0.047557 0.436985 0.181582 0.585395 0.193688 0.413428 0.217899 0.561837 0.229140
0 0.473498 0.258539 0.181390 0.056204 0.404005 0.230437 0.564193 0.241677 0.382803 0.275400 0.533569 0.286641
0 0.445819 0.310852 0.175501 0.044963 0.362780 0.288370 0.533569 0.297017 0.358068 0.330739 0.531213 0.333333
0 0.451119 0.364894 0.176678 0.047557 0.362780 0.341980 0.533569 0.341115 0.362780 0.388673 0.539458 0.382188
0 0.472320 0.419369 0.204947 0.055339 0.369847 0.399049 0.546525 0.391699 0.388693 0.447038 0.574794 0.430177
0 0.521201 0.469736 0.241461 0.069607 0.400471 0.455685 0.585395 0.434933 0.449941 0.504540 0.641932 0.474276
0 0.595406 0.518807 0.234393 0.064851 0.478210 0.514483 0.648999 0.486381 0.511190 0.551232 0.712603 0.529615
0 0.654299 0.575227 0.246172 0.070471 0.531213 0.571984 0.731449 0.539991 0.583039 0.610463 0.777385 0.583225
0 0.702591 0.632080 0.246172 0.051016 0.592462 0.619974 0.805654 0.606572 0.579505 0.654561 0.825677 0.657588
0 0.702002 0.699308 0.268551 0.059230 0.585395 0.669693 0.836278 0.676178 0.567727 0.711630 0.810365 0.728923
0 0.669611 0.757458 0.272085 0.076092 0.590106 0.719412 0.805654 0.745785 0.533569 0.761781 0.764429 0.795504
0 0.597762 0.817337 0.286219 0.083441 0.505300 0.775616 0.740872 0.808474 0.454653 0.825335 0.697291 0.859057
0 0.542992 0.886079 0.277974 0.083441 0.424028 0.844358 0.681979 0.870298 0.404005 0.900562 0.651355 0.927799