0 0.491418 0.048875 0.187895 0.044304 0.397471 0.040436 0.576332 0.026723 0.419151 0.071027 0.585366 0.056610
0 0.533875 0.085970 0.198735 0.045359 0.434508 0.078762 0.595303 0.063291 0.457995 0.108650 0.633243 0.092475
0 0.553297 0.127637 0.194219 0.036568 0.456188 0.113924 0.635050 0.109353 0.457995 0.143460 0.650406 0.145921
0 0.545619 0.173523 0.205962 0.048875 0.454381 0.149086 0.648600 0.158228 0.442638 0.177918 0.623306 0.197961
0 0.512195 0.218179 0.205962 0.058720 0.439024 0.188819 0.615176 0.206048 0.409214 0.222925 0.591689 0.247539
0 0.478771 0.262834 0.209575 0.058017 0.412827 0.233826 0.583559 0.254923 0.373984 0.272504 0.556459 0.291842
0 0.449865 0.308369 0.205962 0.053446 0.370370 0.281646 0.552846 0.297820 0.346883 0.315401 0.532972 0.335091
0 0.425926 0.355485 0.201445 0.051336 0.335140 0.329817 0.526649 0.342124 0.325203 0.372011 0.514905 0.381153
0 0.420958 0.403129 0.200542 0.039733 0.320687 0.383263 0.516712 0.386428 0.325203 0.422996 0.521229 0.420886
0 0.442638 0.453586 0.214995 0.050633 0.335140 0.434599 0.521229 0.428270 0.338753 0.478903 0.550135 0.470464
0 0.457091 0.508966 0.229449 0.058720 0.342367 0.494023 0.554652 0.479606 0.360434 0.538326 0.571816 0.529184
0 0.474706 0.566983 0.214092 0.054501 0.367660 0.548875 0.571816 0.539733 0.370370 0.594233 0.581752 0.592475
0 0.493677 0.632560 0.242999 0.054149 0.372177 0.607947 0.591689 0.605485 0.377597 0.659634 0.615176 0.655767
0 0.501355 0.699015 0.258356 0.051336 0.382114 0.675809 0.616983 0.673347 0.372177 0.722222 0.630533 0.724684
0 0.485998 0.768460 0.254743 0.057314 0.375790 0.739803 0.611563 0.742264 0.358627 0.788678 0.613369 0.797117
0 0.471996 0.838608 0.266486 0.063291 0.350497 0.806962 0.605239 0.819972 0.338753 0.858650 0.597109 0.870253
0 0.445348 0.906997 0.299910 0.065752 0.330623 0.874121 0.595303 0.888537 0.295393 0.929677 0.576332 0.939873