0 0.515480 0.054616 0.137255 0.039012 0.446852 0.054616 0.567595 0.035111 0.469556 0.074122 0.584107 0.053749
0 0.547472 0.087126 0.145511 0.037278 0.474716 0.084525 0.601651 0.068487 0.495356 0.105765 0.620227 0.090160
0 0.575335 0.120286 0.124871 0.034244 0.512900 0.114434 0.620227 0.103164 0.523220 0.137408 0.637771 0.127872
0 0.581011 0.159081 0.115583 0.024274 0.524252 0.147378 0.638803 0.146944 0.523220 0.171218 0.634675 0.169918
0 0.562952 0.203078 0.124871 0.044647 0.513932 0.180754 0.625387 0.192891 0.500516 0.206762 0.607843 0.225401
0 0.524768 0.247074 0.137255 0.053749 0.482972 0.220199 0.593395 0.240139 0.456140 0.243606 0.573787 0.273949
0 0.455108 0.285002 0.160991 0.063719 0.433437 0.253143 0.535604 0.283485 0.374613 0.283052 0.489164 0.316862
0 0.363261 0.319896 0.177503 0.056350 0.350877 0.291721 0.452012 0.321196 0.274510 0.329432 0.414861 0.348071
0 0.326109 0.364759 0.169247 0.048114 0.256966 0.340702 0.410733 0.358041 0.241486 0.383615 0.384933 0.388817
0 0.304438 0.414608 0.167183 0.039445 0.237358 0.394885 0.388029 0.397052 0.220846 0.432596 0.384933 0.434330
0 0.304954 0.468574 0.145511 0.043346 0.232198 0.453403 0.372549 0.446901 0.238390 0.490247 0.377709 0.482011
0 0.332301 0.526008 0.167183 0.059384 0.248710 0.510620 0.390093 0.496316 0.283798 0.555700 0.415893 0.537495
0 0.396801 0.586476 0.174407 0.064153 0.309598 0.574339 0.446852 0.554400 0.337461 0.618552 0.484004 0.596446
0 0.472136 0.648678 0.197110 0.074989 0.373581 0.635891 0.515996 0.611183 0.402477 0.686173 0.570691 0.658431
0 0.544892 0.712180 0.210526 0.071088 0.439628 0.702644 0.596491 0.676636 0.464396 0.747724 0.650155 0.723017
0 0.589783 0.781318 0.201238 0.052449 0.489164 0.764629 0.662539 0.755093 0.499484 0.807542 0.690402 0.798440
0 0.595459 0.855657 0.204334 0.058084 0.500516 0.826615 0.689371 0.833117 0.493292 0.878630 0.697626 0.884699