0 0.526215 0.059823 0.170077 0.029581 0.441176 0.053863 0.611253 0.045033 0.446292 0.071965 0.606138 0.074614
0 0.525575 0.099338 0.148338 0.030905 0.452685 0.083885 0.597187 0.086093 0.451407 0.114349 0.599744 0.114790
0 0.542199 0.145475 0.153453 0.039294 0.465473 0.125828 0.601023 0.127594 0.473146 0.163797 0.618926 0.165121
0 0.546675 0.196026 0.141944 0.034437 0.475703 0.178808 0.617647 0.181457 0.482097 0.209713 0.613811 0.213245
0 0.555627 0.253201 0.164962 0.041060 0.497442 0.232671 0.629156 0.236645 0.473146 0.273731 0.638107 0.272406
0 0.553069 0.303532 0.182864 0.040177 0.475703 0.286093 0.632992 0.283444 0.461637 0.323620 0.644501 0.318764
0 0.563299 0.354967 0.198210 0.040618 0.464194 0.336424 0.632992 0.334658 0.479540 0.375276 0.662404 0.373510
0 0.568414 0.401987 0.187980 0.041943 0.485934 0.391611 0.649616 0.381015 0.474425 0.422958 0.662404 0.420309
0 0.579923 0.454746 0.193095 0.038852 0.496164 0.436203 0.657289 0.435320 0.483376 0.473731 0.676471 0.474172
0 0.592072 0.518985 0.230179 0.036645 0.489770 0.500662 0.690537 0.500662 0.476982 0.537307 0.707161 0.537307
0 0.593350 0.577483 0.227621 0.040618 0.483376 0.558499 0.707161 0.557174 0.479540 0.597793 0.693095 0.594702
0 0.592072 0.635982 0.212276 0.049007 0.489770 0.615011 0.676471 0.611479 0.485934 0.659161 0.698210 0.660486
0 0.587596 0.701766 0.193095 0.044592 0.491049 0.679470 0.684143 0.679470 0.502558 0.723179 0.661125 0.724062
0 0.581202 0.768212 0.231458 0.051214 0.492327 0.742605 0.696931 0.743488 0.465473 0.791611 0.673913 0.793819
0 0.562660 0.842826 0.245524 0.052980 0.456522 0.816336 0.685422 0.818543 0.439898 0.867991 0.681586 0.869316
0 0.565217 0.917881 0.253197 0.045916 0.438619 0.894923 0.673913 0.898455 0.443734 0.935099 0.691816 0.940839
0 0.574169 0.947241 0.258312 0.025166 0.445013 0.934658 0.703325 0.940397 0.448849 0.955408 0.686701 0.959823