0 0.481675 0.067138 0.118674 0.029839 0.422339 0.060071 0.535777 0.052218 0.431937 0.082057 0.541012 0.075383
0 0.493455 0.100707 0.110820 0.029446 0.438045 0.092265 0.544503 0.085984 0.451134 0.115430 0.548866 0.112682
0 0.506545 0.139183 0.100349 0.031802 0.457243 0.126031 0.556719 0.123282 0.456370 0.153121 0.551483 0.155084
0 0.500873 0.186887 0.122164 0.042403 0.446771 0.165685 0.561955 0.168826 0.439791 0.199450 0.554101 0.208088
0 0.495201 0.228112 0.123037 0.037691 0.438918 0.209266 0.556719 0.220652 0.433682 0.234786 0.541012 0.246957
0 0.462042 0.270907 0.142234 0.042403 0.411867 0.249706 0.533159 0.266981 0.390925 0.279152 0.520942 0.292108
0 0.433246 0.315665 0.152705 0.040832 0.375218 0.295249 0.509599 0.308991 0.356894 0.329407 0.492147 0.336082
0 0.411431 0.359835 0.135253 0.035728 0.352531 0.341971 0.479058 0.347468 0.343805 0.377699 0.469459 0.376914
0 0.419721 0.408716 0.129145 0.040832 0.355148 0.394974 0.465096 0.388300 0.359511 0.429132 0.484293 0.422065
0 0.445026 0.461720 0.146597 0.048685 0.371728 0.450726 0.495637 0.437377 0.381326 0.486062 0.518325 0.471143
0 0.469895 0.515116 0.145724 0.047899 0.397033 0.505300 0.525305 0.491166 0.416230 0.539066 0.542757 0.527287
0 0.487784 0.575775 0.134380 0.045936 0.420593 0.560660 0.554974 0.552807 0.424956 0.598351 0.552356 0.598744
0 0.489092 0.642521 0.149215 0.040440 0.422339 0.622301 0.563700 0.623479 0.414485 0.656459 0.549738 0.662740
0 0.472513 0.700432 0.163176 0.048685 0.403141 0.676090 0.554101 0.685512 0.390925 0.714174 0.545375 0.724774
0 0.452880 0.762466 0.172775 0.055752 0.376091 0.734590 0.539267 0.745583 0.366492 0.782882 0.534904 0.790342
0 0.442408 0.828426 0.176265 0.047114 0.354276 0.804868 0.530541 0.809187 0.361257 0.851983 0.529668 0.850020
0 0.445026 0.886533 0.176265 0.038477 0.361257 0.867295 0.533159 0.869258 0.356894 0.900667 0.527923 0.905771