0 0.497555 0.050469 0.188264 0.026798 0.403423 0.041536 0.591687 0.037070 0.414425 0.063868 0.581907 0.061188
0 0.507946 0.087986 0.174817 0.030371 0.420538 0.074140 0.584352 0.072800 0.424205 0.103171 0.595354 0.100938
0 0.501834 0.134882 0.152812 0.040197 0.425428 0.117910 0.578240 0.114783 0.436430 0.154980 0.577017 0.154533
0 0.502445 0.179098 0.141809 0.025011 0.443765 0.170612 0.573350 0.166592 0.431540 0.191603 0.573350 0.191603
0 0.501834 0.221304 0.155257 0.033497 0.430318 0.204556 0.575795 0.204556 0.424205 0.238053 0.579462 0.238053
0 0.504279 0.269987 0.167482 0.036177 0.433985 0.251898 0.578240 0.255471 0.420538 0.288075 0.588020 0.284949
0 0.514059 0.317329 0.194377 0.042430 0.424205 0.299687 0.589242 0.296114 0.416870 0.338544 0.611247 0.333631
0 0.519560 0.366682 0.193154 0.038410 0.422983 0.350156 0.612469 0.347477 0.433985 0.385887 0.616137 0.378294
0 0.532396 0.412684 0.209046 0.036623 0.427873 0.400179 0.627139 0.394372 0.429095 0.430996 0.636919 0.429209
0 0.527506 0.467396 0.199267 0.044216 0.431540 0.445288 0.623472 0.449308 0.427873 0.482358 0.627139 0.489504
0 0.507946 0.520098 0.216381 0.045109 0.420538 0.497544 0.616137 0.505583 0.399756 0.530147 0.584352 0.542653
0 0.459658 0.572130 0.212714 0.052702 0.367971 0.545779 0.566015 0.563198 0.353301 0.577043 0.536675 0.598481
0 0.402200 0.632649 0.210269 0.056722 0.322738 0.604288 0.507335 0.621706 0.297066 0.644038 0.486553 0.661009
0 0.370416 0.693837 0.210269 0.047789 0.289731 0.669942 0.475550 0.677088 0.265281 0.714158 0.453545 0.717731
0 0.374083 0.765744 0.210269 0.052255 0.268949 0.744529 0.463325 0.739616 0.277506 0.791871 0.479218 0.782492
0 0.410758 0.834301 0.234719 0.053595 0.293399 0.817329 0.495110 0.807503 0.311736 0.861099 0.528117 0.849933
0 0.460880 0.898392 0.249389 0.058508 0.336186 0.886110 0.542787 0.869138 0.367971 0.927646 0.585575 0.905761