0 0.475910 0.037225 0.172377 0.031326 0.389722 0.030106 0.554604 0.021562 0.399358 0.052889 0.562099 0.047600
0 0.498394 0.073027 0.165953 0.035395 0.415418 0.060618 0.557816 0.055330 0.434690 0.090724 0.581370 0.080553
0 0.524625 0.108625 0.162741 0.040683 0.443255 0.099268 0.586724 0.088283 0.462527 0.128967 0.605996 0.117575
0 0.550857 0.146867 0.172377 0.034988 0.464668 0.135476 0.620985 0.129373 0.467880 0.164361 0.637045 0.164361
0 0.551392 0.197722 0.171306 0.048007 0.465739 0.173718 0.637045 0.176159 0.489293 0.216436 0.637045 0.221725
0 0.550321 0.247559 0.169165 0.049227 0.491435 0.222945 0.634904 0.231896 0.465739 0.259154 0.611349 0.272173
0 0.513919 0.293938 0.186296 0.054923 0.458244 0.266477 0.607066 0.280309 0.420771 0.305940 0.585653 0.321400
0 0.492505 0.341334 0.192719 0.052889 0.419700 0.314890 0.588865 0.331977 0.396146 0.355167 0.555674 0.367779
0 0.459850 0.389748 0.195931 0.054516 0.391863 0.362490 0.557816 0.375102 0.361884 0.405207 0.551392 0.417006
0 0.440578 0.441619 0.208779 0.058991 0.361884 0.412124 0.540685 0.425142 0.336188 0.459723 0.544968 0.471115
0 0.443255 0.501424 0.224839 0.042718 0.339400 0.480065 0.541756 0.480879 0.330835 0.522783 0.555674 0.519935
0 0.457173 0.551871 0.218415 0.048413 0.347966 0.530919 0.554604 0.527665 0.353319 0.576078 0.566381 0.572417
0 0.478587 0.604760 0.226981 0.056550 0.365096 0.585842 0.565310 0.576485 0.367238 0.623678 0.592077 0.633035
0 0.487152 0.676566 0.237687 0.054516 0.368308 0.653784 0.588865 0.649308 0.373662 0.703824 0.605996 0.698942
0 0.479657 0.747152 0.246253 0.058991 0.374732 0.717657 0.600642 0.721318 0.356531 0.772579 0.602784 0.776648
0 0.474304 0.822417 0.246253 0.067941 0.353319 0.788446 0.597430 0.793735 0.351178 0.849878 0.596360 0.856387
0 0.458779 0.894630 0.300857 0.063466 0.346895 0.862897 0.588865 0.869813 0.308351 0.916192 0.609208 0.926363