0 0.550046 0.055444 0.132231 0.028927 0.488522 0.040980 0.615243 0.041382 0.483930 0.067899 0.616162 0.069908
0 0.541322 0.097228 0.125803 0.039373 0.489440 0.077541 0.604224 0.081961 0.478421 0.110084 0.596878 0.116914
0 0.519743 0.147248 0.137741 0.050221 0.466483 0.122137 0.588613 0.136199 0.450872 0.156288 0.560147 0.172358
0 0.496327 0.186822 0.134986 0.043391 0.445363 0.165127 0.563820 0.184010 0.428834 0.191241 0.537190 0.208517
0 0.455923 0.227802 0.140496 0.048212 0.415060 0.203696 0.526171 0.220972 0.385675 0.231016 0.497704 0.251908
0 0.401745 0.267979 0.140496 0.044194 0.382920 0.245882 0.471993 0.260346 0.331497 0.274809 0.438935 0.290076
0 0.364555 0.312575 0.137741 0.050623 0.318641 0.287264 0.433425 0.304138 0.295684 0.323825 0.407714 0.337887
0 0.329201 0.362194 0.153352 0.048614 0.282828 0.337887 0.405877 0.350341 0.252525 0.376456 0.382920 0.386501
0 0.303030 0.415227 0.156107 0.046203 0.245179 0.392125 0.381084 0.398554 0.224977 0.435516 0.368228 0.438329
0 0.312672 0.472278 0.160698 0.048614 0.232323 0.452792 0.373737 0.447971 0.239669 0.496585 0.393021 0.491362
0 0.327365 0.530936 0.168044 0.058256 0.243343 0.513861 0.393021 0.501808 0.271809 0.560064 0.411387 0.542386
0 0.382002 0.591000 0.203857 0.072318 0.280073 0.576135 0.421488 0.554841 0.313131 0.627159 0.483930 0.601848
0 0.436180 0.651667 0.214876 0.079550 0.328742 0.640820 0.500459 0.611892 0.372819 0.691442 0.543618 0.660104
0 0.500918 0.715749 0.186410 0.068702 0.407714 0.709120 0.569330 0.681398 0.430670 0.750100 0.594123 0.725994
0 0.546832 0.785456 0.206612 0.067497 0.443526 0.769787 0.617998 0.751707 0.451791 0.819205 0.650138 0.807553
0 0.564279 0.861591 0.217631 0.060667 0.455464 0.835677 0.661157 0.831258 0.462810 0.891924 0.673095 0.887907
0 0.560147 0.930494 0.213039 0.042587 0.457300 0.909200 0.662994 0.913620 0.453627 0.948574 0.666667 0.951788