0 0.471103 0.044226 0.185639 0.042588 0.378284 0.032760 0.563923 0.022932 0.380035 0.065520 0.541156 0.055692
0 0.471979 0.088452 0.162872 0.044226 0.390543 0.083538 0.553415 0.066339 0.399299 0.110565 0.544658 0.093366
0 0.495622 0.137183 0.154116 0.049959 0.418564 0.129402 0.546410 0.112203 0.436077 0.162162 0.572680 0.132678
0 0.523643 0.186323 0.164623 0.056511 0.441331 0.183456 0.583187 0.158067 0.472855 0.214578 0.605954 0.183456
0 0.577933 0.228092 0.157618 0.061425 0.499124 0.230139 0.625219 0.197379 0.528897 0.258804 0.656743 0.226863
0 0.640105 0.273137 0.169877 0.066339 0.555166 0.274365 0.681261 0.239967 0.583187 0.306306 0.725044 0.261261
0 0.699650 0.318182 0.166375 0.061425 0.616462 0.323505 0.735552 0.287469 0.651489 0.348894 0.782837 0.322686
0 0.751314 0.362408 0.168126 0.053235 0.667250 0.364455 0.802102 0.335790 0.693520 0.389025 0.835377 0.366912
0 0.790718 0.412367 0.166375 0.054873 0.707531 0.407862 0.849387 0.384930 0.737303 0.439803 0.873905 0.417690
0 0.827496 0.461097 0.173380 0.044226 0.740806 0.457002 0.903678 0.438984 0.756567 0.483210 0.914186 0.470925
0 0.827496 0.519656 0.190893 0.040131 0.747811 0.499590 0.919440 0.506142 0.732049 0.531532 0.922942 0.539722
0 0.814361 0.587633 0.210158 0.053235 0.723292 0.561016 0.919440 0.570025 0.709282 0.594595 0.917688 0.614251
0 0.786340 0.653972 0.224168 0.069615 0.693520 0.619165 0.898424 0.647830 0.674256 0.657658 0.875657 0.688780
0 0.737303 0.723997 0.238179 0.070434 0.651489 0.688780 0.856392 0.715807 0.618214 0.728911 0.817863 0.759214
0 0.657618 0.797297 0.236427 0.079443 0.583187 0.757576 0.775832 0.787879 0.539405 0.802621 0.730298 0.837019
0 0.589317 0.864455 0.246935 0.074529 0.509632 0.827191 0.712785 0.861589 0.465849 0.869779 0.670753 0.901720
0 0.524518 0.923423 0.246935 0.076167 0.425569 0.885340 0.647986 0.921376 0.401051 0.925471 0.616462 0.961507