0 0.536428 0.038290 0.193890 0.036062 0.439483 0.027958 0.626322 0.020259 0.443008 0.056321 0.633372 0.053485
0 0.531727 0.086710 0.189189 0.041329 0.447709 0.068476 0.626322 0.066045 0.437133 0.102107 0.615746 0.107374
0 0.514101 0.133306 0.184489 0.041329 0.443008 0.112642 0.606345 0.115883 0.421857 0.136143 0.587544 0.153971
0 0.485899 0.179092 0.203290 0.062399 0.414806 0.147893 0.587544 0.169773 0.384254 0.180308 0.544066 0.210292
0 0.414219 0.211102 0.215041 0.054295 0.365452 0.183955 0.521739 0.212723 0.306698 0.217180 0.461810 0.238250
0 0.365452 0.250810 0.183314 0.055105 0.300823 0.223258 0.457109 0.244327 0.273796 0.266613 0.445358 0.278363
0 0.346651 0.299230 0.190364 0.045786 0.273796 0.276337 0.441833 0.286467 0.251469 0.317666 0.430082 0.322123
0 0.340188 0.347447 0.175088 0.043355 0.252644 0.325770 0.427732 0.331037 0.252644 0.367909 0.420682 0.369125
0 0.337838 0.399109 0.186839 0.044571 0.252644 0.378444 0.420682 0.376823 0.244418 0.421394 0.431257 0.420178
0 0.358989 0.453606 0.222092 0.050648 0.247944 0.434765 0.437133 0.428282 0.260870 0.478930 0.470035 0.471232
0 0.391892 0.512358 0.243243 0.061994 0.270270 0.494733 0.477086 0.481361 0.282021 0.543355 0.513514 0.529173
0 0.431257 0.573947 0.258519 0.066856 0.301998 0.556321 0.513514 0.540519 0.325499 0.607374 0.560517 0.593193
0 0.470035 0.640600 0.258519 0.068071 0.340776 0.623177 0.568743 0.606564 0.378378 0.674635 0.599295 0.658833
0 0.516451 0.707861 0.264395 0.067261 0.384254 0.690032 0.613396 0.674230 0.414806 0.741491 0.648649 0.727715
0 0.541716 0.777147 0.242068 0.055916 0.420682 0.755673 0.652174 0.749190 0.420682 0.805105 0.662750 0.805105
0 0.545241 0.852512 0.274971 0.054295 0.412456 0.825365 0.666275 0.826175 0.407756 0.874797 0.682726 0.879660
0 0.512338 0.920178 0.317274 0.064019 0.408931 0.888169 0.670975 0.896677 0.353702 0.944489 0.670975 0.952188