0 0.476809 0.039631 0.135436 0.030012 0.409091 0.027703 0.539889 0.024625 0.411874 0.054636 0.544527 0.048480
0 0.491187 0.076760 0.140074 0.028088 0.421150 0.066564 0.553803 0.062716 0.443414 0.090804 0.561224 0.088496
0 0.508349 0.121200 0.111317 0.036937 0.452690 0.103501 0.564007 0.102732 0.455473 0.135821 0.561224 0.139669
0 0.502319 0.173336 0.117811 0.045017 0.455473 0.150827 0.561224 0.158907 0.443414 0.187765 0.559369 0.195845
0 0.487013 0.218353 0.120594 0.041170 0.443414 0.197768 0.547310 0.207003 0.426716 0.233936 0.532468 0.238938
0 0.484230 0.262601 0.120594 0.035013 0.433210 0.245094 0.544527 0.247018 0.423933 0.277799 0.535250 0.280108
0 0.479128 0.309542 0.140074 0.038861 0.426716 0.290112 0.529685 0.290112 0.409091 0.327049 0.549165 0.328973
0 0.477737 0.361100 0.128015 0.038092 0.428571 0.342055 0.532468 0.342055 0.413729 0.373990 0.541744 0.380146
0 0.467069 0.405733 0.140074 0.035013 0.421150 0.388226 0.527829 0.388996 0.397032 0.420162 0.537106 0.423240
0 0.454082 0.460177 0.162338 0.046172 0.384972 0.437091 0.535250 0.442093 0.372913 0.466333 0.532468 0.483263
0 0.425325 0.510389 0.195733 0.050404 0.351577 0.485187 0.523191 0.497499 0.327458 0.527511 0.493506 0.535591
0 0.403989 0.567718 0.179035 0.058099 0.317254 0.538669 0.493506 0.547518 0.314471 0.596768 0.486085 0.589842
0 0.404917 0.632936 0.195733 0.056175 0.307050 0.610619 0.474026 0.604848 0.331169 0.661023 0.502783 0.642940
0 0.433673 0.696999 0.195733 0.061947 0.335807 0.684879 0.500000 0.666025 0.367347 0.727972 0.531540 0.702963
0 0.491651 0.759138 0.191095 0.060023 0.396104 0.744132 0.538961 0.729127 0.430427 0.789150 0.587198 0.772220
0 0.546382 0.833013 0.207792 0.070027 0.442486 0.809927 0.611317 0.797999 0.451763 0.868026 0.650278 0.850327
0 0.581169 0.911312 0.238404 0.058099 0.461967 0.895344 0.671614 0.882262 0.463822 0.940362 0.700371 0.939207