0 0.543057 0.038805 0.203445 0.035700 0.441335 0.028716 0.624327 0.020955 0.446717 0.056655 0.644779 0.047342
0 0.558665 0.077222 0.191604 0.038029 0.462863 0.067520 0.642626 0.058207 0.479010 0.096236 0.654467 0.090027
0 0.559742 0.118937 0.193757 0.035312 0.462863 0.104385 0.656620 0.101281 0.462863 0.135041 0.644779 0.136593
0 0.545748 0.164338 0.198062 0.045402 0.453175 0.141638 0.644779 0.145130 0.446717 0.177726 0.638321 0.187039
0 0.515608 0.212844 0.217438 0.053163 0.441335 0.186263 0.624327 0.197905 0.406889 0.220023 0.607104 0.239426
0 0.487083 0.261156 0.227126 0.058983 0.401507 0.231665 0.600646 0.249515 0.373520 0.268917 0.562971 0.290648
0 0.453175 0.308110 0.219591 0.056655 0.378902 0.279783 0.562971 0.298409 0.343380 0.319364 0.528525 0.336438
0 0.424112 0.359915 0.217438 0.050834 0.343380 0.334497 0.525296 0.343035 0.315393 0.376795 0.532831 0.385332
0 0.415501 0.414629 0.191604 0.048506 0.319699 0.390376 0.511302 0.391929 0.325081 0.438882 0.502691 0.430733
0 0.448870 0.467986 0.243272 0.058207 0.327234 0.450912 0.516685 0.438882 0.364909 0.497090 0.570506 0.481180
0 0.508073 0.521149 0.245425 0.069849 0.385361 0.509895 0.574812 0.486224 0.427341 0.556073 0.630786 0.532790
0 0.566738 0.575475 0.250807 0.067520 0.441335 0.566162 0.642626 0.541715 0.488698 0.609236 0.692142 0.584012
0 0.641550 0.635429 0.269107 0.060924 0.506997 0.624369 0.736276 0.604967 0.534984 0.665891 0.776103 0.654637
0 0.672766 0.705860 0.266954 0.061312 0.539290 0.678308 0.806243 0.675204 0.551130 0.722158 0.784715 0.736515
0 0.641550 0.773186 0.277718 0.076445 0.542519 0.734963 0.780409 0.761738 0.502691 0.787738 0.740581 0.811409
0 0.561356 0.843811 0.313240 0.093520 0.476857 0.797051 0.717976 0.830811 0.404736 0.852930 0.670614 0.890570
0 0.498924 0.907062 0.339074 0.083430 0.385361 0.865347 0.668461 0.900660 0.329386 0.917734 0.652314 0.948778