0 0.578608 0.040060 0.262887 0.044130 0.469072 0.017995 0.710052 0.037275 0.447165 0.042416 0.686856 0.062125
0 0.543814 0.087189 0.244845 0.051842 0.438144 0.061268 0.666237 0.083119 0.421392 0.090403 0.622423 0.113111
0 0.516753 0.134961 0.208763 0.046272 0.422680 0.111825 0.621134 0.118680 0.412371 0.146958 0.591495 0.158098
0 0.492912 0.180591 0.202320 0.036418 0.408505 0.162382 0.592784 0.165810 0.391753 0.194944 0.594072 0.198800
0 0.481959 0.226007 0.211340 0.044130 0.389175 0.203942 0.587629 0.212082 0.376289 0.245073 0.555412 0.248072
0 0.463273 0.277421 0.192010 0.045844 0.372423 0.254499 0.559278 0.254927 0.367268 0.298201 0.542526 0.300343
0 0.449742 0.329263 0.180412 0.045844 0.364691 0.307626 0.539948 0.306341 0.359536 0.350471 0.539948 0.352185
0 0.447809 0.386461 0.189433 0.051414 0.355670 0.362896 0.542526 0.360754 0.353093 0.412168 0.542526 0.409597
0 0.449742 0.447515 0.206186 0.051842 0.350515 0.425450 0.547680 0.421594 0.346649 0.473436 0.552835 0.470009
0 0.454253 0.492716 0.240979 0.043702 0.340206 0.475150 0.559278 0.470865 0.333763 0.514567 0.574742 0.514567
0 0.460052 0.543059 0.260309 0.047558 0.329897 0.524850 0.576031 0.519280 0.337629 0.565124 0.590206 0.566838
0 0.463918 0.600471 0.260309 0.056984 0.336340 0.576264 0.590206 0.571979 0.333763 0.628963 0.594072 0.626392
0 0.467784 0.652528 0.260309 0.044559 0.337629 0.633676 0.596649 0.630248 0.337629 0.674379 0.597938 0.674807
0 0.478093 0.706941 0.273196 0.052271 0.341495 0.684233 0.597938 0.680806 0.349227 0.733076 0.614691 0.731362
0 0.471005 0.782991 0.279639 0.058698 0.346649 0.753642 0.603093 0.757069 0.331186 0.806769 0.610825 0.812339
0 0.464562 0.858183 0.302835 0.064267 0.327320 0.826050 0.615979 0.835476 0.313144 0.882605 0.615979 0.890317
0 0.432345 0.931662 0.356959 0.074979 0.304124 0.894173 0.610825 0.913453 0.253866 0.940874 0.555412 0.969152