0 0.526316 0.086095 0.126316 0.039619 0.466397 0.066286 0.589474 0.069333 0.463158 0.099429 0.578947 0.105905
0 0.512146 0.130476 0.131984 0.035429 0.460729 0.112762 0.578138 0.118857 0.446154 0.138286 0.553846 0.148190
0 0.489069 0.171048 0.119838 0.044952 0.442915 0.148571 0.548988 0.160762 0.429150 0.177143 0.526316 0.193524
0 0.453846 0.212762 0.130364 0.052190 0.420243 0.186667 0.519028 0.206857 0.388664 0.217524 0.483401 0.238857
0 0.408502 0.252571 0.127126 0.048762 0.378138 0.228190 0.472065 0.246857 0.344939 0.253714 0.426721 0.276952
0 0.344534 0.289905 0.144939 0.053333 0.327126 0.263238 0.417004 0.286476 0.272065 0.291810 0.372470 0.316571
0 0.294737 0.330476 0.131174 0.050667 0.259919 0.305143 0.360324 0.324952 0.229150 0.338286 0.333603 0.355810
0 0.255870 0.375048 0.129555 0.053714 0.207287 0.348190 0.320648 0.366857 0.191093 0.388952 0.293117 0.401905
0 0.230769 0.430857 0.113360 0.045714 0.174089 0.408000 0.287449 0.413714 0.177328 0.453714 0.284211 0.449905
0 0.239271 0.488000 0.135223 0.053333 0.171660 0.468571 0.289069 0.461333 0.195951 0.514667 0.306883 0.500190
0 0.282186 0.542095 0.149798 0.064762 0.207287 0.528762 0.315789 0.509714 0.249393 0.574476 0.357085 0.547429
0 0.355061 0.594095 0.172470 0.075048 0.268826 0.590476 0.379757 0.556571 0.326316 0.631619 0.441296 0.595429
0 0.436032 0.643429 0.174089 0.076190 0.348988 0.647619 0.463968 0.605333 0.414575 0.681524 0.523077 0.642667
0 0.538057 0.692000 0.182186 0.080381 0.446964 0.693714 0.559514 0.651810 0.504453 0.732190 0.629150 0.690286
0 0.622267 0.756000 0.209717 0.075810 0.517409 0.747429 0.668826 0.718095 0.555466 0.793905 0.727126 0.765714
0 0.673279 0.818857 0.214575 0.072762 0.565992 0.806857 0.741700 0.782476 0.582186 0.855238 0.780567 0.845333
0 0.683401 0.894476 0.199190 0.052571 0.583806 0.873143 0.779757 0.868190 0.594332 0.913524 0.782996 0.920762