0 0.499232 0.036369 0.227343 0.027794 0.385561 0.022472 0.612903 0.029568 0.411674 0.042578 0.594470 0.050266
0 0.493088 0.068894 0.184332 0.031342 0.407066 0.053223 0.585253 0.062093 0.400922 0.075695 0.583717 0.084565
0 0.476959 0.104967 0.179724 0.038439 0.388633 0.085748 0.566820 0.096393 0.387097 0.116499 0.548387 0.124187
0 0.453149 0.149024 0.162826 0.034299 0.384025 0.131875 0.534562 0.131875 0.371736 0.166174 0.523810 0.164991
0 0.449309 0.201656 0.145929 0.036665 0.379416 0.186872 0.522273 0.183323 0.376344 0.219988 0.522273 0.214075
0 0.470046 0.255174 0.162826 0.044352 0.388633 0.240095 0.531490 0.232998 0.411674 0.277351 0.551459 0.259610
0 0.510753 0.296866 0.173579 0.047309 0.423963 0.291543 0.562212 0.273211 0.451613 0.320520 0.597542 0.305145
0 0.574501 0.340627 0.205837 0.054406 0.471582 0.337079 0.614439 0.313424 0.490015 0.367830 0.677419 0.343584
0 0.611367 0.379657 0.202765 0.036665 0.509985 0.378474 0.689708 0.361325 0.534562 0.397989 0.712750 0.384979
0 0.589094 0.425784 0.204301 0.035482 0.528418 0.408043 0.691244 0.414548 0.486943 0.432880 0.678955 0.443525
0 0.539171 0.476345 0.211982 0.044352 0.462366 0.454169 0.645161 0.460674 0.433180 0.483146 0.611367 0.498522
0 0.480031 0.528090 0.222734 0.046127 0.390169 0.505027 0.591398 0.527499 0.368664 0.541100 0.552995 0.551153
0 0.446237 0.579243 0.204301 0.038439 0.365591 0.560024 0.536098 0.565346 0.344086 0.594323 0.548387 0.598462
0 0.416283 0.641928 0.205837 0.045535 0.333333 0.619160 0.519201 0.624483 0.313364 0.662330 0.491551 0.664695
0 0.390169 0.726493 0.193548 0.052632 0.294931 0.700177 0.482335 0.708457 0.293395 0.752809 0.486943 0.751626
0 0.396313 0.801892 0.199693 0.042578 0.301075 0.784151 0.485407 0.780603 0.296467 0.823182 0.496160 0.817859
0 0.410138 0.873743 0.251920 0.033708 0.288786 0.859255 0.513057 0.856889 0.284178 0.890597 0.536098 0.887640