0 0.503028 0.045725 0.134083 0.028381 0.435986 0.031535 0.570069 0.032235 0.438581 0.056412 0.560554 0.059916
0 0.493080 0.090399 0.117647 0.035039 0.434256 0.072880 0.551903 0.074282 0.439446 0.107568 0.546713 0.107919
0 0.485294 0.144709 0.115917 0.044149 0.452422 0.124387 0.543253 0.122635 0.427336 0.161177 0.526817 0.166783
0 0.477941 0.192011 0.101211 0.030834 0.427336 0.176594 0.525087 0.179397 0.435121 0.207428 0.528547 0.206377
0 0.480536 0.236685 0.123702 0.036790 0.429931 0.218641 0.528547 0.218290 0.418685 0.255081 0.542388 0.249124
0 0.485727 0.282235 0.139273 0.039594 0.426471 0.267344 0.549308 0.262439 0.416090 0.302032 0.555363 0.301331
0 0.494810 0.332165 0.166090 0.037842 0.411765 0.316398 0.568339 0.313245 0.430796 0.351086 0.577855 0.349334
0 0.500000 0.380869 0.152249 0.039944 0.423875 0.365452 0.570934 0.360897 0.429066 0.400140 0.576125 0.400841
0 0.502595 0.434653 0.152249 0.041696 0.435121 0.414856 0.572664 0.413805 0.426471 0.455501 0.578720 0.454450
0 0.505190 0.488087 0.155709 0.043448 0.430796 0.466713 0.583045 0.466363 0.427336 0.509811 0.578720 0.507008
0 0.508218 0.542747 0.173875 0.046952 0.436851 0.520322 0.576125 0.519271 0.421280 0.565522 0.595156 0.566223
0 0.510381 0.603364 0.169550 0.050455 0.425606 0.578136 0.595156 0.580589 0.429931 0.625438 0.577855 0.628591
0 0.506920 0.663455 0.152249 0.046601 0.430796 0.640154 0.583045 0.644359 0.430796 0.685004 0.576125 0.686755
0 0.504325 0.727225 0.131488 0.044499 0.441176 0.704975 0.570069 0.710231 0.438581 0.742116 0.553633 0.749474
0 0.490052 0.786265 0.127163 0.044849 0.435121 0.763840 0.553633 0.769797 0.426471 0.798178 0.543253 0.808690
0 0.476211 0.844429 0.142734 0.044849 0.416090 0.822004 0.536332 0.826910 0.404844 0.861247 0.547578 0.866854
0 0.464533 0.902943 0.136678 0.035739 0.398789 0.885074 0.532872 0.890329 0.396194 0.920813 0.527682 0.920813