0 0.529565 0.109715 0.153043 0.024456 0.453043 0.098157 0.606087 0.097487 0.454783 0.119263 0.598261 0.121943
0 0.529130 0.145561 0.133043 0.031826 0.462609 0.129648 0.595652 0.133668 0.462609 0.159799 0.582609 0.161474
0 0.523478 0.187437 0.106087 0.030486 0.471304 0.172194 0.576522 0.173534 0.470435 0.202345 0.575652 0.202680
0 0.521304 0.231658 0.113913 0.029816 0.470435 0.216750 0.577391 0.219095 0.464348 0.245561 0.578261 0.246566
0 0.512174 0.273032 0.109565 0.034171 0.463478 0.255946 0.566957 0.256281 0.457391 0.288107 0.560000 0.290117
0 0.508261 0.314908 0.110435 0.034171 0.462609 0.297822 0.563478 0.299497 0.453043 0.331323 0.560000 0.331993
0 0.511304 0.362982 0.109565 0.036516 0.460870 0.346064 0.564348 0.344724 0.456522 0.381240 0.566087 0.377889
0 0.523043 0.406198 0.134783 0.037186 0.466957 0.392295 0.568696 0.387605 0.455652 0.424791 0.590435 0.419430
0 0.529130 0.450586 0.131304 0.034171 0.466957 0.437521 0.582609 0.433501 0.463478 0.467672 0.594783 0.463652
0 0.534783 0.496985 0.139130 0.037186 0.465217 0.478392 0.597391 0.478392 0.483478 0.515578 0.604348 0.508878
0 0.565217 0.540201 0.135652 0.035846 0.497391 0.527973 0.613913 0.522278 0.520000 0.558124 0.633043 0.551089
0 0.595652 0.589280 0.128696 0.042881 0.532174 0.576214 0.642609 0.567839 0.531304 0.610720 0.660000 0.605695
0 0.602609 0.636181 0.139130 0.032161 0.535652 0.620100 0.663478 0.620436 0.533044 0.651256 0.672174 0.652261
0 0.601304 0.681240 0.143478 0.033166 0.538261 0.664657 0.673043 0.671022 0.529565 0.692127 0.667826 0.697822
0 0.584783 0.727806 0.157391 0.047236 0.525217 0.704188 0.663478 0.709213 0.506087 0.737688 0.649565 0.751424
0 0.566522 0.784422 0.195652 0.056616 0.496522 0.756114 0.664348 0.771524 0.468696 0.798325 0.627826 0.812730
0 0.526087 0.849749 0.215652 0.060637 0.439130 0.819430 0.633913 0.832161 0.418261 0.865997 0.621739 0.880067