0 0.713166 0.032051 0.263323 0.028965 0.592476 0.017569 0.844828 0.024217 0.581505 0.034663 0.836991 0.046534
0 0.677900 0.068613 0.261755 0.048908 0.564263 0.044160 0.808777 0.067426 0.547022 0.066477 0.771160 0.093067
0 0.634013 0.103039 0.258621 0.052232 0.536050 0.076923 0.763323 0.105888 0.504702 0.100665 0.721003 0.129155
0 0.583072 0.141738 0.278997 0.057455 0.479624 0.113010 0.722571 0.143875 0.443574 0.143875 0.688088 0.170465
0 0.517241 0.186372 0.310345 0.054606 0.420063 0.159069 0.672414 0.176638 0.362069 0.194682 0.617555 0.213675
0 0.464734 0.233381 0.305643 0.053656 0.344828 0.206553 0.617555 0.217474 0.311912 0.256410 0.589342 0.260209
0 0.449843 0.285138 0.278997 0.046059 0.311912 0.262108 0.589342 0.264008 0.310345 0.308167 0.587774 0.306743
0 0.471787 0.350427 0.285266 0.061728 0.329154 0.334283 0.590909 0.319563 0.349530 0.381292 0.614420 0.366097
0 0.500000 0.409544 0.310345 0.068851 0.344828 0.395537 0.619122 0.375119 0.387147 0.443970 0.655172 0.424501
0 0.558777 0.472697 0.327586 0.077398 0.394984 0.458215 0.669279 0.433998 0.438871 0.511396 0.722571 0.484330
0 0.616771 0.531576 0.343260 0.076448 0.445141 0.518044 0.733542 0.493352 0.490596 0.569801 0.788401 0.545109
0 0.641066 0.602564 0.319749 0.053181 0.493730 0.579772 0.797806 0.575973 0.481191 0.627255 0.800940 0.629155
0 0.652821 0.666667 0.343260 0.057930 0.482759 0.646249 0.808777 0.637702 0.481191 0.688034 0.824451 0.695632
0 0.626959 0.735043 0.401254 0.071225 0.474922 0.699430 0.827586 0.715100 0.426332 0.743590 0.791536 0.770655
0 0.568182 0.796296 0.418495 0.086420 0.424765 0.753086 0.777429 0.784425 0.358934 0.796296 0.722571 0.839506
0 0.509404 0.846866 0.420063 0.086895 0.368339 0.803419 0.719436 0.840931 0.299373 0.855176 0.655172 0.890313
0 0.419279 0.913105 0.427900 0.083571 0.274295 0.871320 0.633229 0.899335 0.205329 0.925926 0.578370 0.954891