0 0.448299 0.064096 0.216327 0.027996 0.340136 0.057466 0.549660 0.050098 0.355102 0.078094 0.556463 0.073183
0 0.465986 0.105354 0.202721 0.037819 0.364626 0.091847 0.553742 0.086444 0.367347 0.124263 0.567347 0.116896
0 0.485714 0.151031 0.193197 0.035855 0.389116 0.139489 0.572789 0.133104 0.394558 0.168959 0.582313 0.160118
0 0.494558 0.194253 0.180952 0.033890 0.406803 0.184676 0.565986 0.177308 0.404082 0.211198 0.585034 0.204813
0 0.499320 0.237721 0.168707 0.029470 0.425850 0.229862 0.583673 0.222986 0.414966 0.252456 0.572789 0.247053
0 0.502721 0.282908 0.161905 0.030452 0.435374 0.271611 0.578231 0.267682 0.421769 0.298134 0.583673 0.297151
0 0.496599 0.328585 0.176871 0.029470 0.424490 0.313851 0.583673 0.314342 0.408163 0.343320 0.585034 0.342338
0 0.499320 0.376719 0.182313 0.031434 0.427211 0.361002 0.585034 0.364440 0.408163 0.390963 0.590476 0.392436
0 0.498639 0.425835 0.172789 0.029470 0.419048 0.416012 0.585034 0.411100 0.412245 0.440079 0.582313 0.440570
0 0.494558 0.478143 0.210884 0.032908 0.408163 0.461690 0.583673 0.462672 0.389116 0.494597 0.600000 0.492633
0 0.503401 0.531189 0.217687 0.032908 0.414966 0.514735 0.601361 0.517682 0.394558 0.546660 0.612245 0.547642
0 0.497279 0.592092 0.229932 0.041749 0.382313 0.571218 0.612245 0.574165 0.390476 0.610020 0.602721 0.612967
0 0.478912 0.655206 0.234014 0.040275 0.383673 0.635069 0.595918 0.640963 0.361905 0.668959 0.585034 0.675344
0 0.465986 0.711690 0.235374 0.042240 0.360544 0.690570 0.583673 0.697937 0.348299 0.724460 0.576871 0.732809
0 0.451020 0.771365 0.240816 0.040766 0.342857 0.750982 0.571429 0.757859 0.330612 0.787819 0.567347 0.791749
0 0.437415 0.840864 0.259864 0.042240 0.330612 0.819745 0.564626 0.821218 0.307483 0.859528 0.567347 0.861984
0 0.433333 0.903733 0.276190 0.047151 0.306122 0.880157 0.571429 0.886542 0.295238 0.920432 0.565986 0.927308