0 0.517507 0.064754 0.194678 0.025901 0.420168 0.051803 0.614846 0.055866 0.429972 0.074149 0.612045 0.077704
0 0.518908 0.097511 0.177871 0.027425 0.429972 0.083799 0.607843 0.086338 0.429972 0.110716 0.589636 0.111224
0 0.512605 0.134840 0.165266 0.030980 0.432773 0.119350 0.595238 0.120874 0.429972 0.143220 0.577031 0.150330
0 0.498599 0.175724 0.165266 0.037583 0.432773 0.156932 0.581232 0.165058 0.415966 0.189944 0.560224 0.194515
0 0.492997 0.221432 0.154062 0.041646 0.431373 0.200609 0.570028 0.205688 0.415966 0.235653 0.563025 0.242255
0 0.470588 0.269172 0.165266 0.041646 0.413165 0.248349 0.553221 0.255460 0.387955 0.287456 0.530812 0.289995
0 0.460084 0.321737 0.149860 0.037075 0.394958 0.303200 0.535014 0.303200 0.385154 0.336719 0.529412 0.340274
0 0.451681 0.368969 0.144258 0.035043 0.383754 0.353479 0.523810 0.351447 0.379552 0.385983 0.523810 0.386491
0 0.464986 0.421788 0.154062 0.039106 0.389356 0.406298 0.523810 0.402235 0.387955 0.441341 0.542017 0.438294
0 0.482493 0.474099 0.169468 0.043169 0.415966 0.457085 0.557423 0.452514 0.397759 0.495683 0.567227 0.490097
0 0.501401 0.528949 0.159664 0.047232 0.421569 0.509903 0.570028 0.505333 0.421569 0.552565 0.581232 0.552565
0 0.505602 0.586592 0.176471 0.043677 0.417367 0.572372 0.585434 0.564754 0.445378 0.608431 0.593838 0.606399
0 0.536415 0.649060 0.179272 0.047740 0.446779 0.629253 0.616247 0.625190 0.463585 0.671407 0.626050 0.672930
0 0.547619 0.713306 0.184874 0.039106 0.455182 0.693753 0.640056 0.695277 0.466387 0.732351 0.621849 0.732859
0 0.535714 0.779837 0.197479 0.045201 0.446779 0.757237 0.634454 0.758761 0.436975 0.798375 0.612045 0.802438
0 0.514706 0.848400 0.191877 0.048248 0.424370 0.824276 0.602241 0.831387 0.418768 0.866938 0.610644 0.872524
0 0.498599 0.913408 0.232493 0.041138 0.404762 0.892839 0.579832 0.898933 0.382353 0.931437 0.614846 0.933977