0 0.471193 0.088991 0.168724 0.030553 0.386831 0.074200 0.555556 0.073715 0.388203 0.104268 0.554184 0.104268
0 0.472565 0.138943 0.146776 0.042192 0.399177 0.117847 0.543210 0.118817 0.399177 0.155674 0.545953 0.160039
0 0.470508 0.188409 0.161866 0.031523 0.395062 0.172648 0.551440 0.175073 0.389575 0.202231 0.522634 0.204171
0 0.449246 0.232541 0.146776 0.036372 0.386831 0.214355 0.522634 0.217265 0.375857 0.250727 0.504801 0.250242
0 0.432785 0.279583 0.138546 0.029583 0.377229 0.265276 0.502058 0.264791 0.363512 0.294374 0.500686 0.294374
0 0.434842 0.328322 0.153635 0.037827 0.367627 0.309408 0.511660 0.310378 0.358025 0.347236 0.506173 0.347236
0 0.436214 0.382153 0.167353 0.035887 0.363512 0.364694 0.511660 0.364210 0.352538 0.400097 0.519890 0.395247
0 0.454047 0.431135 0.164609 0.042677 0.377229 0.418041 0.518519 0.409796 0.371742 0.452473 0.536351 0.445684
0 0.475309 0.489331 0.176955 0.047527 0.386831 0.471872 0.528121 0.465567 0.389575 0.513094 0.563786 0.500970
0 0.494513 0.546072 0.176955 0.045587 0.411523 0.531038 0.566530 0.523278 0.406036 0.568865 0.582990 0.564501
0 0.515775 0.605238 0.205761 0.049467 0.412894 0.590204 0.596708 0.580504 0.436214 0.629971 0.618656 0.624151
0 0.545267 0.668768 0.179698 0.044617 0.455418 0.652279 0.635117 0.646460 0.471879 0.690592 0.633745 0.691077
0 0.565844 0.738603 0.196159 0.038797 0.467764 0.719690 0.663923 0.719205 0.474623 0.755577 0.655693 0.758002
0 0.562414 0.803346 0.222222 0.046072 0.451303 0.780310 0.673525 0.787100 0.460905 0.819593 0.663923 0.826382
0 0.536351 0.877304 0.227709 0.051406 0.433471 0.851600 0.644719 0.859845 0.422497 0.897187 0.650206 0.903007
0 0.506173 0.947139 0.263374 0.041707 0.407407 0.926285 0.637860 0.935015 0.374486 0.960233 0.610425 0.967992
0 0.472565 0.051406 0.155007 0.029098 0.399177 0.038797 0.548697 0.036857 0.395062 0.065955 0.550069 0.064985