0 0.506724 0.041821 0.187042 0.032550 0.413203 0.028018 0.600245 0.025546 0.441320 0.058096 0.599022 0.053564
0 0.528729 0.083024 0.162592 0.030078 0.447433 0.070045 0.603912 0.067985 0.451100 0.098063 0.610024 0.095179
0 0.524450 0.130820 0.168704 0.039967 0.447433 0.110836 0.605134 0.112897 0.440098 0.145035 0.608802 0.150803
0 0.504279 0.183560 0.201711 0.049856 0.425428 0.158632 0.605134 0.164813 0.403423 0.194891 0.605134 0.208488
0 0.491443 0.233828 0.198044 0.048208 0.399756 0.209724 0.590465 0.213844 0.392421 0.247219 0.569682 0.257932
0 0.470049 0.283066 0.213936 0.044499 0.392421 0.260816 0.570905 0.269056 0.363081 0.298311 0.577017 0.305315
0 0.461491 0.330861 0.223716 0.042027 0.360636 0.309848 0.573350 0.315204 0.349633 0.351463 0.564792 0.351875
0 0.454156 0.384013 0.218826 0.043675 0.344743 0.364236 0.558680 0.362176 0.344743 0.405851 0.563570 0.399670
0 0.463325 0.441698 0.220049 0.051092 0.353301 0.417388 0.566015 0.416152 0.358191 0.467244 0.573350 0.456531
0 0.479829 0.495468 0.243276 0.056448 0.358191 0.480429 0.580685 0.467244 0.364303 0.523692 0.601467 0.509271
0 0.498778 0.558714 0.242054 0.045323 0.377751 0.538937 0.612469 0.536053 0.396088 0.581376 0.619804 0.576020
0 0.504890 0.617841 0.229829 0.044087 0.389976 0.598682 0.613692 0.595797 0.402200 0.639885 0.619804 0.636176
0 0.512225 0.676555 0.212714 0.046148 0.411980 0.654306 0.614914 0.653482 0.405868 0.699629 0.618582 0.698393
0 0.519560 0.745159 0.210269 0.044911 0.416870 0.725175 0.624694 0.722703 0.414425 0.767614 0.623472 0.765966
0 0.528117 0.815616 0.268949 0.053976 0.408313 0.793984 0.646699 0.788628 0.393643 0.842604 0.662592 0.840956
0 0.532396 0.883189 0.275061 0.046560 0.394866 0.868150 0.669927 0.859909 0.400978 0.906469 0.665037 0.893284
0 0.540342 0.944582 0.288509 0.049856 0.396088 0.922126 0.676039 0.919654 0.397311 0.969510 0.684597 0.964977