0 0.410608 0.075765 0.199046 0.038006 0.311085 0.058243 0.505364 0.056762 0.314660 0.094768 0.510131 0.086871
0 0.430274 0.118954 0.195471 0.035538 0.332539 0.108095 0.505364 0.101185 0.332539 0.136723 0.528010 0.126851
0 0.441001 0.159674 0.181168 0.041955 0.350417 0.153011 0.518474 0.138697 0.365912 0.180652 0.531585 0.163376
0 0.471395 0.201135 0.165673 0.043929 0.388558 0.192498 0.532777 0.179171 0.404052 0.223100 0.554231 0.204837
0 0.498808 0.240375 0.158522 0.048371 0.419547 0.235933 0.557807 0.216190 0.439809 0.264561 0.578069 0.245805
0 0.523838 0.285538 0.151371 0.043929 0.448153 0.276407 0.584029 0.263574 0.466031 0.307502 0.599523 0.292695
0 0.559595 0.329714 0.160906 0.045410 0.479142 0.320829 0.623361 0.307009 0.498212 0.352419 0.640048 0.340079
0 0.589392 0.381046 0.163290 0.048371 0.507747 0.370188 0.631704 0.356861 0.507747 0.405232 0.671037 0.389437
0 0.603695 0.430158 0.177592 0.043929 0.514899 0.420533 0.675805 0.408193 0.525626 0.452122 0.692491 0.438302
0 0.627533 0.474334 0.184744 0.035538 0.537545 0.463475 0.697259 0.456565 0.535161 0.492103 0.719905 0.488154
0 0.636472 0.537019 0.181168 0.029615 0.545888 0.525173 0.724672 0.522211 0.553039 0.551826 0.727056 0.550839
0 0.626341 0.593534 0.179976 0.032083 0.550656 0.577986 0.716329 0.577493 0.536353 0.605627 0.690107 0.609576
0 0.607867 0.654245 0.164482 0.045903 0.542312 0.631293 0.690107 0.634748 0.525626 0.666831 0.669845 0.677196
0 0.574493 0.719891 0.150179 0.052813 0.517282 0.693485 0.649583 0.701876 0.499404 0.730997 0.635280 0.746298
0 0.551847 0.791708 0.185936 0.057256 0.485101 0.763080 0.644815 0.771964 0.458880 0.804047 0.615018 0.820336
0 0.522050 0.851185 0.169249 0.032083 0.455304 0.835143 0.597139 0.841560 0.437425 0.865745 0.606675 0.867226
0 0.520262 0.911402 0.168057 0.031096 0.436234 0.895854 0.604291 0.895854 0.445769 0.923001 0.601907 0.926950