0 0.648383 0.043833 0.204388 0.047137 0.569284 0.020264 0.750577 0.036564 0.546189 0.042731 0.722864 0.067401
0 0.601617 0.087225 0.214781 0.060793 0.536951 0.056828 0.709007 0.074890 0.494226 0.088987 0.662818 0.117621
0 0.539261 0.130396 0.219400 0.065198 0.482679 0.097797 0.648961 0.125551 0.429561 0.120264 0.573903 0.162996
0 0.461894 0.158370 0.214781 0.065639 0.420323 0.125551 0.569284 0.163877 0.354503 0.151982 0.523095 0.191189
0 0.393187 0.196035 0.225173 0.075771 0.345266 0.158150 0.505774 0.197357 0.280600 0.189427 0.427252 0.233921
0 0.308314 0.232159 0.224018 0.074890 0.263279 0.194714 0.420323 0.239207 0.196305 0.228634 0.370670 0.269604
0 0.245958 0.271366 0.235566 0.066079 0.184758 0.238326 0.363741 0.273128 0.128176 0.278414 0.326790 0.304405
0 0.207852 0.318502 0.237875 0.066079 0.123557 0.285463 0.326790 0.309692 0.088915 0.326432 0.306005 0.351542
0 0.192841 0.370044 0.226328 0.057269 0.086605 0.341410 0.306005 0.357709 0.079677 0.395154 0.294457 0.398678
0 0.185912 0.431498 0.235566 0.056828 0.079677 0.403084 0.292148 0.403084 0.068129 0.459912 0.303695 0.456388
0 0.197460 0.494053 0.258660 0.066520 0.068129 0.466960 0.308314 0.460793 0.072748 0.527313 0.326790 0.512335
0 0.225173 0.561233 0.281755 0.085463 0.084296 0.538326 0.333718 0.518502 0.130485 0.603965 0.366051 0.565639
0 0.295035 0.625330 0.315242 0.105286 0.137413 0.611894 0.370670 0.572687 0.230947 0.677974 0.452656 0.628194
0 0.407044 0.688987 0.333718 0.109251 0.240185 0.688546 0.468822 0.634361 0.338337 0.743612 0.573903 0.680617
0 0.522517 0.748899 0.340647 0.106608 0.352194 0.749780 0.596998 0.695595 0.420323 0.802203 0.692841 0.752423
0 0.609122 0.818502 0.340647 0.104846 0.438799 0.814978 0.704388 0.766079 0.510393 0.870925 0.779446 0.830837
0 0.695150 0.898458 0.334873 0.100000 0.527714 0.886784 0.811778 0.848458 0.553118 0.948458 0.862587 0.916300