0 0.518843 0.056090 0.144011 0.036538 0.452221 0.074359 0.585464 0.037821 0.446837 0.062179 0.590848 0.066026
0 0.518170 0.096474 0.139973 0.030128 0.448183 0.081410 0.586810 0.082692 0.454913 0.111538 0.588156 0.111538
0 0.522207 0.144551 0.129206 0.030128 0.461642 0.129487 0.581427 0.130769 0.457604 0.157692 0.586810 0.159615
0 0.514805 0.195192 0.127860 0.033974 0.450875 0.178205 0.578735 0.181410 0.453567 0.205769 0.573351 0.212179
0 0.498654 0.244551 0.157470 0.046795 0.430686 0.221154 0.577389 0.233333 0.419919 0.251923 0.562584 0.267949
0 0.467699 0.292628 0.168237 0.045513 0.407806 0.269872 0.551817 0.282692 0.383580 0.295513 0.528937 0.315385
0 0.432705 0.337500 0.170929 0.051923 0.370121 0.311538 0.518170 0.335897 0.347241 0.343590 0.487214 0.363462
0 0.393001 0.382372 0.158816 0.046795 0.337820 0.358974 0.472409 0.379487 0.313594 0.386538 0.450875 0.405769
0 0.359354 0.429487 0.169583 0.046154 0.283984 0.406410 0.444145 0.422436 0.274563 0.440385 0.425303 0.452564
0 0.336474 0.481731 0.161507 0.036538 0.263795 0.463462 0.417227 0.468590 0.255720 0.500000 0.410498 0.498718
0 0.345222 0.538462 0.181696 0.044872 0.254374 0.526282 0.415882 0.516026 0.271871 0.560897 0.436070 0.548718
0 0.368775 0.595833 0.185734 0.059615 0.275908 0.585897 0.442799 0.566026 0.306864 0.625641 0.461642 0.593590
0 0.435397 0.653846 0.179004 0.069231 0.345895 0.645513 0.489906 0.619231 0.368775 0.688462 0.524899 0.648077
0 0.500673 0.709295 0.183042 0.071154 0.409152 0.705769 0.561238 0.673718 0.441454 0.744872 0.592194 0.707051
0 0.559892 0.775641 0.199192 0.060256 0.460296 0.767308 0.629879 0.745513 0.480485 0.805769 0.659489 0.782051
0 0.590848 0.841667 0.201884 0.048718 0.489906 0.828846 0.672948 0.817308 0.504711 0.866026 0.691790 0.863462
0 0.611709 0.920833 0.243607 0.073718 0.496635 0.892949 0.693136 0.883974 0.489906 0.940385 0.733513 0.957692