0 0.486567 0.099565 0.129353 0.031608 0.421891 0.084156 0.540299 0.083761 0.427861 0.115369 0.551244 0.111814
0 0.505473 0.138285 0.125373 0.031608 0.442786 0.127222 0.559204 0.122481 0.451741 0.154089 0.568159 0.150928
0 0.536318 0.179771 0.123383 0.036349 0.474627 0.165152 0.583085 0.161596 0.475622 0.192414 0.598010 0.197945
0 0.532338 0.227973 0.123383 0.037139 0.470647 0.213354 0.594030 0.209403 0.471642 0.244567 0.593035 0.246543
0 0.528358 0.273015 0.139303 0.035559 0.474627 0.255235 0.598010 0.261162 0.458706 0.286053 0.591045 0.290794
0 0.519901 0.318451 0.140299 0.039510 0.461692 0.298696 0.590050 0.302252 0.449751 0.332280 0.582090 0.338206
0 0.503483 0.365666 0.141294 0.040695 0.452736 0.345318 0.574129 0.347689 0.432836 0.380087 0.566169 0.386013
0 0.488557 0.414066 0.143284 0.039510 0.433831 0.394311 0.540299 0.396286 0.416915 0.430660 0.560199 0.433821
0 0.491542 0.461675 0.137313 0.039115 0.428856 0.444883 0.539303 0.442118 0.422886 0.481233 0.560199 0.479652
0 0.505473 0.518372 0.143284 0.044251 0.433831 0.498617 0.547264 0.496247 0.437811 0.540498 0.577114 0.534571
0 0.518408 0.573291 0.145274 0.045041 0.445771 0.558277 0.586070 0.550770 0.445771 0.595812 0.591045 0.587515
0 0.532836 0.634137 0.146269 0.051363 0.459701 0.613591 0.599005 0.608455 0.461692 0.659818 0.605970 0.654287
0 0.533831 0.699328 0.174129 0.042671 0.453731 0.677993 0.620896 0.681549 0.446766 0.713947 0.602985 0.720664
0 0.505970 0.758593 0.186070 0.050573 0.444776 0.733307 0.599005 0.744765 0.412935 0.767286 0.552239 0.783880
0 0.450249 0.823588 0.200000 0.067562 0.393035 0.789806 0.550249 0.806006 0.350249 0.840379 0.527363 0.857369
0 0.435323 0.893520 0.186070 0.034374 0.342289 0.876333 0.524378 0.876333 0.342289 0.910707 0.528358 0.909127
0 0.478607 0.063019 0.139303 0.025682 0.408955 0.054524 0.548259 0.050178 0.417910 0.075859 0.546269 0.072303