0 0.280534 0.048940 0.236641 0.058728 0.162214 0.044861 0.396947 0.019576 0.185115 0.078303 0.398855 0.053834
0 0.312023 0.097471 0.238550 0.066069 0.192748 0.090538 0.408397 0.064437 0.219466 0.130506 0.431298 0.106036
0 0.353053 0.146003 0.240458 0.065253 0.232824 0.139478 0.442748 0.113377 0.259542 0.178630 0.473282 0.147635
0 0.418893 0.193719 0.246183 0.082382 0.295802 0.194127 0.490458 0.152529 0.318702 0.234910 0.541985 0.186786
0 0.480916 0.238173 0.236641 0.088091 0.362595 0.244698 0.545802 0.194127 0.410305 0.282219 0.599237 0.222675
0 0.545802 0.278140 0.251908 0.089723 0.419847 0.294454 0.616412 0.233279 0.482824 0.323002 0.671756 0.271615
0 0.637405 0.315253 0.274809 0.085644 0.500000 0.333605 0.702290 0.272431 0.530534 0.358075 0.774809 0.308320
0 0.694656 0.363377 0.297710 0.090538 0.545802 0.370310 0.791985 0.318108 0.568702 0.408646 0.843511 0.355628
0 0.744275 0.411501 0.270992 0.059543 0.608779 0.414356 0.862595 0.381729 0.625954 0.441272 0.879771 0.426591
0 0.770992 0.467374 0.263359 0.044046 0.639313 0.455954 0.883588 0.445351 0.639313 0.489396 0.902672 0.484502
0 0.764313 0.520392 0.284351 0.050571 0.631679 0.502447 0.896947 0.495106 0.622137 0.543230 0.906489 0.545677
0 0.765267 0.577488 0.286260 0.048940 0.625954 0.558728 0.908397 0.553018 0.622137 0.601958 0.902672 0.600326
0 0.758588 0.651305 0.311069 0.054649 0.614504 0.627243 0.912214 0.623980 0.603053 0.678630 0.914122 0.672920
0 0.755725 0.715334 0.328244 0.048940 0.603053 0.690865 0.919847 0.695759 0.591603 0.719413 0.900763 0.739804
0 0.705153 0.758972 0.234733 0.072594 0.620229 0.722675 0.822519 0.761011 0.587786 0.736542 0.776718 0.795269
0 0.568702 0.797308 0.297710 0.095432 0.473282 0.749592 0.717557 0.810767 0.419847 0.783034 0.656489 0.845024
0 0.486641 0.868271 0.362595 0.110114 0.379771 0.813214 0.667939 0.868679 0.305344 0.857259 0.622137 0.923328