0 0.492216 0.063231 0.174850 0.032869 0.404790 0.053482 0.568862 0.046797 0.404790 0.079666 0.579641 0.071309
0 0.506587 0.097772 0.191617 0.026184 0.410778 0.092479 0.594012 0.084680 0.425150 0.110864 0.602395 0.106964
0 0.513772 0.137326 0.167665 0.035097 0.429940 0.123677 0.597605 0.119777 0.440719 0.154875 0.594012 0.153203
0 0.520359 0.194708 0.137725 0.019499 0.451497 0.184958 0.589222 0.190529 0.451497 0.201114 0.585629 0.204457
0 0.510180 0.240947 0.138922 0.025070 0.456287 0.228412 0.579641 0.236212 0.440719 0.241783 0.574850 0.253482
0 0.497006 0.286072 0.138922 0.033983 0.434731 0.269081 0.566467 0.281337 0.427545 0.279666 0.556886 0.303064
0 0.472455 0.324791 0.137725 0.037883 0.413174 0.305850 0.541317 0.326462 0.403593 0.320334 0.541317 0.343733
0 0.430539 0.369359 0.140120 0.040111 0.376048 0.349304 0.500599 0.373259 0.360479 0.363788 0.489820 0.389415
0 0.390419 0.408914 0.146108 0.042340 0.341317 0.387744 0.463473 0.411142 0.317365 0.403900 0.441916 0.430084
0 0.320958 0.444011 0.150898 0.036769 0.279042 0.425627 0.396407 0.447911 0.245509 0.436769 0.394012 0.462396
0 0.280240 0.485794 0.174850 0.035655 0.205988 0.467967 0.367665 0.486351 0.192814 0.486351 0.344910 0.503621
0 0.252096 0.532312 0.164072 0.028412 0.170060 0.518106 0.334132 0.527577 0.171257 0.541504 0.332934 0.546518
0 0.248503 0.586351 0.178443 0.027298 0.166467 0.576045 0.330539 0.572702 0.159281 0.600000 0.337725 0.598329
0 0.265269 0.637326 0.173653 0.032312 0.178443 0.637326 0.337725 0.621170 0.192814 0.653482 0.352096 0.637326
0 0.313174 0.691365 0.185629 0.046797 0.220359 0.691365 0.371257 0.667967 0.249102 0.714763 0.405988 0.698050
0 0.360479 0.759331 0.177246 0.052368 0.274251 0.757660 0.425150 0.733148 0.271856 0.785515 0.449102 0.762674
0 0.388623 0.822841 0.171257 0.034540 0.306587 0.820613 0.461078 0.805571 0.302994 0.840111 0.474252 0.830641