0 0.566667 0.054649 0.140541 0.029602 0.500000 0.039848 0.636937 0.043643 0.496396 0.064137 0.627027 0.069450
0 0.556306 0.093738 0.134234 0.034156 0.495495 0.076660 0.623423 0.080835 0.489189 0.101328 0.610811 0.110816
0 0.540541 0.135104 0.136937 0.043264 0.486486 0.113472 0.609009 0.123719 0.472072 0.145351 0.583784 0.156736
0 0.503604 0.177989 0.140541 0.046300 0.460360 0.154839 0.573874 0.171537 0.433333 0.183681 0.554054 0.201139
0 0.468018 0.218596 0.141441 0.045541 0.426126 0.195825 0.538739 0.211765 0.397297 0.221632 0.504505 0.241366
0 0.427928 0.258254 0.142342 0.044402 0.394595 0.236053 0.499099 0.253131 0.356757 0.263378 0.464865 0.280455
0 0.383784 0.298861 0.145946 0.048956 0.336937 0.274383 0.456757 0.293359 0.310811 0.309298 0.420721 0.323340
0 0.340541 0.346300 0.142342 0.050474 0.301802 0.321063 0.411712 0.335863 0.269369 0.360911 0.387387 0.371537
0 0.320721 0.397343 0.138739 0.043264 0.263964 0.375712 0.390090 0.383302 0.251351 0.415180 0.383784 0.418975
0 0.325225 0.451423 0.149550 0.046679 0.250450 0.428083 0.386487 0.428843 0.263063 0.474763 0.400000 0.466793
0 0.341892 0.504364 0.157658 0.056167 0.263063 0.486907 0.407207 0.476281 0.290090 0.532448 0.420721 0.517268
0 0.397748 0.562239 0.182883 0.067173 0.306306 0.547628 0.433333 0.528653 0.338739 0.595825 0.489189 0.573055
0 0.450901 0.619924 0.184685 0.068691 0.358559 0.609488 0.513514 0.585579 0.395496 0.654269 0.543243 0.623909
0 0.504054 0.682543 0.186486 0.061860 0.410811 0.669829 0.568468 0.651613 0.443243 0.713472 0.597297 0.688046
0 0.554054 0.745731 0.198198 0.062998 0.454955 0.729791 0.626126 0.714231 0.473874 0.777230 0.653153 0.765085
0 0.579730 0.820114 0.213514 0.056167 0.472973 0.794687 0.675676 0.792030 0.481982 0.848197 0.686486 0.847059
0 0.582883 0.884820 0.205405 0.039089 0.480180 0.865275 0.685586 0.868691 0.490991 0.902087 0.668468 0.904364