0 0.530249 0.048799 0.246738 0.028835 0.413998 0.034381 0.650059 0.036599 0.406880 0.063216 0.653618 0.063216
0 0.536180 0.089094 0.251483 0.022921 0.413998 0.082440 0.653618 0.077634 0.410439 0.100555 0.661922 0.100555
0 0.530842 0.134381 0.285884 0.031423 0.406880 0.118669 0.673784 0.118669 0.387900 0.141590 0.669039 0.150092
0 0.514828 0.178928 0.270463 0.028835 0.387900 0.164510 0.650059 0.166728 0.379597 0.188540 0.646501 0.193346
0 0.493476 0.222366 0.258600 0.034381 0.379597 0.219593 0.622776 0.205176 0.364176 0.232902 0.621590 0.239556
0 0.486358 0.265619 0.270463 0.047689 0.361803 0.241774 0.621590 0.249908 0.351127 0.283549 0.612100 0.289464
0 0.486951 0.330499 0.259786 0.066543 0.357058 0.297227 0.616845 0.302773 0.374852 0.358225 0.616845 0.363771
0 0.491103 0.404436 0.272835 0.063586 0.377224 0.372643 0.627521 0.382255 0.354686 0.432902 0.606168 0.436229
0 0.479241 0.472458 0.291815 0.056192 0.346382 0.444362 0.609727 0.444362 0.333333 0.500555 0.625148 0.499445
0 0.491696 0.534935 0.311981 0.056192 0.335706 0.512384 0.627521 0.506839 0.348754 0.563031 0.647687 0.556747
0 0.503559 0.591867 0.274021 0.045102 0.366548 0.576710 0.640569 0.569316 0.374852 0.614418 0.637011 0.611830
0 0.532028 0.644547 0.323843 0.050647 0.377224 0.624030 0.642942 0.619224 0.370107 0.669871 0.693950 0.665065
0 0.553381 0.695933 0.316726 0.050647 0.400949 0.678004 0.680902 0.670610 0.395018 0.714603 0.711744 0.721257
0 0.551601 0.758595 0.327402 0.056932 0.408066 0.730129 0.715302 0.734196 0.387900 0.768577 0.693950 0.787061
0 0.509490 0.824214 0.335706 0.072089 0.385528 0.788170 0.677343 0.806285 0.341637 0.838817 0.622776 0.860259
0 0.435350 0.895564 0.367734 0.086876 0.320285 0.852126 0.619217 0.877634 0.251483 0.908318 0.607355 0.939002
0 0.445433 0.897597 0.366548 0.075416 0.316726 0.859889 0.628707 0.876155 0.262159 0.911275 0.613286 0.935305