0 0.649770 0.039252 0.248848 0.029907 0.525346 0.024299 0.774194 0.024299 0.525346 0.044860 0.764977 0.054206
0 0.632104 0.075234 0.256528 0.047664 0.531490 0.051402 0.760369 0.066822 0.503840 0.075701 0.721966 0.099065
0 0.586021 0.112150 0.253456 0.053271 0.497696 0.085514 0.712750 0.108411 0.459293 0.113084 0.655914 0.138785
0 0.509217 0.152804 0.262673 0.058879 0.442396 0.123364 0.640553 0.148131 0.377880 0.157944 0.586790 0.182243
0 0.452381 0.196729 0.262673 0.058879 0.360983 0.167290 0.583717 0.186449 0.321045 0.207477 0.549923 0.226168
0 0.427803 0.246963 0.268817 0.056542 0.311828 0.218692 0.546851 0.228505 0.293395 0.275234 0.562212 0.271495
0 0.430876 0.305374 0.274962 0.062150 0.293395 0.285047 0.563748 0.274299 0.316436 0.336449 0.568356 0.318692
0 0.470046 0.359813 0.291859 0.065421 0.324117 0.349065 0.571429 0.327103 0.364055 0.392523 0.615975 0.369626
0 0.530722 0.419393 0.296467 0.075234 0.382488 0.405140 0.619048 0.381776 0.434716 0.457009 0.678955 0.428972
0 0.599846 0.479439 0.305684 0.079439 0.447005 0.466822 0.682028 0.439720 0.505376 0.519159 0.752688 0.487850
0 0.685868 0.539486 0.330261 0.082710 0.520737 0.532710 0.775730 0.498131 0.568356 0.580841 0.850998 0.552804
0 0.725806 0.594159 0.345622 0.064953 0.566820 0.580841 0.863287 0.561682 0.552995 0.626635 0.898618 0.621495
0 0.731951 0.675701 0.388633 0.068224 0.556068 0.641589 0.926267 0.651869 0.537634 0.686916 0.921659 0.709813
0 0.681260 0.737617 0.422427 0.090187 0.533026 0.692523 0.892473 0.729907 0.470046 0.726636 0.800307 0.782710
0 0.562212 0.794393 0.417819 0.102804 0.470046 0.742991 0.771121 0.801402 0.353303 0.778972 0.629800 0.845794
0 0.412442 0.853972 0.425499 0.108879 0.317972 0.799533 0.625192 0.855607 0.199693 0.849065 0.528418 0.908411
0 0.308756 0.911215 0.405530 0.088785 0.184332 0.866822 0.511521 0.919626 0.105991 0.906075 0.442396 0.955607