0 0.577624 0.053040 0.126626 0.038994 0.514310 0.033543 0.640937 0.040252 0.515178 0.062474 0.629662 0.072537
0 0.559844 0.092872 0.124024 0.040671 0.514310 0.072537 0.621856 0.079665 0.497832 0.101048 0.610581 0.113208
0 0.544232 0.129769 0.132697 0.044025 0.497832 0.107757 0.610581 0.121593 0.477884 0.139203 0.575889 0.151782
0 0.508673 0.171908 0.117086 0.045283 0.475282 0.149266 0.567216 0.159748 0.450130 0.180294 0.544666 0.194549
0 0.479618 0.212998 0.109280 0.046122 0.447528 0.189937 0.534258 0.200839 0.424978 0.225996 0.517780 0.236059
0 0.456635 0.256394 0.110147 0.040671 0.413703 0.236059 0.511709 0.243606 0.401561 0.272117 0.510841 0.276730
0 0.449696 0.300839 0.117086 0.040671 0.397225 0.280503 0.506505 0.283438 0.391154 0.321174 0.508239 0.317400
0 0.462272 0.347379 0.131830 0.047379 0.396357 0.331656 0.508239 0.323690 0.396357 0.371069 0.528187 0.361845
0 0.471813 0.395388 0.140503 0.051153 0.401561 0.381132 0.522984 0.369811 0.413703 0.420964 0.542064 0.409224
0 0.499133 0.447589 0.155247 0.058281 0.421509 0.432704 0.542931 0.418449 0.437988 0.476730 0.576756 0.455346
0 0.538595 0.501887 0.171726 0.068763 0.452732 0.488889 0.578491 0.467505 0.477016 0.536268 0.624458 0.506499
0 0.588465 0.554298 0.193409 0.069602 0.491761 0.547170 0.640069 0.519497 0.529055 0.589099 0.685169 0.562264
0 0.635733 0.616771 0.190807 0.065409 0.540330 0.600419 0.707719 0.584067 0.562012 0.649476 0.731136 0.636897
0 0.650477 0.687002 0.175195 0.054088 0.567216 0.659958 0.736340 0.659958 0.562879 0.706499 0.738075 0.714046
0 0.634866 0.752411 0.206418 0.070860 0.564614 0.716981 0.738075 0.740042 0.531657 0.757652 0.705117 0.787841
0 0.584996 0.816772 0.219428 0.084696 0.520382 0.774423 0.694709 0.806289 0.475282 0.823061 0.656548 0.859119
0 0.522116 0.881132 0.249783 0.073375 0.464007 0.844444 0.647008 0.875472 0.397225 0.893082 0.599306 0.917820