0 0.570155 0.040508 0.172414 0.028306 0.483948 0.026354 0.651605 0.029283 0.488704 0.051733 0.656361 0.054661
0 0.576100 0.080283 0.160523 0.033675 0.495838 0.063446 0.656361 0.066374 0.495838 0.091752 0.643282 0.097121
0 0.564804 0.124695 0.152200 0.044412 0.499405 0.102489 0.640904 0.110786 0.488704 0.136652 0.620690 0.146901
0 0.528537 0.174475 0.162901 0.055149 0.480381 0.146901 0.609988 0.157638 0.447087 0.186432 0.576694 0.202050
0 0.489893 0.224500 0.147444 0.050756 0.439952 0.199122 0.563615 0.213763 0.416171 0.231820 0.535077 0.249878
0 0.445898 0.273304 0.161712 0.050756 0.393579 0.247926 0.526754 0.260615 0.365042 0.282577 0.511296 0.298682
0 0.414982 0.320644 0.168847 0.050756 0.359096 0.295266 0.499405 0.306979 0.330559 0.336750 0.493460 0.346022
0 0.399524 0.374817 0.183115 0.048804 0.334126 0.350415 0.491082 0.356759 0.307967 0.391898 0.470868 0.399219
0 0.405470 0.429478 0.180737 0.047828 0.315101 0.408980 0.473246 0.405564 0.318668 0.453392 0.495838 0.441679
0 0.435791 0.480722 0.189061 0.061493 0.341260 0.467057 0.508918 0.449976 0.367420 0.511469 0.530321 0.488043
0 0.507729 0.535871 0.235434 0.070278 0.390012 0.526598 0.563615 0.500732 0.434007 0.571010 0.625446 0.541240
0 0.564804 0.580527 0.244946 0.063934 0.442331 0.582723 0.640904 0.548560 0.462545 0.612494 0.687277 0.591996
0 0.593936 0.638116 0.227111 0.054173 0.480381 0.626159 0.707491 0.611030 0.488704 0.659834 0.702735 0.665203
0 0.586801 0.693509 0.236623 0.049780 0.480381 0.668619 0.705113 0.686676 0.468490 0.696925 0.649227 0.718399
0 0.545779 0.745730 0.237812 0.070278 0.460166 0.710591 0.664685 0.743777 0.426873 0.751098 0.617122 0.780869
0 0.487515 0.812103 0.240190 0.071254 0.395957 0.776476 0.607610 0.799902 0.367420 0.819912 0.596908 0.847731
0 0.444709 0.879941 0.282996 0.071254 0.323424 0.844314 0.586207 0.866764 0.303210 0.895071 0.581451 0.915569