0 0.601362 0.031163 0.288956 0.025392 0.458396 0.018467 0.745840 0.023084 0.456884 0.031856 0.735250 0.043860
0 0.586233 0.061865 0.264750 0.044321 0.461422 0.039705 0.718608 0.061404 0.453858 0.062789 0.686838 0.084026
0 0.543117 0.100185 0.242057 0.047091 0.455371 0.076639 0.664145 0.100646 0.422088 0.096953 0.621785 0.123730
0 0.489410 0.139889 0.240545 0.054478 0.403933 0.112650 0.609682 0.138966 0.369138 0.142198 0.565809 0.167128
0 0.429652 0.182133 0.272315 0.052170 0.335855 0.156048 0.565809 0.172207 0.293495 0.189751 0.529501 0.208218
0 0.389561 0.230148 0.279879 0.053093 0.275340 0.203601 0.529501 0.213758 0.249622 0.251154 0.509834 0.256694
0 0.387292 0.289935 0.275340 0.060018 0.249622 0.265928 0.512859 0.259926 0.261725 0.319945 0.524962 0.300554
0 0.421331 0.344875 0.295008 0.065559 0.273828 0.332872 0.523449 0.312096 0.320726 0.377655 0.568835 0.357341
0 0.474281 0.403047 0.279879 0.074792 0.334342 0.390582 0.573374 0.365651 0.387292 0.440443 0.614221 0.415974
0 0.551437 0.463758 0.304085 0.078024 0.399395 0.451985 0.624811 0.424746 0.458396 0.502770 0.703480 0.473684
0 0.642965 0.523777 0.326778 0.080794 0.479576 0.517082 0.715582 0.483380 0.517398 0.564174 0.806354 0.536011
0 0.699697 0.580102 0.340393 0.078024 0.529501 0.570175 0.816944 0.541090 0.570348 0.619114 0.869894 0.600185
0 0.726929 0.651662 0.331316 0.057710 0.573374 0.627424 0.885023 0.622807 0.561271 0.674977 0.892587 0.680517
0 0.695159 0.727839 0.382753 0.087258 0.565809 0.684211 0.886536 0.712835 0.503782 0.728994 0.798790 0.771468
0 0.578669 0.793167 0.406959 0.102493 0.479576 0.741921 0.782148 0.788089 0.375189 0.792244 0.688351 0.844414
0 0.453101 0.859880 0.422088 0.103878 0.346445 0.807941 0.664145 0.860111 0.242057 0.855956 0.573374 0.911819
0 0.341906 0.919437 0.429652 0.097415 0.214826 0.870729 0.556732 0.922438 0.127080 0.915512 0.482602 0.968144