0 0.552356 0.025427 0.246073 0.026304 0.429319 0.016659 0.668412 0.012275 0.431065 0.037703 0.675393 0.038580
0 0.551483 0.066418 0.237347 0.036388 0.432810 0.048224 0.670157 0.048224 0.438045 0.080666 0.659686 0.084612
0 0.538394 0.108943 0.242583 0.042525 0.438045 0.087681 0.659686 0.091188 0.417103 0.118808 0.623037 0.130206
0 0.491274 0.152565 0.256545 0.047348 0.411867 0.128891 0.619546 0.136782 0.363002 0.162648 0.568935 0.176238
0 0.441536 0.200132 0.247818 0.048663 0.356021 0.175800 0.565445 0.184568 0.317627 0.213503 0.534031 0.224463
0 0.404887 0.245287 0.244328 0.043402 0.307155 0.223586 0.527051 0.231039 0.282723 0.260412 0.511344 0.266988
0 0.392670 0.293950 0.237347 0.041648 0.279232 0.273564 0.511344 0.273126 0.273997 0.314774 0.511344 0.313021
0 0.400524 0.344367 0.263525 0.046909 0.268761 0.326173 0.513089 0.320912 0.279232 0.367821 0.532286 0.359930
0 0.430192 0.394783 0.270506 0.051293 0.294939 0.378781 0.541012 0.369136 0.301920 0.420430 0.565445 0.410346
0 0.454625 0.448268 0.308901 0.053047 0.300175 0.430513 0.568935 0.421745 0.322862 0.474792 0.609075 0.464708
0 0.499127 0.507234 0.338569 0.054362 0.329843 0.490136 0.626527 0.480053 0.331588 0.534415 0.668412 0.525647
0 0.506981 0.568172 0.354276 0.061377 0.329843 0.548444 0.675393 0.537484 0.347295 0.598860 0.684119 0.593599
0 0.532286 0.638097 0.352531 0.057431 0.356021 0.615520 0.708551 0.609382 0.357766 0.665498 0.706806 0.666813
0 0.527051 0.712845 0.366492 0.057869 0.361257 0.683911 0.710297 0.688295 0.343805 0.732573 0.701571 0.741780
0 0.496510 0.786936 0.371728 0.059623 0.340314 0.757124 0.682373 0.762385 0.310646 0.804910 0.677138 0.816747
0 0.464223 0.857738 0.408377 0.058308 0.300175 0.828584 0.668412 0.836037 0.260035 0.879000 0.642234 0.886892
0 0.452007 0.928759 0.418848 0.042525 0.242583 0.907497 0.647469 0.907935 0.242583 0.948268 0.661431 0.950022