0 0.547619 0.033320 0.274962 0.033731 0.410138 0.025915 0.680492 0.016454 0.431644 0.050185 0.685100 0.044015
0 0.562980 0.067462 0.262673 0.033731 0.431644 0.055533 0.683564 0.050596 0.448541 0.084327 0.694316 0.083916
0 0.572197 0.108186 0.247312 0.035376 0.448541 0.091732 0.694316 0.090498 0.451613 0.120938 0.695853 0.125874
0 0.568356 0.151378 0.258065 0.045249 0.448541 0.128754 0.697389 0.133690 0.439324 0.165364 0.686636 0.174002
0 0.542243 0.197655 0.276498 0.057178 0.436252 0.169066 0.680492 0.182641 0.403994 0.208556 0.614439 0.226244
0 0.496928 0.240025 0.262673 0.051419 0.399386 0.214315 0.628264 0.227890 0.365591 0.250103 0.603687 0.265734
0 0.463902 0.290621 0.264209 0.055533 0.360983 0.262855 0.596006 0.273139 0.331797 0.305636 0.582181 0.318388
0 0.443932 0.343069 0.270353 0.047717 0.319508 0.319210 0.579109 0.324558 0.308756 0.363636 0.556068 0.366927
0 0.437020 0.394488 0.265745 0.049362 0.304147 0.372686 0.557604 0.369807 0.305684 0.419169 0.569892 0.413821
0 0.450845 0.448786 0.290323 0.057589 0.305684 0.431921 0.572965 0.419992 0.316436 0.477581 0.596006 0.470177
0 0.475422 0.504525 0.305684 0.060469 0.322581 0.485808 0.596006 0.474290 0.337942 0.534759 0.628264 0.526944
0 0.500768 0.572398 0.310292 0.057178 0.345622 0.548334 0.637481 0.543809 0.351767 0.600987 0.655914 0.596874
0 0.500768 0.640889 0.325653 0.055121 0.354839 0.613328 0.655914 0.614562 0.337942 0.663924 0.663594 0.668449
0 0.489247 0.709173 0.339478 0.063348 0.334869 0.677499 0.658986 0.684081 0.319508 0.730975 0.651306 0.740847
0 0.459293 0.782394 0.362519 0.060058 0.301075 0.752365 0.640553 0.761004 0.278034 0.803373 0.626728 0.812423
0 0.439324 0.851707 0.390169 0.059646 0.271889 0.821884 0.634409 0.830934 0.244240 0.873303 0.605223 0.881530
0 0.400154 0.921226 0.407066 0.059646 0.235023 0.891403 0.603687 0.898396 0.196621 0.946113 0.603687 0.951049