0 0.497159 0.103699 0.139773 0.033906 0.427273 0.087627 0.565909 0.086746 0.430682 0.120652 0.567045 0.119331
0 0.505114 0.149494 0.130682 0.025980 0.439773 0.138265 0.570455 0.136504 0.452273 0.162483 0.565909 0.162043
0 0.519886 0.195288 0.151136 0.032144 0.462500 0.181858 0.576136 0.179216 0.444318 0.211361 0.595455 0.208719
0 0.517614 0.242184 0.139773 0.034346 0.450000 0.225011 0.587500 0.227653 0.447727 0.253192 0.567045 0.259357
0 0.497727 0.287759 0.145455 0.037428 0.447727 0.269044 0.564773 0.273888 0.425000 0.298987 0.570455 0.306473
0 0.471591 0.333553 0.147727 0.041832 0.430682 0.312638 0.545455 0.318362 0.397727 0.345222 0.540909 0.354469
0 0.447159 0.379128 0.160227 0.037869 0.404545 0.360194 0.527273 0.363716 0.367045 0.394100 0.517045 0.398063
0 0.443182 0.428005 0.154545 0.040511 0.380682 0.407750 0.510227 0.409071 0.365909 0.448261 0.520455 0.447380
0 0.450000 0.481066 0.145455 0.044474 0.377273 0.460590 0.510227 0.458829 0.380682 0.503303 0.522727 0.498459
0 0.472727 0.536328 0.163636 0.048437 0.396591 0.517393 0.518182 0.512109 0.390909 0.560546 0.554545 0.552620
0 0.502841 0.596653 0.196591 0.052840 0.404545 0.575517 0.552273 0.570233 0.405682 0.623074 0.601136 0.613827
0 0.529545 0.660062 0.195455 0.056363 0.438636 0.636724 0.596591 0.631880 0.431818 0.688243 0.627273 0.678115
0 0.535227 0.727433 0.186364 0.049317 0.444318 0.708939 0.627273 0.702774 0.442045 0.752092 0.628409 0.751211
0 0.530682 0.795685 0.204545 0.057244 0.447727 0.767063 0.632955 0.775870 0.428409 0.815500 0.604545 0.824306
0 0.494886 0.867900 0.221591 0.062528 0.417045 0.836636 0.605682 0.848965 0.384091 0.887715 0.595455 0.899163
0 0.480114 0.935271 0.226136 0.042272 0.372727 0.914135 0.593182 0.916777 0.367045 0.955086 0.578409 0.956407
0 0.488636 0.062528 0.152273 0.029062 0.412500 0.051079 0.564773 0.047996 0.415909 0.077059 0.562500 0.075738