0 0.611506 0.035390 0.259943 0.020871 0.481534 0.024955 0.741477 0.029038 0.481534 0.037659 0.738636 0.045826
0 0.617188 0.071234 0.234375 0.043557 0.500000 0.049456 0.734375 0.064428 0.500000 0.074410 0.694602 0.093013
0 0.580256 0.106624 0.203125 0.045372 0.497159 0.083938 0.681818 0.104809 0.478693 0.105717 0.649148 0.129310
0 0.516335 0.148140 0.234375 0.051270 0.438920 0.122505 0.633523 0.145191 0.399148 0.152904 0.596591 0.173775
0 0.465199 0.187160 0.262784 0.044011 0.373580 0.165154 0.592330 0.177858 0.333807 0.201452 0.596591 0.209165
0 0.450994 0.232305 0.308239 0.044465 0.330966 0.210073 0.599432 0.215971 0.296875 0.254537 0.605114 0.254537
0 0.452415 0.289927 0.305398 0.062613 0.299716 0.258621 0.605114 0.263612 0.299716 0.321234 0.569602 0.317151
0 0.453125 0.348684 0.281250 0.064882 0.312500 0.337114 0.569602 0.316243 0.345170 0.381125 0.593750 0.361162
0 0.499290 0.404719 0.259943 0.069873 0.369318 0.392922 0.596591 0.369782 0.414773 0.439655 0.629261 0.418330
0 0.563210 0.464156 0.291193 0.077132 0.417614 0.451906 0.637784 0.425590 0.477273 0.502722 0.708807 0.471869
0 0.652699 0.522232 0.305398 0.078947 0.500000 0.516334 0.735795 0.482759 0.536932 0.561706 0.805398 0.535390
0 0.701705 0.583031 0.318182 0.078040 0.542614 0.573049 0.823864 0.544011 0.575284 0.622051 0.860795 0.603902
0 0.721591 0.651996 0.338068 0.060799 0.598011 0.622051 0.887784 0.621597 0.552557 0.664247 0.890625 0.682396
0 0.687500 0.724365 0.380682 0.084846 0.573864 0.681942 0.877841 0.714610 0.497159 0.730036 0.816761 0.766788
0 0.606534 0.792650 0.357955 0.089837 0.474432 0.747731 0.785511 0.790381 0.427557 0.785844 0.715909 0.837568
0 0.470170 0.853448 0.394886 0.099819 0.377841 0.803539 0.667614 0.850726 0.272727 0.848911 0.585227 0.903358
0 0.379972 0.921960 0.413352 0.082577 0.228693 0.880672 0.586648 0.908348 0.173295 0.942831 0.518466 0.963249