0 0.564982 0.037394 0.203369 0.028951 0.463297 0.022919 0.666667 0.024125 0.470517 0.046240 0.655836 0.051870
0 0.556558 0.073181 0.193742 0.037797 0.468111 0.054282 0.653430 0.059107 0.459687 0.080418 0.643803 0.092079
0 0.540313 0.111580 0.199759 0.051870 0.459687 0.085645 0.640193 0.098512 0.440433 0.113792 0.596871 0.137515
0 0.498797 0.150985 0.186522 0.058303 0.441637 0.121834 0.592058 0.142742 0.405535 0.154403 0.554753 0.180137
0 0.454272 0.190792 0.191336 0.055086 0.401925 0.163249 0.549940 0.185364 0.358604 0.202654 0.504212 0.218335
0 0.397714 0.235424 0.208183 0.055891 0.351384 0.207479 0.501805 0.225573 0.293622 0.246482 0.464501 0.263370
0 0.361613 0.282268 0.198556 0.042622 0.274368 0.260957 0.460891 0.267390 0.262335 0.302774 0.448857 0.303579
0 0.367629 0.332328 0.205776 0.049457 0.264741 0.315239 0.463297 0.307600 0.277978 0.357057 0.470517 0.346200
0 0.410951 0.381383 0.244284 0.063932 0.288809 0.372336 0.475331 0.349417 0.328520 0.413349 0.533093 0.383997
0 0.474128 0.425211 0.259928 0.076799 0.344164 0.420587 0.539110 0.386811 0.413959 0.463611 0.604091 0.429433
0 0.565584 0.477483 0.281588 0.081624 0.424789 0.470446 0.618532 0.436671 0.476534 0.518295 0.706378 0.485726
0 0.642599 0.537596 0.296029 0.067551 0.494585 0.524729 0.743682 0.503820 0.517449 0.571371 0.790614 0.554483
0 0.670277 0.603136 0.286402 0.053076 0.527076 0.578207 0.806258 0.576598 0.530686 0.628468 0.813478 0.629674
0 0.650421 0.675915 0.318893 0.073985 0.537906 0.638922 0.809868 0.659027 0.490975 0.688380 0.771360 0.712907
0 0.566787 0.746884 0.332130 0.085645 0.472924 0.704061 0.732852 0.735826 0.400722 0.755127 0.681107 0.789706
0 0.489771 0.822075 0.339350 0.081624 0.375451 0.781263 0.659446 0.803378 0.320096 0.840370 0.623345 0.862887
0 0.440433 0.897266 0.387485 0.065541 0.285199 0.864495 0.616125 0.870929 0.246691 0.925211 0.634176 0.930036