0 0.594213 0.047193 0.203230 0.045703 0.492598 0.024342 0.695828 0.031793 0.492598 0.055142 0.683715 0.070045
0 0.572678 0.083954 0.203230 0.046696 0.491252 0.060606 0.674293 0.079483 0.471063 0.092399 0.652759 0.107303
0 0.543069 0.125931 0.205922 0.055142 0.465680 0.098361 0.646030 0.114257 0.440108 0.130651 0.604307 0.153502
0 0.503365 0.166667 0.188425 0.053154 0.438762 0.140089 0.597577 0.163438 0.409152 0.172876 0.565276 0.193244
0 0.462315 0.208395 0.184388 0.045206 0.405114 0.185792 0.554509 0.202683 0.370121 0.216095 0.539704 0.230999
0 0.441454 0.253602 0.188425 0.047193 0.378197 0.230005 0.535666 0.238450 0.347241 0.274218 0.518170 0.277198
0 0.420592 0.296076 0.187079 0.031793 0.343203 0.280179 0.514132 0.280676 0.327053 0.310979 0.510094 0.311972
0 0.423284 0.342275 0.184388 0.042722 0.332436 0.326875 0.506057 0.320914 0.331090 0.363636 0.515478 0.352707
0 0.448183 0.385991 0.201884 0.047690 0.347241 0.376552 0.523553 0.362146 0.353970 0.409836 0.549125 0.394436
0 0.481157 0.431197 0.213997 0.053651 0.374159 0.425236 0.558546 0.404372 0.395693 0.458023 0.588156 0.438152
0 0.518843 0.481371 0.227456 0.054645 0.405114 0.477397 0.597577 0.454049 0.427995 0.508694 0.632571 0.492300
0 0.561911 0.535022 0.246299 0.049677 0.438762 0.525584 0.652759 0.510184 0.449529 0.559861 0.685061 0.546448
0 0.582773 0.593393 0.247645 0.044213 0.458950 0.580725 0.693136 0.571287 0.461642 0.614009 0.706595 0.615499
0 0.573351 0.662692 0.239569 0.047690 0.458950 0.638847 0.693136 0.639841 0.453567 0.677099 0.691790 0.686538
0 0.546433 0.726776 0.274563 0.058619 0.444145 0.697466 0.683715 0.715847 0.409152 0.737705 0.666218 0.756085
0 0.474428 0.798559 0.356662 0.091903 0.384926 0.752608 0.652759 0.778440 0.296097 0.811724 0.619112 0.844511
0 0.440781 0.866617 0.348587 0.085941 0.288022 0.823646 0.615074 0.849478 0.266487 0.891207 0.593540 0.909588