0 0.527478 0.082905 0.125225 0.037833 0.469369 0.063989 0.590090 0.073330 0.464865 0.095283 0.581081 0.101822
0 0.511712 0.134283 0.133333 0.055582 0.464865 0.106492 0.578378 0.120504 0.445045 0.144325 0.564865 0.162074
0 0.480180 0.187996 0.154955 0.062121 0.432432 0.156936 0.557658 0.176553 0.402703 0.192901 0.506306 0.219057
0 0.414865 0.237973 0.159459 0.065857 0.385586 0.205044 0.494595 0.235404 0.335135 0.238206 0.444144 0.270901
0 0.345946 0.281411 0.158559 0.068660 0.315315 0.247081 0.425225 0.283045 0.266667 0.292854 0.387387 0.315740
0 0.303153 0.334657 0.168468 0.053713 0.244144 0.307800 0.387387 0.333956 0.218919 0.351238 0.361261 0.361513
0 0.281532 0.385334 0.148649 0.043905 0.215315 0.363382 0.351351 0.372723 0.207207 0.407286 0.355856 0.401214
0 0.290991 0.438347 0.156757 0.046240 0.212613 0.423167 0.356757 0.415227 0.230631 0.461467 0.369369 0.436245
0 0.327477 0.492994 0.173874 0.075199 0.240541 0.479682 0.379279 0.455395 0.304505 0.530593 0.414414 0.489491
0 0.416216 0.544839 0.165766 0.076133 0.333333 0.550677 0.452252 0.506773 0.374775 0.582905 0.499099 0.547875
0 0.490991 0.593181 0.172973 0.069127 0.404505 0.595049 0.520721 0.558617 0.435135 0.627744 0.577477 0.596450
0 0.535586 0.652966 0.164865 0.069127 0.453153 0.645026 0.592793 0.618403 0.479279 0.687529 0.618018 0.673517
0 0.558108 0.727230 0.164865 0.064456 0.475676 0.705745 0.624324 0.695002 0.485586 0.759458 0.640541 0.751051
0 0.572072 0.809902 0.174775 0.059785 0.484685 0.780009 0.652252 0.781411 0.485586 0.839795 0.659459 0.839795
0 0.565766 0.899580 0.203604 0.066324 0.463964 0.866418 0.667568 0.868286 0.472072 0.926203 0.655856 0.932742
0 0.530180 0.046474 0.128829 0.029426 0.465766 0.031761 0.594595 0.037833 0.474775 0.055114 0.590991 0.061186
0 0.563514 0.946287 0.191892 0.035497 0.472072 0.928538 0.655856 0.932275 0.467568 0.960299 0.659459 0.964036