0 0.519126 0.076800 0.112412 0.039200 0.462920 0.068400 0.563622 0.057200 0.482436 0.096400 0.575332 0.081600
0 0.544496 0.111200 0.108509 0.037600 0.490242 0.104800 0.585480 0.092400 0.507416 0.130000 0.598751 0.120000
0 0.565574 0.156200 0.105386 0.044400 0.512881 0.142000 0.608899 0.134000 0.516003 0.171600 0.618267 0.178400
0 0.555035 0.209200 0.128025 0.048000 0.512881 0.185200 0.619048 0.199200 0.491023 0.212800 0.587041 0.233200
0 0.523419 0.250400 0.128806 0.050400 0.480094 0.225200 0.587822 0.247600 0.459016 0.254400 0.543326 0.275600
0 0.466823 0.291600 0.126464 0.053600 0.444184 0.264800 0.530055 0.287200 0.403591 0.296000 0.496487 0.318400
0 0.422326 0.334800 0.134270 0.052800 0.392662 0.308400 0.489461 0.330000 0.355191 0.342400 0.455894 0.361200
0 0.379391 0.378200 0.126464 0.048400 0.341140 0.354000 0.442623 0.371600 0.316159 0.390800 0.413739 0.402400
0 0.351288 0.424400 0.124902 0.040000 0.302888 0.404400 0.413739 0.414000 0.288837 0.443200 0.401249 0.444400
0 0.346604 0.482600 0.113973 0.052400 0.289617 0.460400 0.402030 0.456400 0.291959 0.508800 0.403591 0.502400
0 0.359094 0.545800 0.138954 0.055600 0.289617 0.526400 0.414520 0.518000 0.309133 0.573600 0.428571 0.558800
0 0.400859 0.604400 0.153786 0.068800 0.323966 0.592400 0.444184 0.570000 0.359875 0.638800 0.477752 0.604000
0 0.463310 0.652800 0.161592 0.070400 0.382514 0.653600 0.500390 0.617600 0.427791 0.688000 0.544106 0.656800
0 0.533958 0.714400 0.168618 0.072800 0.449649 0.712000 0.572990 0.678000 0.493365 0.750800 0.618267 0.716000
0 0.597190 0.780800 0.177986 0.078400 0.508197 0.769600 0.646370 0.741600 0.539422 0.820000 0.686183 0.794800
0 0.642076 0.855000 0.178767 0.070000 0.552693 0.840800 0.705699 0.820000 0.567525 0.890000 0.731460 0.878000
0 0.656909 0.920600 0.181889 0.040400 0.565964 0.908800 0.741608 0.900400 0.572990 0.940800 0.747853 0.935200