0 0.535677 0.056927 0.158447 0.048925 0.470094 0.032465 0.614900 0.050754 0.456453 0.062643 0.603358 0.081390
0 0.499475 0.102195 0.155299 0.052583 0.451207 0.075903 0.577125 0.095565 0.421826 0.101052 0.563484 0.128487
0 0.463274 0.141289 0.158447 0.052126 0.418678 0.115226 0.542497 0.135345 0.384050 0.139003 0.515215 0.167353
0 0.406611 0.177869 0.147954 0.056699 0.363064 0.149520 0.480588 0.176040 0.332634 0.180155 0.459601 0.206219
0 0.357817 0.220165 0.174187 0.054412 0.310598 0.192958 0.444911 0.213535 0.270724 0.225423 0.422875 0.247371
0 0.323715 0.264975 0.154250 0.043439 0.269675 0.243256 0.400839 0.265203 0.246590 0.279378 0.388248 0.286694
0 0.308499 0.318473 0.151102 0.042524 0.243442 0.297211 0.380902 0.299040 0.232949 0.339735 0.384050 0.326932
0 0.315320 0.370599 0.152151 0.057156 0.239244 0.362140 0.388248 0.342021 0.270724 0.399177 0.391396 0.375400
0 0.369885 0.418610 0.156348 0.066301 0.291710 0.418839 0.427072 0.385460 0.330535 0.451760 0.448059 0.426155
0 0.463274 0.472565 0.198321 0.069044 0.364113 0.468221 0.475341 0.438043 0.405037 0.507087 0.562434 0.465935
0 0.541448 0.522634 0.193074 0.075903 0.444911 0.525377 0.579224 0.484682 0.499475 0.560585 0.637985 0.522177
0 0.629066 0.577732 0.217209 0.069959 0.520462 0.575217 0.657922 0.542753 0.552991 0.612711 0.737671 0.579332
0 0.686254 0.638089 0.222455 0.063557 0.575026 0.628715 0.756558 0.606310 0.603358 0.669867 0.797482 0.657522
0 0.699370 0.713763 0.202518 0.053955 0.601259 0.691815 0.789087 0.686786 0.598111 0.734339 0.800630 0.740741
0 0.656873 0.787609 0.222455 0.071788 0.581322 0.751715 0.768101 0.767718 0.545645 0.794696 0.731375 0.823503
0 0.604932 0.842707 0.210913 0.043896 0.515215 0.820759 0.710388 0.844079 0.499475 0.851852 0.694649 0.864655
0 0.573452 0.893233 0.223505 0.042524 0.478489 0.871971 0.685205 0.890261 0.461700 0.910380 0.673662 0.914495