0 0.540892 0.034534 0.201983 0.034322 0.439901 0.025847 0.619579 0.017373 0.459727 0.051695 0.641883 0.047881
0 0.561958 0.073941 0.184634 0.037712 0.469641 0.058898 0.643123 0.055085 0.479554 0.090678 0.654275 0.092797
0 0.565056 0.118644 0.166047 0.043220 0.485750 0.097034 0.648079 0.102542 0.482032 0.129237 0.648079 0.140254
0 0.534696 0.161864 0.201983 0.051695 0.482032 0.136017 0.635688 0.150424 0.433705 0.168220 0.594796 0.187712
0 0.486369 0.202754 0.201983 0.054661 0.434944 0.175424 0.587361 0.193644 0.385378 0.210593 0.560099 0.230085
0 0.447955 0.252754 0.204461 0.056356 0.382900 0.224576 0.550186 0.242373 0.345725 0.264830 0.534077 0.280932
0 0.433086 0.301059 0.204461 0.045339 0.334572 0.278390 0.521685 0.286017 0.330855 0.323729 0.535316 0.322458
0 0.453532 0.358898 0.240397 0.057627 0.333333 0.344915 0.526642 0.330085 0.351921 0.387712 0.573730 0.363136
0 0.507435 0.404661 0.241636 0.069492 0.386617 0.397034 0.583643 0.369915 0.437423 0.439407 0.628253 0.405932
0 0.588600 0.452754 0.252788 0.072458 0.462206 0.447881 0.643123 0.416525 0.506815 0.488983 0.714994 0.454661
0 0.668525 0.504449 0.268897 0.060593 0.534077 0.499153 0.750929 0.474153 0.547708 0.534746 0.802974 0.519492
0 0.670384 0.570127 0.260223 0.054661 0.540273 0.542797 0.800496 0.547881 0.540273 0.588983 0.799257 0.597458
0 0.657373 0.636653 0.276332 0.066525 0.542751 0.603390 0.795539 0.618220 0.519207 0.648305 0.771995 0.669915
0 0.586741 0.705720 0.313507 0.080085 0.501859 0.665678 0.743494 0.695763 0.429988 0.711017 0.695167 0.745763
0 0.509294 0.770127 0.339529 0.082627 0.402726 0.728814 0.679058 0.764831 0.339529 0.772458 0.625775 0.811441
0 0.429988 0.836017 0.337051 0.078814 0.309789 0.796610 0.598513 0.826695 0.261462 0.850000 0.560099 0.875424
0 0.375465 0.910593 0.351921 0.066949 0.241636 0.877119 0.551425 0.890254 0.199504 0.932203 0.524164 0.944068