0 0.487387 0.065311 0.140541 0.032069 0.417117 0.057098 0.545946 0.049276 0.427027 0.081345 0.557658 0.071959
0 0.502703 0.097966 0.133333 0.029331 0.436036 0.091513 0.562162 0.083301 0.444144 0.112632 0.569369 0.109112
0 0.513514 0.137466 0.113514 0.033242 0.457658 0.127493 0.566667 0.120845 0.456757 0.152522 0.570270 0.154087
0 0.523423 0.186351 0.133333 0.036371 0.456757 0.168166 0.590090 0.168948 0.456757 0.191240 0.576577 0.204537
0 0.510811 0.226437 0.140541 0.040673 0.455856 0.206101 0.581081 0.219789 0.440541 0.234259 0.568468 0.246774
0 0.489640 0.267110 0.150450 0.040673 0.441441 0.246774 0.564865 0.256160 0.414414 0.273758 0.549550 0.287446
0 0.464865 0.306609 0.151351 0.039108 0.407207 0.287055 0.540541 0.294486 0.389189 0.323817 0.517117 0.326163
0 0.439640 0.352562 0.131532 0.035589 0.381982 0.334767 0.505405 0.337896 0.373874 0.370356 0.499099 0.369965
0 0.437387 0.400469 0.128829 0.037544 0.372973 0.385608 0.495495 0.381697 0.382883 0.419241 0.501802 0.413375
0 0.444144 0.451701 0.118919 0.044583 0.384685 0.432147 0.497297 0.429409 0.384685 0.473993 0.503604 0.466562
0 0.458108 0.507431 0.136036 0.048885 0.390090 0.488072 0.509910 0.482988 0.409009 0.531873 0.526126 0.522878
0 0.480631 0.564724 0.136036 0.054752 0.412613 0.545561 0.536937 0.537348 0.425225 0.592100 0.548649 0.580368
0 0.514865 0.623387 0.141441 0.052405 0.444144 0.611263 0.561261 0.597184 0.454054 0.649589 0.585586 0.644114
0 0.542793 0.689284 0.159459 0.049668 0.463063 0.673054 0.605405 0.664451 0.474775 0.714118 0.622523 0.710207
0 0.561712 0.756551 0.163063 0.047321 0.480180 0.734454 0.628829 0.732890 0.492793 0.780211 0.643243 0.779429
0 0.564414 0.825186 0.157658 0.050059 0.485586 0.800156 0.641441 0.800548 0.486486 0.850215 0.643243 0.846695
0 0.569820 0.878960 0.159459 0.030896 0.490090 0.863903 0.644144 0.863512 0.492793 0.894016 0.649550 0.894408