0 0.491000 0.045398 0.160000 0.039983 0.411000 0.039150 0.556000 0.025406 0.422000 0.065389 0.571000 0.052895
0 0.514000 0.080800 0.152000 0.034152 0.438000 0.077884 0.576000 0.063723 0.448000 0.097876 0.590000 0.085798
0 0.528000 0.117243 0.148000 0.045398 0.454000 0.110371 0.590000 0.094544 0.464000 0.139942 0.602000 0.122449
0 0.554000 0.156185 0.140000 0.044981 0.484000 0.154102 0.606000 0.133694 0.493000 0.178676 0.624000 0.155352
0 0.598000 0.190129 0.148000 0.050396 0.524000 0.189504 0.644000 0.164931 0.568000 0.215327 0.672000 0.189504
0 0.660000 0.226572 0.140000 0.052478 0.590000 0.228655 0.706000 0.200333 0.628000 0.252811 0.730000 0.236985
0 0.718000 0.263432 0.156000 0.043732 0.640000 0.264890 0.757000 0.241566 0.658000 0.285298 0.796000 0.259892
0 0.757500 0.299667 0.193000 0.048730 0.661000 0.299875 0.809000 0.275302 0.676000 0.324032 0.854000 0.309454
0 0.780000 0.345065 0.190000 0.039567 0.685000 0.334027 0.868000 0.325281 0.703000 0.364848 0.875000 0.363598
0 0.784500 0.396710 0.169000 0.045398 0.700000 0.374011 0.869000 0.379842 0.703000 0.402332 0.864000 0.419409
0 0.755000 0.445856 0.196000 0.067888 0.688000 0.411912 0.853000 0.438567 0.657000 0.443982 0.796000 0.479800
0 0.662500 0.489171 0.197000 0.071220 0.638000 0.453561 0.761000 0.494377 0.564000 0.478551 0.702000 0.524781
0 0.556000 0.526656 0.190000 0.079550 0.536000 0.486880 0.651000 0.539359 0.461000 0.511037 0.588000 0.566431
0 0.445500 0.567680 0.199000 0.077468 0.404000 0.528946 0.545000 0.574760 0.346000 0.568097 0.474000 0.606414
0 0.335000 0.618492 0.216000 0.068305 0.292000 0.584340 0.443000 0.620575 0.227000 0.625573 0.397000 0.652645
0 0.279000 0.675760 0.228000 0.057893 0.187000 0.646814 0.393000 0.665139 0.165000 0.695127 0.353000 0.704706
0 0.240000 0.744898 0.204000 0.052895 0.139000 0.718451 0.342000 0.727197 0.138000 0.770512 0.338000 0.771345