0 0.688619 0.034178 0.213555 0.031071 0.581841 0.018642 0.795396 0.026769 0.581841 0.034417 0.783887 0.049713
0 0.671355 0.069312 0.199488 0.049713 0.584399 0.044455 0.771100 0.064532 0.571611 0.073136 0.732737 0.094168
0 0.634271 0.105163 0.181586 0.043977 0.572890 0.083174 0.725064 0.100382 0.543478 0.100860 0.693095 0.127151
0 0.574808 0.143642 0.195652 0.049235 0.519182 0.119025 0.672634 0.140535 0.476982 0.144837 0.645780 0.168260
0 0.521100 0.187620 0.236573 0.051147 0.448849 0.162046 0.639386 0.177820 0.402813 0.195985 0.606138 0.213193
0 0.485294 0.234226 0.239130 0.050669 0.400256 0.208891 0.604859 0.218451 0.365729 0.253824 0.578005 0.259560
0 0.473146 0.288002 0.222506 0.051147 0.361893 0.262428 0.578005 0.264340 0.370844 0.313576 0.584399 0.310229
0 0.487212 0.352055 0.214834 0.056883 0.379795 0.335086 0.588235 0.323614 0.382353 0.380497 0.594629 0.368069
0 0.518542 0.412524 0.239130 0.067878 0.398977 0.395793 0.606138 0.378585 0.414322 0.446463 0.638107 0.429254
0 0.556266 0.475860 0.265985 0.076960 0.423274 0.461759 0.647059 0.437380 0.468031 0.514340 0.689258 0.486616
0 0.610614 0.536568 0.282609 0.080784 0.469309 0.522945 0.700767 0.496176 0.493606 0.576960 0.751918 0.545411
0 0.629795 0.604924 0.305627 0.051147 0.498721 0.581740 0.772379 0.579350 0.476982 0.626195 0.782609 0.630497
0 0.642583 0.672562 0.338875 0.061185 0.478261 0.641969 0.796675 0.642925 0.473146 0.696941 0.812020 0.703155
0 0.627238 0.738528 0.356777 0.065010 0.473146 0.706023 0.805627 0.717017 0.448849 0.754302 0.795396 0.771033
0 0.597187 0.799713 0.347826 0.087954 0.464194 0.755736 0.771100 0.794455 0.423274 0.801147 0.700767 0.843690
0 0.519182 0.852055 0.347826 0.089388 0.414322 0.807361 0.693095 0.850382 0.345269 0.856597 0.635550 0.896749
0 0.436701 0.924235 0.356777 0.090344 0.313299 0.879063 0.615090 0.905354 0.258312 0.936902 0.561381 0.969407