0 0.511538 0.032509 0.287692 0.021978 0.367692 0.026557 0.650769 0.021520 0.372308 0.043498 0.655385 0.040751
0 0.518462 0.062500 0.273846 0.027015 0.381538 0.052198 0.655385 0.048993 0.415385 0.076007 0.644615 0.074634
0 0.526154 0.101190 0.230769 0.034799 0.410769 0.083791 0.641538 0.083791 0.420000 0.112637 0.626154 0.118590
0 0.509231 0.142857 0.221538 0.043040 0.410769 0.121337 0.620000 0.123168 0.398462 0.154304 0.595385 0.164377
0 0.483846 0.189103 0.232308 0.054945 0.396923 0.161630 0.600000 0.169414 0.367692 0.201465 0.569231 0.216575
0 0.448462 0.237637 0.244615 0.053114 0.366154 0.211081 0.570769 0.222070 0.326154 0.244505 0.530769 0.264194
0 0.399231 0.292353 0.272308 0.059066 0.318462 0.262821 0.535385 0.275641 0.263077 0.307234 0.524615 0.321886
0 0.381538 0.344093 0.267692 0.041667 0.256923 0.323260 0.515385 0.329212 0.247692 0.363095 0.515385 0.364927
0 0.382308 0.397894 0.278462 0.049451 0.243077 0.379579 0.510769 0.373168 0.252308 0.422619 0.521538 0.409341
0 0.419231 0.450092 0.306154 0.066850 0.266154 0.438187 0.526154 0.416667 0.301538 0.483516 0.572308 0.461996
0 0.479231 0.506410 0.324615 0.072344 0.316923 0.500458 0.580000 0.470238 0.361538 0.542582 0.641538 0.518773
0 0.566154 0.565934 0.360000 0.073260 0.386154 0.559066 0.689231 0.529304 0.443077 0.602564 0.746154 0.572344
0 0.632308 0.620879 0.283077 0.077839 0.490769 0.608516 0.753846 0.581960 0.521538 0.659799 0.773846 0.639652
0 0.666923 0.684524 0.293846 0.058608 0.520000 0.656136 0.803077 0.655220 0.521538 0.706960 0.813846 0.713828
0 0.660769 0.740156 0.309231 0.051740 0.515385 0.714286 0.815385 0.721612 0.506154 0.754579 0.773846 0.766026
0 0.615385 0.807921 0.356923 0.066392 0.475385 0.774725 0.793846 0.789835 0.436923 0.823718 0.778462 0.841117
0 0.549231 0.879350 0.433846 0.069139 0.396923 0.844780 0.760000 0.862637 0.332308 0.898810 0.766154 0.913919