0 0.260359 0.052339 0.211326 0.042316 0.154696 0.044098 0.363260 0.031180 0.197514 0.073497 0.366022 0.063252
0 0.309392 0.092205 0.187845 0.033853 0.215470 0.085969 0.393646 0.075278 0.233425 0.109131 0.403315 0.095768
0 0.342541 0.130512 0.190608 0.039198 0.250000 0.118931 0.418508 0.110913 0.247238 0.150111 0.437845 0.142094
0 0.369475 0.171492 0.203039 0.035635 0.267956 0.165256 0.443370 0.153675 0.267956 0.189310 0.470994 0.179955
0 0.383978 0.215145 0.204420 0.042762 0.281768 0.201336 0.468232 0.193764 0.298343 0.236526 0.486188 0.229844
0 0.401243 0.262361 0.200276 0.036526 0.301105 0.250780 0.486188 0.244098 0.301105 0.280624 0.501381 0.271270
0 0.426796 0.310913 0.207182 0.037416 0.323204 0.299332 0.509669 0.292205 0.323204 0.329621 0.530387 0.321158
0 0.442680 0.354566 0.222376 0.043653 0.339779 0.343430 0.545580 0.332739 0.331492 0.376392 0.553867 0.370601
0 0.474448 0.406013 0.238950 0.039644 0.354972 0.389310 0.585635 0.386192 0.367403 0.424053 0.593923 0.425835
0 0.465470 0.461247 0.245856 0.044989 0.357735 0.438753 0.588398 0.445880 0.342541 0.477506 0.570442 0.483742
0 0.442680 0.518931 0.241713 0.052561 0.338398 0.492650 0.563536 0.502895 0.321823 0.534521 0.516575 0.545212
0 0.411602 0.574610 0.220994 0.048107 0.316298 0.550557 0.522099 0.559911 0.301105 0.598218 0.517956 0.598664
0 0.419199 0.643653 0.211326 0.048107 0.313536 0.619599 0.522099 0.623608 0.324586 0.667706 0.524862 0.661470
0 0.447514 0.706013 0.220994 0.056125 0.337017 0.690869 0.529006 0.677951 0.348066 0.734076 0.558011 0.722494
0 0.506215 0.767706 0.247238 0.052116 0.389503 0.755457 0.573204 0.741648 0.382597 0.793764 0.629834 0.785746
0 0.519337 0.834744 0.245856 0.046325 0.408840 0.815590 0.628453 0.811581 0.396409 0.857906 0.642265 0.856570
0 0.526934 0.895100 0.261050 0.039644 0.396409 0.876169 0.632597 0.875278 0.414365 0.914922 0.657459 0.906904