0 0.462332 0.049600 0.146543 0.025600 0.393189 0.037200 0.532508 0.036800 0.389061 0.062400 0.535604 0.062400
0 0.454076 0.090400 0.127967 0.031200 0.398349 0.075200 0.514964 0.074800 0.390093 0.104000 0.518060 0.106000
0 0.442724 0.135800 0.117647 0.036400 0.394221 0.117600 0.501548 0.118400 0.383901 0.147200 0.499484 0.154000
0 0.421569 0.187400 0.133127 0.045200 0.388029 0.164800 0.488132 0.170000 0.355005 0.200800 0.475748 0.210000
0 0.416409 0.238200 0.124871 0.037200 0.362229 0.219600 0.468524 0.220400 0.353973 0.252400 0.478844 0.256800
0 0.399897 0.284400 0.137255 0.036000 0.350877 0.266400 0.460268 0.271600 0.331269 0.298800 0.468524 0.302400
0 0.397833 0.332200 0.147575 0.041200 0.339525 0.314800 0.460268 0.311600 0.324045 0.352800 0.471620 0.349200
0 0.415377 0.388400 0.159959 0.044800 0.347781 0.369600 0.468524 0.366000 0.335397 0.410800 0.495356 0.400400
0 0.435501 0.442200 0.173375 0.048400 0.348813 0.423600 0.493292 0.418000 0.360165 0.466400 0.522188 0.452400
0 0.475232 0.489400 0.192982 0.048400 0.378741 0.480000 0.525284 0.465200 0.401445 0.513600 0.571723 0.497600
0 0.531476 0.542600 0.187822 0.051600 0.437564 0.533200 0.587203 0.516800 0.456140 0.568400 0.625387 0.550800
0 0.542828 0.596600 0.185759 0.037200 0.453044 0.579200 0.635707 0.578000 0.449948 0.612800 0.633643 0.615200
0 0.553664 0.663800 0.155831 0.038000 0.481940 0.644800 0.630547 0.646000 0.475748 0.680000 0.631579 0.682800
0 0.547472 0.719800 0.176471 0.048400 0.479876 0.695600 0.635707 0.701200 0.459236 0.732000 0.626419 0.744000
0 0.532508 0.783400 0.175439 0.054800 0.464396 0.756000 0.620227 0.766400 0.444788 0.795600 0.593395 0.810800
0 0.488648 0.855000 0.228070 0.066800 0.420021 0.821600 0.602683 0.836400 0.374613 0.871600 0.574819 0.888400
0 0.462332 0.920000 0.200206 0.036000 0.369453 0.902000 0.562436 0.910000 0.362229 0.938000 0.557276 0.936000