0 0.436854 0.038693 0.221584 0.032478 0.326062 0.029671 0.547646 0.022454 0.338691 0.054932 0.547646 0.048917
0 0.448335 0.076183 0.207807 0.037690 0.344432 0.068565 0.545350 0.057338 0.369690 0.095028 0.552239 0.078990
0 0.483352 0.109062 0.199770 0.037690 0.383467 0.106656 0.559127 0.090217 0.408726 0.127907 0.583238 0.114675
0 0.510907 0.143945 0.199770 0.042502 0.411022 0.134723 0.590126 0.122694 0.431688 0.165196 0.610792 0.151163
0 0.537888 0.178629 0.203215 0.039695 0.436280 0.169206 0.613088 0.158781 0.453502 0.198476 0.639495 0.190858
0 0.581515 0.222735 0.233065 0.048516 0.464983 0.210104 0.649828 0.198476 0.479908 0.246993 0.698048 0.232959
0 0.612514 0.263833 0.249139 0.050521 0.487945 0.255814 0.707233 0.238573 0.517796 0.289094 0.737084 0.271852
0 0.657290 0.303127 0.258324 0.048115 0.528129 0.292702 0.745121 0.279070 0.552239 0.327185 0.786452 0.317161
0 0.679105 0.354852 0.262916 0.056135 0.549943 0.335204 0.791045 0.326784 0.547646 0.378909 0.810563 0.382919
0 0.664753 0.417201 0.291619 0.060545 0.541906 0.386929 0.810563 0.389735 0.518944 0.435846 0.805970 0.447474
0 0.630884 0.478348 0.347876 0.073777 0.514351 0.441460 0.804822 0.457498 0.456946 0.487971 0.763490 0.515237
0 0.589552 0.528869 0.329506 0.072173 0.464983 0.492783 0.754305 0.518444 0.424799 0.534884 0.715270 0.564956
0 0.544202 0.586407 0.307692 0.056536 0.413318 0.558140 0.698048 0.567763 0.390356 0.605052 0.677382 0.614675
0 0.529851 0.648757 0.278990 0.056135 0.394948 0.620690 0.669346 0.624699 0.390356 0.665196 0.645235 0.676824
0 0.489667 0.698476 0.301952 0.056135 0.382319 0.670409 0.640643 0.673617 0.338691 0.714515 0.625718 0.726544
0 0.486797 0.767241 0.319173 0.067763 0.332951 0.740176 0.628014 0.733360 0.327210 0.801123 0.646383 0.794707
0 0.509759 0.848637 0.353617 0.070168 0.334099 0.820770 0.660161 0.813552 0.332951 0.883721 0.686567 0.878508