0 0.552767 0.044927 0.235521 0.034824 0.444015 0.027515 0.664093 0.030525 0.435006 0.062339 0.670528 0.058469
0 0.554054 0.086414 0.214929 0.041273 0.446589 0.072657 0.661519 0.065778 0.463320 0.107051 0.649936 0.102322
0 0.575290 0.140585 0.195624 0.055890 0.477477 0.119948 0.653797 0.112640 0.516088 0.168530 0.673102 0.153912
0 0.635135 0.191531 0.204633 0.052880 0.532819 0.180997 0.687259 0.165090 0.568855 0.217971 0.737452 0.197764
0 0.689833 0.237747 0.223938 0.052451 0.577864 0.226569 0.756757 0.211522 0.611326 0.263972 0.801802 0.250645
0 0.718790 0.281169 0.204633 0.042132 0.616474 0.275150 0.795367 0.260103 0.628057 0.299226 0.821107 0.302236
0 0.707851 0.335340 0.231660 0.047291 0.613900 0.311694 0.823681 0.319003 0.592021 0.346948 0.785071 0.358985
0 0.650579 0.383061 0.274131 0.064488 0.568855 0.350817 0.787645 0.377042 0.513514 0.382631 0.711712 0.415305
0 0.572716 0.429493 0.262548 0.075666 0.494208 0.391659 0.703990 0.423474 0.441441 0.425193 0.653797 0.467326
0 0.485843 0.474850 0.284427 0.083835 0.424710 0.432932 0.628057 0.475064 0.343629 0.468186 0.563707 0.516767
0 0.397683 0.523431 0.293436 0.089854 0.326898 0.478504 0.544402 0.528805 0.250965 0.523216 0.482625 0.568358
0 0.328829 0.576311 0.307593 0.092433 0.234234 0.530095 0.482625 0.567498 0.175032 0.579536 0.435006 0.622528
0 0.284427 0.631341 0.301158 0.070077 0.153153 0.596303 0.435006 0.618659 0.133848 0.649613 0.427284 0.666380
0 0.274775 0.698409 0.299871 0.058899 0.124839 0.668960 0.424710 0.674549 0.127413 0.727859 0.420849 0.716681
0 0.302445 0.768272 0.316602 0.086844 0.144144 0.751075 0.424710 0.724850 0.211068 0.811694 0.460746 0.778160
0 0.391892 0.836629 0.353925 0.085125 0.214929 0.825022 0.494208 0.794067 0.275418 0.879192 0.568855 0.851247
0 0.476834 0.908856 0.379665 0.087704 0.287001 0.897678 0.592021 0.865004 0.332046 0.952708 0.666667 0.920034