0 0.513436 0.045263 0.145873 0.026526 0.440499 0.033684 0.586372 0.032000 0.449136 0.058526 0.580614 0.055158
0 0.513436 0.073053 0.126679 0.019789 0.450096 0.065684 0.576775 0.063158 0.454894 0.082947 0.574856 0.080842
0 0.511516 0.109263 0.122841 0.027368 0.450096 0.095579 0.572937 0.099368 0.460653 0.122947 0.555662 0.122105
0 0.519194 0.158105 0.105566 0.038316 0.466411 0.138947 0.556622 0.139368 0.467370 0.177263 0.571977 0.176000
0 0.517274 0.209053 0.111324 0.039158 0.470250 0.189474 0.565259 0.190316 0.461612 0.228632 0.572937 0.226526
0 0.532150 0.260211 0.123800 0.047158 0.470250 0.237474 0.585413 0.236632 0.472169 0.283789 0.594050 0.282526
0 0.541267 0.315789 0.120921 0.048842 0.488484 0.295579 0.582534 0.291368 0.480806 0.340211 0.601727 0.330947
0 0.559501 0.366105 0.142035 0.046737 0.494242 0.349895 0.594050 0.342737 0.488484 0.389474 0.630518 0.384421
0 0.583493 0.420000 0.130518 0.044211 0.520154 0.403368 0.629559 0.397895 0.518234 0.442105 0.648752 0.433263
0 0.607486 0.468000 0.168906 0.045053 0.523033 0.455579 0.664108 0.445474 0.542226 0.490526 0.691939 0.482105
0 0.625720 0.519368 0.165067 0.045053 0.543186 0.502737 0.699616 0.496842 0.545106 0.541895 0.708253 0.540211
0 0.629559 0.577895 0.157390 0.043368 0.550864 0.556211 0.708253 0.560421 0.555662 0.591579 0.702495 0.599579
0 0.625240 0.637263 0.162188 0.056000 0.554703 0.609263 0.706334 0.621895 0.544146 0.655158 0.672745 0.665263
0 0.608925 0.693474 0.156430 0.044632 0.544146 0.671158 0.687140 0.682526 0.530710 0.706105 0.649712 0.715789
0 0.568138 0.764211 0.191939 0.066526 0.488484 0.730947 0.664108 0.744842 0.472169 0.786947 0.642035 0.797474
0 0.539827 0.841684 0.210173 0.059789 0.451056 0.811789 0.644914 0.818947 0.434741 0.863579 0.628599 0.871579
0 0.534549 0.903158 0.207294 0.040421 0.436660 0.882947 0.629559 0.885474 0.430902 0.922947 0.638196 0.923368