0 0.464390 0.041221 0.286337 0.025191 0.321221 0.035115 0.607558 0.028626 0.341570 0.053817 0.603198 0.048855
0 0.468750 0.075954 0.245640 0.027481 0.345930 0.064885 0.591570 0.062214 0.353198 0.085878 0.556686 0.089695
0 0.454942 0.120992 0.212209 0.040458 0.348837 0.100763 0.556686 0.101908 0.353198 0.135496 0.561047 0.141221
0 0.447674 0.171565 0.174419 0.036260 0.367733 0.153435 0.534884 0.156870 0.360465 0.183206 0.530523 0.189695
0 0.446221 0.215649 0.183140 0.038931 0.366279 0.196183 0.521802 0.204962 0.354651 0.229389 0.537791 0.235114
0 0.454215 0.262595 0.231105 0.022901 0.341570 0.251145 0.561047 0.251908 0.338663 0.271374 0.569767 0.274046
0 0.449855 0.304389 0.242733 0.022519 0.328488 0.293130 0.571221 0.293893 0.335756 0.315649 0.552326 0.314122
0 0.441860 0.347328 0.206395 0.032824 0.338663 0.332824 0.545058 0.330916 0.338663 0.363359 0.529070 0.363740
0 0.426599 0.391221 0.213663 0.026718 0.329942 0.377863 0.533430 0.380534 0.319767 0.403053 0.529070 0.404580
0 0.436047 0.439695 0.212209 0.028244 0.329942 0.427099 0.529070 0.425573 0.338663 0.453817 0.542151 0.445802
0 0.456395 0.470611 0.229651 0.027481 0.345930 0.464886 0.549419 0.456870 0.341570 0.484351 0.571221 0.476336
0 0.453488 0.522710 0.296512 0.048473 0.319767 0.501908 0.572674 0.498473 0.305233 0.546947 0.601744 0.542366
0 0.462936 0.578817 0.315407 0.033969 0.305233 0.565267 0.614826 0.561832 0.313953 0.595802 0.620640 0.591985
0 0.476744 0.620992 0.313953 0.028244 0.329942 0.609542 0.620640 0.606870 0.319767 0.633588 0.633721 0.635114
0 0.469477 0.675382 0.290698 0.041603 0.324128 0.659542 0.611919 0.654580 0.335756 0.696183 0.614826 0.688931
0 0.481105 0.724046 0.299419 0.031298 0.331395 0.714504 0.629360 0.708397 0.351744 0.739695 0.630814 0.731679
0 0.518895 0.784351 0.305233 0.035115 0.366279 0.775954 0.642442 0.766794 0.369186 0.801908 0.671512 0.795038