0 0.426000 0.049502 0.201333 0.033333 0.325333 0.035821 0.526667 0.032836 0.338667 0.066169 0.520000 0.059204
0 0.442667 0.097015 0.176000 0.036816 0.354667 0.089055 0.526667 0.078607 0.382667 0.115423 0.530667 0.104478
0 0.470000 0.140050 0.148000 0.034328 0.396000 0.129353 0.544000 0.122886 0.398667 0.157214 0.542667 0.155224
0 0.476000 0.191045 0.144000 0.037811 0.404000 0.178607 0.548000 0.172139 0.413333 0.209950 0.537333 0.207960
0 0.480667 0.241791 0.158667 0.038806 0.405333 0.226866 0.550667 0.222388 0.401333 0.261194 0.560000 0.256219
0 0.488667 0.290547 0.180000 0.033831 0.400000 0.279602 0.540000 0.273632 0.398667 0.307463 0.578667 0.303980
0 0.498667 0.342537 0.170667 0.038308 0.413333 0.327363 0.572000 0.323383 0.424000 0.361692 0.584000 0.353731
0 0.516667 0.393035 0.180000 0.040796 0.426667 0.374627 0.588000 0.372637 0.426667 0.413433 0.606667 0.409453
0 0.519333 0.451990 0.185333 0.038308 0.428000 0.432836 0.606667 0.433831 0.426667 0.471144 0.612000 0.466667
0 0.522667 0.506219 0.192000 0.033333 0.426667 0.489552 0.616000 0.490547 0.429333 0.520398 0.618667 0.522886
0 0.524667 0.563184 0.201333 0.034826 0.428000 0.545771 0.616000 0.545771 0.424000 0.578607 0.625333 0.580597
0 0.522000 0.622388 0.204000 0.037811 0.421333 0.603483 0.624000 0.606468 0.420000 0.639801 0.624000 0.641294
0 0.514667 0.679851 0.216000 0.034328 0.406667 0.662687 0.622667 0.662687 0.428000 0.697015 0.618667 0.694527
0 0.514667 0.737065 0.221333 0.039303 0.414667 0.717413 0.621333 0.717413 0.404000 0.756716 0.625333 0.753731
0 0.513333 0.799502 0.253333 0.043781 0.393333 0.777612 0.636000 0.778607 0.386667 0.820895 0.640000 0.821393
0 0.520667 0.866915 0.270667 0.047264 0.385333 0.844776 0.640000 0.843284 0.401333 0.890547 0.656000 0.881592
0 0.532667 0.931841 0.270667 0.061692 0.397333 0.911940 0.661333 0.900995 0.417333 0.962687 0.668000 0.957711