0 0.439854 0.045970 0.179830 0.040097 0.349939 0.041717 0.529769 0.025921 0.375456 0.066019 0.529769 0.054273
0 0.472661 0.083840 0.177400 0.038072 0.383961 0.074524 0.533414 0.064804 0.415553 0.102876 0.561361 0.092345
0 0.509113 0.123937 0.167679 0.034022 0.425273 0.115431 0.571081 0.106926 0.447145 0.140948 0.592953 0.136493
0 0.526731 0.166667 0.132442 0.032807 0.460510 0.150263 0.592953 0.151478 0.462940 0.178615 0.590522 0.183070
0 0.490279 0.212434 0.149453 0.033617 0.447145 0.195626 0.565006 0.198866 0.415553 0.219927 0.558931 0.229243
0 0.464763 0.257392 0.142163 0.043337 0.403402 0.235723 0.535844 0.243013 0.393682 0.270555 0.535844 0.279060
0 0.436817 0.305387 0.142163 0.038072 0.383961 0.286351 0.501823 0.288376 0.365735 0.317943 0.507898 0.324423
0 0.434994 0.352167 0.170109 0.039287 0.356015 0.332523 0.492102 0.334953 0.349939 0.367355 0.520049 0.371810
0 0.434994 0.402795 0.177400 0.036857 0.352369 0.384366 0.498177 0.384366 0.346294 0.417983 0.523694 0.421223
0 0.439247 0.449980 0.176185 0.038072 0.359660 0.435399 0.527339 0.430944 0.351154 0.469016 0.527339 0.465776
0 0.453827 0.505468 0.205346 0.042932 0.353584 0.486027 0.540705 0.484002 0.351154 0.526934 0.556501 0.524099
0 0.467801 0.566626 0.196841 0.041312 0.373026 0.545970 0.558931 0.545970 0.369380 0.587282 0.566221 0.587282
0 0.437424 0.639328 0.199271 0.049818 0.369380 0.614419 0.537060 0.620899 0.337789 0.663021 0.527339 0.664237
0 0.428311 0.710409 0.212637 0.031592 0.325638 0.694613 0.515188 0.694613 0.321993 0.726205 0.534629 0.724180
0 0.413730 0.769745 0.234508 0.050628 0.321993 0.747266 0.527339 0.744431 0.296476 0.795059 0.530984 0.788578
0 0.426488 0.841839 0.221142 0.057918 0.315917 0.820170 0.524909 0.812880 0.315917 0.870798 0.537060 0.864318
0 0.462940 0.912110 0.269745 0.048603 0.328068 0.897124 0.546780 0.887809 0.343864 0.936411 0.597813 0.922641