0 0.476269 0.059112 0.135762 0.032525 0.408389 0.053175 0.540839 0.042850 0.417219 0.075374 0.544150 0.067630
0 0.482892 0.098606 0.135762 0.030976 0.415011 0.088797 0.548565 0.083118 0.422737 0.114094 0.550773 0.107383
0 0.504415 0.139133 0.139073 0.034590 0.434879 0.127517 0.558499 0.121838 0.439294 0.156427 0.573951 0.154879
0 0.511038 0.187919 0.141280 0.035106 0.440397 0.172432 0.581678 0.170367 0.444812 0.200826 0.578366 0.205472
0 0.507726 0.235674 0.141280 0.033557 0.437086 0.218895 0.578366 0.220960 0.439294 0.243676 0.578366 0.252452
0 0.506071 0.278524 0.133554 0.037687 0.439294 0.259680 0.572848 0.265875 0.439294 0.289107 0.567329 0.297367
0 0.491722 0.325761 0.133554 0.033041 0.437086 0.309241 0.558499 0.312339 0.424945 0.337636 0.552980 0.342282
0 0.483996 0.374032 0.133554 0.036655 0.421634 0.355705 0.550773 0.359319 0.417219 0.392359 0.546358 0.388745
0 0.497241 0.425142 0.140177 0.042850 0.427152 0.409396 0.560706 0.403717 0.432671 0.446567 0.567329 0.436242
0 0.507174 0.477801 0.157837 0.042850 0.428256 0.463087 0.576159 0.456376 0.444812 0.499226 0.586093 0.492514
0 0.524283 0.534331 0.158940 0.041301 0.444812 0.518844 0.593819 0.513681 0.453642 0.554982 0.603753 0.554982
0 0.531457 0.599380 0.164459 0.040268 0.449227 0.579246 0.613687 0.579763 0.449227 0.613836 0.604856 0.619515
0 0.514901 0.663397 0.188742 0.055756 0.441501 0.635519 0.609272 0.646360 0.420530 0.684564 0.586093 0.691275
0 0.502208 0.732318 0.194260 0.042850 0.410596 0.710893 0.599338 0.716056 0.405077 0.745999 0.572848 0.753743
0 0.484547 0.798658 0.185430 0.040268 0.394040 0.779556 0.577263 0.778524 0.391832 0.816211 0.572848 0.818792
0 0.474614 0.859577 0.187638 0.038203 0.380795 0.840475 0.564018 0.844089 0.380795 0.875581 0.568433 0.878678
0 0.474614 0.923077 0.200883 0.048529 0.374172 0.898813 0.575055 0.902943 0.376380 0.938565 0.560706 0.947341