0 0.586889 0.038891 0.191467 0.032271 0.491155 0.022755 0.682622 0.029375 0.493236 0.047166 0.655567 0.055027
0 0.565557 0.074886 0.165453 0.035581 0.494277 0.057096 0.648283 0.062888 0.482830 0.081920 0.638918 0.092677
0 0.555151 0.118742 0.167534 0.052131 0.488033 0.092677 0.638918 0.105916 0.471384 0.129913 0.607700 0.144808
0 0.511446 0.166529 0.171696 0.055027 0.470343 0.139015 0.597295 0.153910 0.425598 0.172114 0.571280 0.194042
0 0.471904 0.213695 0.180021 0.061647 0.423517 0.182871 0.561915 0.204799 0.381894 0.218453 0.534860 0.244518
0 0.411550 0.255068 0.234131 0.062474 0.362123 0.223831 0.528616 0.252793 0.294485 0.264791 0.447451 0.286305
0 0.352758 0.304303 0.195630 0.052544 0.277836 0.278031 0.450572 0.294580 0.254943 0.321059 0.423517 0.330575
0 0.339750 0.355606 0.182102 0.037650 0.248699 0.336781 0.422477 0.338436 0.250780 0.374431 0.430801 0.371535
0 0.357960 0.414150 0.212279 0.054613 0.251821 0.395945 0.439126 0.386843 0.288241 0.441456 0.464100 0.413736
0 0.431842 0.457799 0.224766 0.077369 0.319459 0.455110 0.476587 0.419115 0.390219 0.496483 0.544225 0.446835
0 0.539022 0.495035 0.239334 0.084816 0.419355 0.503931 0.581686 0.452627 0.483871 0.537443 0.658689 0.485312
0 0.645682 0.541167 0.261186 0.078610 0.515088 0.541580 0.693028 0.501862 0.567118 0.580472 0.776275 0.546959
0 0.715921 0.595987 0.268470 0.068266 0.581686 0.587091 0.797086 0.561854 0.624350 0.630120 0.850156 0.613157
0 0.741415 0.672942 0.238293 0.061647 0.624350 0.643360 0.860562 0.642118 0.622268 0.684733 0.843913 0.703765
0 0.678980 0.741829 0.277836 0.091849 0.597295 0.695904 0.817898 0.729417 0.540062 0.742656 0.760666 0.787753
0 0.567638 0.808440 0.315297 0.101779 0.494277 0.757551 0.725286 0.806785 0.409990 0.806372 0.643080 0.859330
0 0.451093 0.877120 0.373569 0.105089 0.354839 0.824576 0.637877 0.862640 0.264308 0.899048 0.561915 0.929665