0 0.659700 0.053920 0.185423 0.038158 0.568060 0.034840 0.752412 0.040232 0.566988 0.063874 0.745981 0.072999
0 0.654341 0.098507 0.174705 0.043550 0.566988 0.076732 0.741693 0.087101 0.568060 0.107839 0.726688 0.120282
0 0.634512 0.147242 0.175777 0.053920 0.564845 0.120282 0.722401 0.140191 0.546624 0.149730 0.687031 0.174202
0 0.587889 0.192244 0.187567 0.060141 0.534834 0.162173 0.681672 0.184985 0.494105 0.192036 0.653805 0.222314
0 0.535370 0.238490 0.202572 0.055579 0.474812 0.210701 0.636656 0.237246 0.434084 0.232269 0.612004 0.266280
0 0.491961 0.274367 0.240086 0.057652 0.433012 0.245541 0.612004 0.277893 0.371919 0.273331 0.574491 0.303194
0 0.433548 0.317088 0.245445 0.050187 0.371919 0.291995 0.556270 0.315637 0.310825 0.324762 0.543408 0.342182
0 0.409968 0.360639 0.251876 0.041891 0.288317 0.339693 0.535906 0.349647 0.284030 0.381584 0.509110 0.379511
0 0.394962 0.413936 0.226152 0.046454 0.281886 0.398590 0.494105 0.390709 0.308682 0.437163 0.508039 0.417254
0 0.444266 0.464123 0.206860 0.059726 0.340836 0.458316 0.498392 0.434260 0.383708 0.493986 0.547696 0.457901
0 0.521972 0.513895 0.214362 0.072169 0.414791 0.515139 0.551983 0.477810 0.464094 0.549979 0.629153 0.503111
0 0.628617 0.558689 0.254019 0.068851 0.501608 0.563667 0.673098 0.524264 0.578778 0.593115 0.755627 0.565326
0 0.704180 0.619867 0.276527 0.063459 0.565916 0.611779 0.792069 0.588138 0.589496 0.651597 0.842444 0.632932
0 0.729368 0.692451 0.249732 0.051846 0.604502 0.673579 0.854234 0.666528 0.632369 0.715886 0.804930 0.718374
0 0.696141 0.767109 0.239014 0.064289 0.600214 0.734965 0.815648 0.754459 0.576635 0.778100 0.738478 0.799253
0 0.624330 0.826421 0.273312 0.077561 0.533762 0.787640 0.760986 0.824139 0.487674 0.840315 0.646302 0.865201
0 0.511254 0.892576 0.250804 0.071340 0.445874 0.856906 0.636656 0.876815 0.385852 0.900871 0.616292 0.928246