0 0.549311 0.077600 0.152704 0.033170 0.472959 0.064292 0.625663 0.061016 0.483563 0.094185 0.619300 0.092138
0 0.555673 0.117527 0.144221 0.036036 0.485684 0.099918 0.623542 0.099509 0.483563 0.126126 0.627784 0.135545
0 0.551962 0.160115 0.136797 0.031122 0.492047 0.144554 0.620361 0.147420 0.483563 0.168714 0.605514 0.175676
0 0.534464 0.198812 0.133616 0.042998 0.483563 0.177314 0.601273 0.186732 0.467656 0.205979 0.574761 0.220311
0 0.492577 0.240377 0.147402 0.045045 0.449629 0.217854 0.566278 0.230958 0.418876 0.246519 0.532344 0.262899
0 0.445387 0.281736 0.135737 0.041769 0.410392 0.260852 0.513256 0.271089 0.377519 0.291974 0.497349 0.302621
0 0.419406 0.324734 0.147402 0.040131 0.378579 0.304668 0.493107 0.317363 0.345705 0.339066 0.485684 0.344799
0 0.414104 0.372645 0.136797 0.040950 0.345705 0.352170 0.482503 0.353399 0.349947 0.393120 0.480382 0.389025
0 0.424178 0.421990 0.133616 0.038903 0.357370 0.409500 0.481442 0.402539 0.371156 0.441441 0.490986 0.430794
0 0.451219 0.466830 0.141039 0.045864 0.380700 0.456593 0.495228 0.443898 0.402969 0.489762 0.521739 0.471744
0 0.484093 0.515766 0.151644 0.052826 0.408271 0.505324 0.532344 0.489353 0.441145 0.542179 0.559915 0.526208
0 0.543478 0.569410 0.179215 0.049550 0.453871 0.557330 0.594910 0.544636 0.487805 0.594185 0.633086 0.583948
0 0.579003 0.627355 0.169671 0.048321 0.494168 0.609337 0.650053 0.603194 0.497349 0.651515 0.663839 0.650287
0 0.575822 0.696151 0.190880 0.056511 0.494168 0.667895 0.671262 0.677723 0.480382 0.712121 0.656416 0.724406
0 0.539767 0.769042 0.197243 0.064701 0.457052 0.736691 0.638388 0.753481 0.441145 0.783784 0.598091 0.801392
0 0.478791 0.838452 0.227996 0.064292 0.402969 0.806306 0.592789 0.820639 0.364793 0.853399 0.544008 0.870598
0 0.442736 0.904996 0.217391 0.045864 0.349947 0.882064 0.550371 0.892711 0.334040 0.927518 0.551432 0.927928