0 0.432131 0.062911 0.153765 0.038498 0.355249 0.057746 0.509014 0.043662 0.372216 0.082160 0.502651 0.072300
0 0.448038 0.099765 0.121951 0.032394 0.387063 0.089671 0.509014 0.083568 0.398727 0.115962 0.506893 0.108920
0 0.455461 0.140141 0.102863 0.032394 0.406151 0.124883 0.506893 0.123944 0.404030 0.154930 0.495228 0.156338
0 0.440085 0.184272 0.114528 0.039906 0.398727 0.164319 0.497349 0.166667 0.382821 0.191080 0.485684 0.204225
0 0.417285 0.230047 0.128314 0.047887 0.374337 0.206103 0.481442 0.219249 0.353128 0.238028 0.460233 0.253991
0 0.390774 0.269718 0.136797 0.038028 0.344645 0.250704 0.459173 0.263850 0.322375 0.272300 0.440085 0.288732
0 0.354719 0.312441 0.162248 0.038028 0.313892 0.293427 0.435843 0.306103 0.273595 0.319718 0.413574 0.331455
0 0.336161 0.347887 0.142100 0.042254 0.271474 0.326761 0.407211 0.339437 0.265111 0.360563 0.380700 0.369014
0 0.320785 0.400939 0.145281 0.034742 0.251326 0.383568 0.393425 0.383568 0.248144 0.416432 0.383881 0.418310
0 0.321845 0.451408 0.153765 0.041784 0.261930 0.439437 0.384942 0.430516 0.244963 0.472300 0.398727 0.464319
0 0.337752 0.502817 0.170732 0.053521 0.252386 0.489202 0.393425 0.476056 0.261930 0.529577 0.423118 0.510329
0 0.371156 0.561268 0.165429 0.053052 0.288441 0.549296 0.430541 0.534742 0.318134 0.587793 0.453871 0.569953
0 0.416755 0.615258 0.150583 0.057746 0.341463 0.612676 0.486744 0.586385 0.379639 0.644131 0.492047 0.623005
0 0.477731 0.676056 0.164369 0.060094 0.395546 0.661502 0.518558 0.646009 0.441145 0.706103 0.559915 0.689202
0 0.540827 0.742019 0.163309 0.055869 0.459173 0.730047 0.590668 0.714085 0.485684 0.769953 0.622481 0.753052
0 0.566808 0.799061 0.166490 0.029108 0.487805 0.789202 0.650053 0.784507 0.483563 0.813615 0.650053 0.810329
0 0.573701 0.857512 0.180276 0.041784 0.485684 0.836620 0.657476 0.837089 0.483563 0.876995 0.663839 0.878404