0 0.483649 0.108279 0.130809 0.032580 0.418244 0.091989 0.549053 0.093522 0.418244 0.119586 0.541308 0.124569
0 0.472461 0.153890 0.130809 0.037946 0.414802 0.134918 0.537866 0.138367 0.407057 0.161748 0.529260 0.172863
0 0.456540 0.197394 0.129948 0.039862 0.405336 0.177463 0.521515 0.183212 0.391566 0.206976 0.512909 0.217325
0 0.430293 0.247413 0.142857 0.055577 0.382960 0.219624 0.501721 0.234189 0.358864 0.256803 0.476764 0.275201
0 0.385972 0.295324 0.147160 0.052511 0.345955 0.269069 0.459552 0.285550 0.312392 0.303565 0.422547 0.321579
0 0.339931 0.338827 0.137694 0.042928 0.296902 0.317363 0.408778 0.332311 0.271084 0.349176 0.390706 0.360291
0 0.318847 0.376773 0.152324 0.034496 0.260757 0.359525 0.395009 0.372173 0.242685 0.394021 0.385542 0.392104
0 0.316695 0.429858 0.148021 0.043312 0.242685 0.412035 0.383821 0.408202 0.242685 0.451514 0.390706 0.435416
0 0.336919 0.474895 0.160929 0.049061 0.256454 0.467229 0.401893 0.450364 0.283133 0.499425 0.417384 0.471062
0 0.366179 0.511115 0.183305 0.062476 0.274527 0.509007 0.427711 0.479877 0.321859 0.542353 0.457831 0.511307
0 0.425129 0.550977 0.182444 0.052511 0.333907 0.553852 0.479346 0.524722 0.375215 0.577233 0.516351 0.541203
0 0.477194 0.589690 0.179862 0.033346 0.387263 0.602146 0.547332 0.573016 0.395869 0.606363 0.567126 0.585282
0 0.503442 0.642775 0.199656 0.036029 0.403614 0.645841 0.591222 0.624760 0.443201 0.660790 0.603270 0.650824
0 0.542169 0.711192 0.168675 0.031046 0.457831 0.707934 0.613597 0.695669 0.458692 0.726715 0.626506 0.725182
0 0.554217 0.800882 0.199656 0.027213 0.464716 0.787275 0.639415 0.788425 0.454389 0.808739 0.654045 0.814488
0 0.540017 0.878497 0.186747 0.023764 0.453528 0.866616 0.631670 0.872365 0.446644 0.888846 0.633391 0.890379
0 0.532702 0.935033 0.179002 0.026447 0.444062 0.922192 0.622203 0.921809 0.443201 0.945190 0.621343 0.948256