0 0.607143 0.063263 0.127087 0.036208 0.543599 0.045159 0.670686 0.055736 0.546382 0.075264 0.665121 0.081367
0 0.584879 0.116762 0.132653 0.052889 0.531540 0.090317 0.651206 0.103336 0.518553 0.122050 0.626160 0.143206
0 0.535250 0.161513 0.144712 0.054516 0.505566 0.134255 0.607607 0.151749 0.462894 0.163954 0.571429 0.188771
0 0.484230 0.204231 0.139147 0.049634 0.447124 0.179414 0.553803 0.202197 0.414657 0.206265 0.512987 0.229048
0 0.414657 0.241660 0.159555 0.056143 0.384972 0.213588 0.494434 0.245321 0.334879 0.244508 0.450835 0.269731
0 0.348330 0.284784 0.173469 0.057771 0.308905 0.255899 0.435065 0.281123 0.261596 0.303906 0.409091 0.313670
0 0.326531 0.338283 0.146568 0.040277 0.257885 0.318145 0.397959 0.323841 0.253247 0.356794 0.399814 0.358421
0 0.338126 0.393206 0.149351 0.055736 0.263451 0.376322 0.397959 0.365338 0.284787 0.421074 0.412801 0.402360
0 0.385436 0.445281 0.175325 0.064687 0.297774 0.437347 0.421150 0.412937 0.341373 0.477624 0.473098 0.447925
0 0.461039 0.492270 0.174397 0.068348 0.373840 0.496745 0.487941 0.458096 0.432282 0.526444 0.548238 0.484540
0 0.553340 0.536412 0.169759 0.061432 0.468460 0.535801 0.588126 0.505696 0.513915 0.567128 0.638219 0.541090
0 0.608998 0.596216 0.173469 0.053295 0.522263 0.582994 0.662338 0.569569 0.525046 0.622864 0.695733 0.611880
0 0.621521 0.665175 0.168831 0.048820 0.537106 0.650529 0.702226 0.640765 0.570501 0.678600 0.705937 0.689585
0 0.605288 0.720301 0.179035 0.062246 0.561224 0.689178 0.694805 0.702197 0.515770 0.728234 0.657699 0.751424
0 0.557514 0.777868 0.183673 0.069976 0.503711 0.742880 0.649351 0.765256 0.465677 0.790480 0.594620 0.812856
0 0.494434 0.849878 0.181818 0.059398 0.441558 0.820179 0.585343 0.831977 0.403525 0.869406 0.577922 0.879577
0 0.486549 0.914361 0.186456 0.042718 0.397959 0.893002 0.575139 0.899919 0.393321 0.932059 0.579777 0.935720