0 0.467033 0.038188 0.205651 0.037540 0.372057 0.019417 0.569859 0.031068 0.364207 0.047896 0.560440 0.056958
0 0.459184 0.075081 0.183673 0.031068 0.367347 0.059547 0.551020 0.071197 0.375196 0.088673 0.536892 0.090615
0 0.450549 0.120388 0.169545 0.023301 0.365777 0.108738 0.535322 0.110680 0.381476 0.130097 0.525903 0.132039
0 0.451334 0.163430 0.152276 0.027832 0.378336 0.149515 0.527473 0.153398 0.375196 0.173463 0.522763 0.177346
0 0.448195 0.207767 0.145997 0.027184 0.375196 0.194175 0.521193 0.197411 0.379906 0.218123 0.511774 0.221359
0 0.441130 0.252751 0.150706 0.029126 0.370487 0.238188 0.516484 0.238835 0.365777 0.263430 0.513344 0.267314
0 0.443485 0.299029 0.158556 0.023301 0.367347 0.287379 0.519623 0.287379 0.364207 0.310680 0.522763 0.308738
0 0.437991 0.346278 0.160126 0.025890 0.365777 0.335922 0.518053 0.333333 0.357928 0.359223 0.518053 0.359223
0 0.437991 0.393204 0.169545 0.026537 0.356358 0.388997 0.522763 0.379935 0.353218 0.406473 0.522763 0.405178
0 0.442700 0.442395 0.169545 0.031715 0.364207 0.427184 0.527473 0.426537 0.357928 0.458252 0.521193 0.455016
0 0.442700 0.492233 0.169545 0.036893 0.362637 0.475081 0.522763 0.473786 0.357928 0.510680 0.527473 0.507443
0 0.447410 0.547573 0.182104 0.037540 0.356358 0.530744 0.533752 0.528803 0.356358 0.566343 0.538462 0.561812
0 0.455259 0.603236 0.185243 0.038835 0.362637 0.585761 0.541601 0.583819 0.367347 0.622654 0.547881 0.618770
0 0.453689 0.666990 0.188383 0.038188 0.359498 0.647896 0.543171 0.651133 0.362637 0.686084 0.547881 0.685437
0 0.450549 0.732039 0.197802 0.047896 0.351648 0.713269 0.549451 0.708091 0.373626 0.755987 0.538462 0.739806
0 0.488226 0.787055 0.207221 0.066019 0.384615 0.775405 0.558870 0.754045 0.414443 0.820065 0.591837 0.798058
0 0.550235 0.847249 0.227630 0.082848 0.436421 0.827184 0.620094 0.805825 0.442700 0.888673 0.664050 0.869903