0 0.434164 0.040467 0.218268 0.052566 0.325030 0.040884 0.513642 0.014184 0.364176 0.066750 0.543298 0.037130
0 0.478648 0.073425 0.198102 0.055903 0.379597 0.075094 0.551601 0.045474 0.405694 0.101377 0.577699 0.075094
0 0.513642 0.107217 0.201661 0.045891 0.412811 0.107217 0.589561 0.084272 0.444840 0.130163 0.614472 0.115144
0 0.541518 0.150814 0.183867 0.042136 0.449585 0.138089 0.621590 0.129746 0.462633 0.171882 0.633452 0.171464
0 0.555160 0.200250 0.175563 0.043388 0.467378 0.179808 0.642942 0.178557 0.470937 0.220275 0.639383 0.221944
0 0.542705 0.249479 0.193357 0.046725 0.465006 0.226116 0.639383 0.231122 0.446026 0.260743 0.620403 0.272841
0 0.497034 0.295995 0.234875 0.062161 0.437722 0.264914 0.614472 0.284939 0.379597 0.302461 0.587189 0.327076
0 0.460854 0.343346 0.233689 0.054234 0.372479 0.316229 0.577699 0.336671 0.344009 0.353776 0.536180 0.370463
0 0.425267 0.393408 0.221827 0.050063 0.330961 0.368377 0.536180 0.379641 0.314353 0.409679 0.529063 0.418440
0 0.421708 0.446600 0.224199 0.049645 0.315540 0.421777 0.530249 0.422612 0.309609 0.471423 0.533808 0.466416
0 0.435350 0.506258 0.239620 0.058824 0.315540 0.483938 0.539739 0.476846 0.334520 0.535670 0.555160 0.528995
0 0.458482 0.565916 0.250297 0.059658 0.333333 0.544013 0.561091 0.536087 0.347568 0.595745 0.583630 0.582395
0 0.472123 0.632249 0.253855 0.062161 0.345196 0.610763 0.593120 0.601168 0.353499 0.663329 0.599051 0.649145
0 0.492289 0.698790 0.263345 0.057572 0.360617 0.679182 0.602610 0.670004 0.368921 0.727576 0.623962 0.723821
0 0.496441 0.767000 0.257414 0.059658 0.372479 0.745098 0.625148 0.737171 0.367734 0.796829 0.620403 0.796829
0 0.491103 0.842720 0.284698 0.055069 0.365362 0.815603 0.625148 0.815186 0.348754 0.865248 0.633452 0.870254
0 0.494069 0.918648 0.283511 0.055903 0.352313 0.890697 0.621590 0.890697 0.353499 0.944514 0.635824 0.946600