0 0.518012 0.039698 0.243516 0.040643 0.396254 0.028828 0.632565 0.019376 0.409222 0.060019 0.639769 0.053403
0 0.528818 0.084830 0.227666 0.046786 0.414986 0.071834 0.642651 0.061437 0.432277 0.108223 0.636888 0.105388
0 0.540346 0.128544 0.207493 0.034026 0.436599 0.114839 0.642651 0.111531 0.458213 0.145558 0.644092 0.142250
0 0.561960 0.168951 0.219020 0.041115 0.456772 0.153119 0.657061 0.148393 0.452450 0.189509 0.671470 0.186200
0 0.559798 0.217155 0.223343 0.040170 0.455331 0.198960 0.671470 0.197070 0.448127 0.232042 0.662824 0.237240
0 0.541066 0.264887 0.234870 0.045841 0.451009 0.241966 0.658501 0.248110 0.423631 0.275520 0.639769 0.287807
0 0.515130 0.313800 0.263689 0.047259 0.413545 0.290170 0.646974 0.296786 0.383285 0.329868 0.632565 0.337429
0 0.496398 0.363422 0.255043 0.039698 0.399135 0.343573 0.623919 0.344991 0.368876 0.383270 0.623919 0.378544
0 0.512248 0.412807 0.252161 0.048677 0.386167 0.402174 0.623919 0.388469 0.390490 0.437146 0.638329 0.422023
0 0.548271 0.464083 0.283862 0.059546 0.406340 0.450851 0.646974 0.434310 0.420749 0.493856 0.690202 0.470699
0 0.599424 0.518904 0.302594 0.068053 0.448127 0.513233 0.703170 0.484877 0.478386 0.552930 0.750720 0.528355
0 0.652738 0.577741 0.317003 0.066635 0.494236 0.570416 0.763689 0.544423 0.521614 0.611059 0.811239 0.589792
0 0.692363 0.642013 0.309798 0.054348 0.541787 0.629490 0.824207 0.614839 0.537464 0.669187 0.847262 0.660208
0 0.690202 0.717391 0.308357 0.052930 0.546109 0.690926 0.844380 0.693762 0.536023 0.730624 0.825648 0.743856
0 0.641931 0.790879 0.335735 0.078922 0.530259 0.751418 0.809798 0.778355 0.474063 0.794423 0.776657 0.830340
0 0.549712 0.860822 0.361671 0.088374 0.432277 0.816635 0.730548 0.858696 0.368876 0.858696 0.685879 0.905009
0 0.456052 0.929348 0.419308 0.088374 0.321326 0.885161 0.665706 0.923440 0.246398 0.938091 0.646974 0.973535