0 0.591659 0.063218 0.149370 0.022563 0.524733 0.052363 0.663434 0.051937 0.516974 0.071094 0.666343 0.074500
0 0.588264 0.100255 0.152279 0.029374 0.516004 0.085568 0.664403 0.090251 0.512124 0.108983 0.660524 0.114943
0 0.575655 0.142614 0.160039 0.043423 0.507275 0.120903 0.655674 0.128991 0.495635 0.149425 0.637245 0.164325
0 0.552376 0.185824 0.156159 0.049808 0.491756 0.160920 0.630456 0.173691 0.474297 0.190294 0.609117 0.210728
0 0.516004 0.229885 0.149370 0.056194 0.471387 0.201788 0.590689 0.223074 0.441319 0.237974 0.537342 0.257982
0 0.451018 0.276501 0.159069 0.054917 0.419981 0.249042 0.530553 0.271179 0.371484 0.275862 0.486906 0.303959
0 0.401067 0.323968 0.148400 0.042571 0.361785 0.302682 0.475267 0.320562 0.326867 0.326948 0.444229 0.345253
0 0.355480 0.367603 0.150339 0.044700 0.319108 0.345253 0.430650 0.359728 0.280310 0.378885 0.417071 0.389953
0 0.346266 0.419115 0.149370 0.041294 0.271581 0.398467 0.417071 0.399319 0.274491 0.439762 0.420951 0.428267
0 0.358875 0.470413 0.159069 0.055343 0.279340 0.458919 0.421920 0.442742 0.305529 0.498084 0.438409 0.473819
0 0.423375 0.520221 0.171678 0.068966 0.337536 0.514687 0.456838 0.485739 0.382153 0.554704 0.509214 0.516816
0 0.515519 0.567901 0.185257 0.076628 0.422890 0.566198 0.530553 0.529587 0.469447 0.606215 0.608147 0.555556
0 0.617362 0.613453 0.227934 0.080885 0.503395 0.624521 0.646945 0.573010 0.550921 0.653895 0.731329 0.607493
0 0.708535 0.667305 0.227934 0.074500 0.594568 0.660707 0.778856 0.630055 0.620757 0.704555 0.822502 0.680715
0 0.741513 0.742018 0.222114 0.054491 0.639185 0.716475 0.845781 0.714772 0.630456 0.761601 0.852570 0.769264
0 0.712415 0.812686 0.233754 0.071520 0.620757 0.776926 0.829292 0.796083 0.595538 0.820775 0.801164 0.848446
0 0.629001 0.877395 0.276431 0.085143 0.545102 0.834823 0.767216 0.873563 0.490786 0.879523 0.722599 0.919966