0 0.477865 0.052956 0.229167 0.051414 0.380208 0.027249 0.592448 0.041645 0.363281 0.056041 0.558594 0.078663
0 0.436849 0.095373 0.220052 0.056041 0.358073 0.067352 0.546875 0.088432 0.326823 0.098715 0.515625 0.123393
0 0.389974 0.139075 0.207031 0.058098 0.320312 0.110026 0.493490 0.134190 0.286458 0.142416 0.459635 0.168123
0 0.341797 0.179692 0.212240 0.061183 0.281250 0.149100 0.447917 0.175835 0.235677 0.182519 0.391927 0.210283
0 0.288411 0.221851 0.188802 0.061183 0.230469 0.191260 0.382812 0.215938 0.194010 0.226735 0.341146 0.252442
0 0.242839 0.269152 0.180990 0.060154 0.186198 0.239075 0.333333 0.260154 0.152344 0.275064 0.283854 0.299229
0 0.189453 0.316710 0.186198 0.052442 0.132812 0.290488 0.282552 0.304370 0.096354 0.324422 0.265625 0.342931
0 0.165365 0.363496 0.203125 0.043188 0.087240 0.341902 0.266927 0.347558 0.063802 0.384576 0.263021 0.385090
0 0.166667 0.422622 0.195312 0.057584 0.069010 0.403599 0.264323 0.393830 0.079427 0.451414 0.263021 0.428792
0 0.210286 0.470951 0.230469 0.071979 0.095052 0.468380 0.269531 0.434961 0.144531 0.506941 0.325521 0.469923
0 0.296875 0.519537 0.242188 0.084833 0.175781 0.525964 0.350260 0.477121 0.236979 0.561954 0.417969 0.512596
0 0.406901 0.570180 0.251302 0.087404 0.281250 0.575321 0.451823 0.526478 0.356771 0.613882 0.532552 0.559897
0 0.520833 0.619794 0.270833 0.086889 0.385417 0.621594 0.562500 0.576350 0.454427 0.663239 0.656250 0.617995
0 0.625000 0.680206 0.270833 0.080206 0.489583 0.676607 0.704427 0.640103 0.526042 0.720308 0.760417 0.692031
0 0.674479 0.749871 0.273438 0.067352 0.537760 0.732648 0.786458 0.716195 0.555990 0.783548 0.811198 0.779949
0 0.684896 0.837275 0.252604 0.065296 0.570312 0.806170 0.811198 0.804627 0.558594 0.864267 0.805990 0.869923
0 0.675130 0.910797 0.251302 0.070437 0.565104 0.875578 0.800781 0.880206 0.549479 0.927506 0.791667 0.946015