0 0.553015 0.037150 0.295218 0.037759 0.405405 0.018270 0.700624 0.034105 0.405405 0.040195 0.675676 0.056029
0 0.522869 0.079172 0.272349 0.048721 0.413721 0.054811 0.659044 0.069428 0.386694 0.084044 0.613306 0.103532
0 0.480249 0.124239 0.245322 0.049939 0.384615 0.099269 0.602911 0.111449 0.357588 0.134592 0.559252 0.149208
0 0.434511 0.166261 0.237006 0.047503 0.357588 0.142509 0.553015 0.158343 0.316008 0.174178 0.534304 0.190012
0 0.397089 0.209196 0.257796 0.054202 0.303534 0.182095 0.525988 0.198538 0.268191 0.213764 0.484407 0.236297
0 0.349272 0.255481 0.266112 0.057856 0.257796 0.226553 0.482328 0.244214 0.216216 0.267966 0.426195 0.284409
0 0.316008 0.306029 0.228690 0.042022 0.216216 0.285018 0.430353 0.294153 0.201663 0.320341 0.419958 0.327040
0 0.302495 0.355968 0.230769 0.039586 0.195426 0.336175 0.417879 0.341657 0.187110 0.372716 0.417879 0.375761
0 0.297297 0.404080 0.232848 0.039586 0.180873 0.386115 0.413721 0.384287 0.180873 0.423873 0.411642 0.423264
0 0.313929 0.454628 0.257796 0.049330 0.185031 0.434227 0.422037 0.429963 0.193347 0.479294 0.442827 0.470158
0 0.352391 0.506090 0.297297 0.058465 0.203742 0.493301 0.455301 0.476857 0.218295 0.535323 0.501040 0.521315
0 0.399168 0.564860 0.307692 0.057856 0.245322 0.552375 0.513514 0.535932 0.272349 0.593788 0.553015 0.577345
0 0.448025 0.625761 0.309771 0.059074 0.293139 0.612058 0.571726 0.596224 0.311850 0.655298 0.602911 0.645554
0 0.478170 0.689099 0.311850 0.056638 0.322245 0.675396 0.615385 0.660780 0.336798 0.717418 0.634096 0.705847
0 0.504158 0.754568 0.318087 0.047503 0.347193 0.735079 0.638254 0.730816 0.345114 0.778319 0.663202 0.776492
0 0.501040 0.823995 0.336798 0.049939 0.336798 0.802680 0.661123 0.799026 0.332640 0.845311 0.669439 0.848965
0 0.493763 0.894032 0.397089 0.053593 0.311850 0.867235 0.675676 0.867235 0.295218 0.915956 0.692308 0.920828