0 0.341727 0.043939 0.182254 0.055430 0.250600 0.039207 0.401679 0.016224 0.296163 0.071654 0.432854 0.038306
0 0.401079 0.073682 0.152278 0.056332 0.324940 0.081118 0.446043 0.045516 0.374101 0.101848 0.477218 0.068950
0 0.468825 0.102298 0.163070 0.062190 0.387290 0.109959 0.498801 0.071203 0.432854 0.133393 0.550360 0.107256
0 0.514988 0.138125 0.137890 0.040108 0.446043 0.139703 0.568345 0.118071 0.470024 0.158179 0.583933 0.139252
0 0.535372 0.181388 0.157074 0.032898 0.477218 0.164939 0.613909 0.168094 0.456835 0.185669 0.606715 0.197837
0 0.502398 0.226453 0.189448 0.053628 0.450839 0.199639 0.597122 0.211356 0.407674 0.224876 0.571942 0.253267
0 0.440647 0.272195 0.224221 0.056782 0.386091 0.243804 0.552758 0.267688 0.328537 0.269941 0.483213 0.300586
0 0.351918 0.313880 0.214628 0.066246 0.317746 0.280757 0.459233 0.310050 0.244604 0.315457 0.386091 0.347003
0 0.265588 0.361199 0.202638 0.067147 0.218225 0.327625 0.366906 0.356016 0.164269 0.372690 0.329736 0.394772
0 0.209832 0.415277 0.199041 0.054529 0.146283 0.388013 0.309353 0.407391 0.110312 0.439838 0.287770 0.442542
0 0.191247 0.487382 0.185851 0.058134 0.098321 0.463272 0.284173 0.458315 0.098321 0.516449 0.275779 0.502479
0 0.231415 0.553628 0.211031 0.076160 0.125899 0.537179 0.287770 0.515548 0.165468 0.591708 0.336930 0.559261
0 0.304556 0.617395 0.218225 0.075710 0.195444 0.611537 0.365707 0.579540 0.279377 0.655250 0.413669 0.629112
0 0.444844 0.684543 0.256595 0.082920 0.316547 0.671474 0.474820 0.643082 0.377698 0.726003 0.573142 0.692654
0 0.516787 0.757098 0.237410 0.065795 0.398082 0.743578 0.588729 0.724200 0.448441 0.789995 0.635492 0.761154
0 0.567146 0.822668 0.211031 0.044615 0.461631 0.812078 0.645084 0.800361 0.464029 0.844975 0.672662 0.835512
0 0.581535 0.883957 0.225420 0.041009 0.468825 0.867508 0.694245 0.863452 0.492806 0.904461 0.689448 0.903560