0 0.419822 0.036413 0.146993 0.040217 0.346325 0.032065 0.492205 0.016304 0.363029 0.056522 0.493318 0.043478
0 0.432628 0.074185 0.130290 0.042935 0.367483 0.065761 0.487751 0.052717 0.384187 0.095652 0.497773 0.085870
0 0.452116 0.111413 0.113586 0.031522 0.395323 0.104348 0.503341 0.095652 0.402004 0.127174 0.508909 0.122283
0 0.451002 0.150815 0.109131 0.033152 0.396437 0.138043 0.505568 0.134239 0.399777 0.167391 0.502227 0.162500
0 0.445991 0.200000 0.105791 0.041304 0.400891 0.179348 0.498886 0.183152 0.393096 0.215761 0.489978 0.220652
0 0.430958 0.250272 0.120267 0.039674 0.379733 0.230435 0.491091 0.235326 0.370824 0.266304 0.473274 0.270109
0 0.420379 0.296739 0.096882 0.034783 0.371938 0.279348 0.468820 0.279348 0.373051 0.313043 0.467706 0.314130
0 0.413140 0.342391 0.111359 0.036957 0.375278 0.328261 0.466592 0.323913 0.357461 0.360870 0.468820 0.358152
0 0.412584 0.393478 0.121381 0.035870 0.358575 0.375543 0.463252 0.375543 0.351893 0.411413 0.473274 0.405978
0 0.420935 0.441304 0.133630 0.038043 0.363029 0.430978 0.472160 0.422283 0.354120 0.460326 0.487751 0.450543
0 0.445434 0.493478 0.144766 0.051087 0.373051 0.478804 0.496659 0.467935 0.373051 0.519022 0.517817 0.506522
0 0.468263 0.550272 0.154788 0.054891 0.390869 0.534783 0.516704 0.522826 0.413140 0.577717 0.545657 0.560870
0 0.510579 0.611685 0.154788 0.061413 0.433185 0.594565 0.559020 0.580978 0.448775 0.642391 0.587973 0.624457
0 0.543430 0.678533 0.173719 0.059239 0.456570 0.664130 0.603563 0.648913 0.463252 0.708152 0.630290 0.692935
0 0.567929 0.745652 0.175947 0.052174 0.481069 0.728261 0.642539 0.719565 0.479955 0.771739 0.655902 0.765761
0 0.570156 0.819293 0.175947 0.046196 0.488864 0.798370 0.658129 0.796196 0.482183 0.838043 0.650334 0.842391
0 0.551225 0.887500 0.184855 0.051087 0.484410 0.861957 0.642539 0.870109 0.458797 0.908152 0.643653 0.913043