0 0.468161 0.059184 0.121973 0.025732 0.407175 0.050673 0.529148 0.046318 0.422422 0.072051 0.523767 0.069279
0 0.491928 0.099367 0.121076 0.038797 0.431390 0.084323 0.532735 0.079968 0.438565 0.118765 0.552466 0.111639
0 0.501345 0.141528 0.114798 0.027316 0.443946 0.130641 0.552466 0.127870 0.454709 0.155186 0.558744 0.153207
0 0.505381 0.184283 0.108520 0.042359 0.455605 0.165479 0.559641 0.163104 0.451121 0.197546 0.557848 0.205463
0 0.491031 0.235550 0.126457 0.038797 0.440359 0.216152 0.554260 0.221694 0.427803 0.249802 0.534529 0.254949
0 0.474439 0.284442 0.123767 0.041568 0.420628 0.263658 0.536323 0.268409 0.412556 0.301663 0.531839 0.305226
0 0.473094 0.326603 0.122870 0.026920 0.411659 0.314331 0.527354 0.313143 0.414350 0.340063 0.534529 0.337292
0 0.473991 0.379256 0.131839 0.046714 0.408072 0.355899 0.539910 0.359857 0.408072 0.394695 0.538117 0.402613
0 0.461435 0.434481 0.139013 0.047902 0.399103 0.410530 0.530942 0.417260 0.391928 0.444972 0.530045 0.458432
0 0.432287 0.484363 0.173991 0.049485 0.376682 0.459620 0.519283 0.470705 0.345291 0.496041 0.491480 0.509105
0 0.394619 0.537213 0.161435 0.050673 0.330942 0.511876 0.475336 0.523357 0.313901 0.552257 0.454709 0.562549
0 0.373991 0.599960 0.165022 0.054236 0.295067 0.572842 0.456502 0.581156 0.291480 0.627078 0.448430 0.620348
0 0.377578 0.665677 0.173991 0.052652 0.290583 0.646477 0.448430 0.639351 0.313901 0.692003 0.464574 0.674584
0 0.428700 0.725851 0.193722 0.066904 0.331839 0.714173 0.479821 0.692399 0.372197 0.759303 0.525561 0.731591
0 0.482063 0.788599 0.198206 0.076801 0.382960 0.776326 0.547085 0.750198 0.426906 0.826999 0.581166 0.800079
0 0.530045 0.860253 0.202691 0.069675 0.428700 0.842835 0.611659 0.825416 0.457399 0.895091 0.631390 0.876880
0 0.568161 0.928147 0.216144 0.049485 0.460090 0.910531 0.656502 0.903405 0.471749 0.952890 0.676233 0.949723