0 0.528010 0.035728 0.185936 0.022503 0.435042 0.028820 0.620977 0.024477 0.446961 0.046980 0.620977 0.045401
0 0.533969 0.064153 0.174017 0.023293 0.446961 0.052507 0.620977 0.052507 0.451728 0.075799 0.613826 0.074220
0 0.530393 0.096526 0.166865 0.033557 0.451728 0.080537 0.613826 0.079747 0.446961 0.110541 0.589988 0.113304
0 0.517282 0.138768 0.145411 0.041453 0.444577 0.120411 0.589988 0.118042 0.449344 0.157126 0.586412 0.159495
0 0.511323 0.183379 0.157330 0.044611 0.437425 0.161074 0.589988 0.166601 0.432658 0.203316 0.584029 0.205685
0 0.501192 0.234702 0.168057 0.054876 0.424315 0.207264 0.585221 0.210422 0.417163 0.260166 0.580453 0.262140
0 0.492253 0.295499 0.178784 0.041453 0.415971 0.274773 0.581645 0.277142 0.402861 0.308725 0.574493 0.316226
0 0.483909 0.349783 0.188319 0.052112 0.401669 0.323727 0.575685 0.326885 0.389750 0.373075 0.578069 0.375839
0 0.476162 0.407817 0.199046 0.048954 0.381406 0.383735 0.575685 0.383340 0.376639 0.430715 0.574493 0.432294
0 0.494041 0.467035 0.232420 0.056060 0.377831 0.443348 0.578069 0.439005 0.386174 0.495065 0.610250 0.487959
0 0.520858 0.532373 0.257449 0.062771 0.392134 0.512831 0.611442 0.500987 0.408820 0.563758 0.649583 0.551125
0 0.554827 0.594355 0.282479 0.052507 0.413588 0.579155 0.667461 0.568101 0.425507 0.619029 0.696067 0.620608
0 0.559595 0.665811 0.308701 0.057244 0.426698 0.637189 0.713945 0.645874 0.405244 0.684169 0.697259 0.694433
0 0.539333 0.734307 0.318236 0.077379 0.406436 0.695618 0.698451 0.712594 0.380215 0.745756 0.647199 0.772996
0 0.515495 0.787209 0.292014 0.069483 0.398093 0.752467 0.661502 0.772602 0.369487 0.801816 0.628129 0.821950
0 0.476162 0.858073 0.294398 0.069878 0.357569 0.823135 0.623361 0.835373 0.328963 0.879984 0.600715 0.893012
0 0.451728 0.927359 0.269368 0.047375 0.323004 0.903672 0.586412 0.904461 0.317044 0.945914 0.582837 0.951046