0 0.552000 0.039958 0.194286 0.033891 0.458286 0.023013 0.649143 0.033054 0.454857 0.048536 0.628571 0.056904
0 0.537714 0.075105 0.177143 0.036402 0.458286 0.056904 0.626286 0.062343 0.449143 0.086192 0.612571 0.093305
0 0.527429 0.116736 0.161143 0.038494 0.453714 0.097490 0.608000 0.102092 0.446857 0.130544 0.608000 0.135983
0 0.514857 0.167155 0.168000 0.051464 0.449143 0.141423 0.598857 0.146025 0.430857 0.178243 0.589714 0.192887
0 0.493143 0.209623 0.181714 0.051883 0.428571 0.183682 0.584000 0.197490 0.402286 0.221339 0.554286 0.235565
0 0.462857 0.255649 0.189714 0.048536 0.401143 0.231381 0.557714 0.246862 0.368000 0.264435 0.530286 0.279916
0 0.433714 0.301674 0.193143 0.046025 0.368000 0.278661 0.530286 0.289540 0.337143 0.311715 0.506286 0.324686
0 0.413714 0.349791 0.189714 0.045188 0.329143 0.327197 0.508571 0.336402 0.318857 0.367364 0.497143 0.372385
0 0.406857 0.401883 0.185143 0.038912 0.321143 0.382427 0.498286 0.382845 0.314286 0.421339 0.499429 0.420084
0 0.425714 0.455230 0.213714 0.051046 0.318857 0.438912 0.505143 0.429707 0.326857 0.480753 0.532571 0.468619
0 0.457143 0.509623 0.251429 0.062762 0.331429 0.498326 0.539429 0.478243 0.363429 0.541004 0.582857 0.522594
0 0.501143 0.567992 0.243429 0.065690 0.379429 0.554812 0.584000 0.535146 0.395429 0.600837 0.622857 0.578661
0 0.541143 0.630962 0.252571 0.056067 0.414857 0.615063 0.644571 0.602929 0.429714 0.658996 0.667429 0.648536
0 0.561143 0.699582 0.253714 0.048536 0.435429 0.678661 0.683429 0.675314 0.434286 0.719247 0.688000 0.723849
0 0.541143 0.767155 0.284571 0.068201 0.435429 0.733054 0.683429 0.751046 0.398857 0.780335 0.662857 0.801255
0 0.498857 0.838912 0.300571 0.075314 0.388571 0.801255 0.649143 0.823013 0.348571 0.849791 0.612571 0.876569
0 0.450857 0.901464 0.312000 0.080753 0.337143 0.861088 0.606857 0.879916 0.294857 0.918828 0.565714 0.941841