0 0.429180 0.036972 0.185304 0.037950 0.339723 0.017997 0.521832 0.021909 0.336528 0.051252 0.512247 0.055947
0 0.425453 0.079421 0.167199 0.036776 0.342918 0.061033 0.509052 0.067684 0.341853 0.086854 0.507987 0.097809
0 0.417465 0.120110 0.172524 0.043818 0.347178 0.098200 0.503727 0.112676 0.331203 0.126761 0.473908 0.142019
0 0.383919 0.161972 0.173589 0.054773 0.329073 0.134585 0.470714 0.148279 0.297125 0.169797 0.436635 0.189358
0 0.338126 0.211268 0.169329 0.056338 0.291800 0.183099 0.422790 0.204225 0.253461 0.215180 0.375932 0.239437
0 0.261981 0.253521 0.195953 0.056338 0.228967 0.225352 0.359957 0.248044 0.164004 0.262128 0.316294 0.281690
0 0.209798 0.302817 0.198083 0.062598 0.153355 0.271518 0.308839 0.287559 0.110756 0.315336 0.283280 0.334116
0 0.171991 0.354656 0.203408 0.055164 0.104366 0.327074 0.273695 0.339593 0.070288 0.370892 0.257721 0.382238
0 0.165069 0.410407 0.198083 0.046166 0.067093 0.387324 0.259851 0.388498 0.066028 0.433490 0.264111 0.433099
0 0.182109 0.469679 0.236422 0.065336 0.063898 0.451095 0.270501 0.437011 0.084132 0.502347 0.300319 0.486307
0 0.226305 0.531103 0.248136 0.079421 0.102236 0.520736 0.302449 0.491393 0.176784 0.570814 0.350373 0.545383
0 0.307242 0.593506 0.258786 0.086072 0.177849 0.584898 0.356762 0.550469 0.236422 0.636541 0.436635 0.598592
0 0.396166 0.653951 0.291800 0.097418 0.250266 0.650626 0.456869 0.605243 0.345048 0.702660 0.542066 0.658059
0 0.501065 0.715767 0.273695 0.089593 0.364217 0.709311 0.569755 0.670970 0.418530 0.760563 0.637913 0.719484
0 0.579340 0.784233 0.289670 0.087246 0.434505 0.769953 0.666667 0.740610 0.476038 0.827856 0.724175 0.801643
0 0.634718 0.862089 0.289670 0.080986 0.489883 0.839593 0.738019 0.821596 0.500533 0.902582 0.779553 0.890063
0 0.652290 0.932903 0.290735 0.060642 0.507987 0.913537 0.797657 0.902582 0.506922 0.963224 0.787007 0.959703