0 0.471144 0.035687 0.158209 0.030256 0.392040 0.025601 0.550249 0.020559 0.398010 0.050815 0.550249 0.045772
0 0.477612 0.073701 0.145274 0.029480 0.404975 0.064003 0.545274 0.058960 0.415920 0.088441 0.550249 0.085337
0 0.490547 0.112490 0.129353 0.030256 0.425871 0.100465 0.555224 0.097362 0.428856 0.127618 0.555224 0.124903
0 0.479104 0.161559 0.148259 0.037626 0.417910 0.142746 0.553234 0.143910 0.404975 0.174166 0.553234 0.180372
0 0.459701 0.211986 0.181095 0.051590 0.390050 0.186191 0.550249 0.194337 0.369154 0.230799 0.542289 0.237781
0 0.440298 0.263964 0.200000 0.038402 0.361194 0.244763 0.540299 0.250970 0.340299 0.276183 0.511443 0.283165
0 0.395025 0.312064 0.191045 0.037626 0.322388 0.293251 0.490547 0.302560 0.299502 0.322731 0.470647 0.330877
0 0.373134 0.359581 0.173134 0.039566 0.293532 0.339798 0.459701 0.344841 0.286567 0.379364 0.441791 0.375097
0 0.362687 0.410978 0.158209 0.047711 0.283582 0.392164 0.433831 0.387122 0.283582 0.434833 0.441791 0.429791
0 0.388557 0.468580 0.184080 0.057409 0.296517 0.450737 0.452736 0.439876 0.309453 0.497285 0.480597 0.478278
0 0.429353 0.519589 0.201990 0.052366 0.328358 0.511637 0.493532 0.493406 0.343284 0.545772 0.530348 0.535687
0 0.458706 0.577773 0.204975 0.051590 0.356219 0.560900 0.538308 0.551978 0.382090 0.603569 0.561194 0.594259
0 0.491045 0.637122 0.201990 0.051590 0.390050 0.623739 0.577114 0.611327 0.402985 0.662917 0.592040 0.660977
0 0.510448 0.707525 0.199005 0.046548 0.410945 0.691234 0.597015 0.684251 0.423881 0.730799 0.609950 0.724593
0 0.518408 0.775019 0.195025 0.036462 0.420896 0.756788 0.609950 0.756788 0.426866 0.793251 0.615920 0.792087
0 0.520896 0.840768 0.203980 0.052366 0.420896 0.815361 0.622886 0.814585 0.418905 0.866951 0.622886 0.865012
0 0.499005 0.911365 0.247761 0.050815 0.390050 0.888286 0.622886 0.885958 0.375124 0.936773 0.620896 0.926687