0 0.539267 0.059676 0.136126 0.027485 0.471204 0.045934 0.607330 0.048946 0.471204 0.068901 0.603839 0.073419
0 0.523997 0.095821 0.131763 0.033509 0.472077 0.079066 0.589878 0.085843 0.458115 0.105798 0.580279 0.112575
0 0.502618 0.140060 0.136126 0.050452 0.451134 0.114834 0.570681 0.128012 0.434555 0.147590 0.542757 0.165286
0 0.466841 0.177899 0.134380 0.039533 0.419721 0.158133 0.534031 0.176581 0.399651 0.184488 0.503490 0.197666
0 0.421466 0.217432 0.137871 0.045557 0.390925 0.194654 0.490401 0.211973 0.352531 0.222139 0.464223 0.240211
0 0.384817 0.255459 0.139616 0.045557 0.349040 0.232681 0.454625 0.251506 0.315009 0.262425 0.422339 0.278238
0 0.343805 0.296687 0.139616 0.042169 0.308028 0.275602 0.413613 0.288780 0.273997 0.306099 0.397033 0.317771
0 0.324607 0.339797 0.132635 0.037274 0.266143 0.321160 0.390925 0.328690 0.258290 0.356551 0.390052 0.358434
0 0.320681 0.389495 0.131763 0.039533 0.254799 0.370858 0.386562 0.369729 0.261780 0.409262 0.385689 0.401355
0 0.335951 0.436182 0.143106 0.047063 0.264398 0.423193 0.384817 0.412651 0.288831 0.459714 0.407504 0.446913
0 0.368674 0.486634 0.133508 0.056852 0.301920 0.473645 0.410995 0.458208 0.324607 0.515060 0.435428 0.496235
0 0.417976 0.540851 0.169284 0.058358 0.333333 0.529744 0.468586 0.511672 0.367365 0.570030 0.502618 0.550452
0 0.465096 0.597515 0.164049 0.056476 0.383072 0.585467 0.519197 0.569277 0.411867 0.625753 0.547120 0.607681
0 0.508726 0.653238 0.160558 0.048193 0.428447 0.643449 0.569808 0.629142 0.455497 0.677334 0.589005 0.669428
0 0.533595 0.719880 0.149215 0.055723 0.458988 0.698795 0.608202 0.692018 0.480803 0.747741 0.604712 0.744352
0 0.548866 0.789721 0.165794 0.051581 0.465969 0.766190 0.631763 0.763931 0.468586 0.815512 0.630890 0.814383
0 0.550611 0.858434 0.176265 0.041416 0.462478 0.837726 0.626527 0.838479 0.464223 0.879142 0.638743 0.877259