0 0.427430 0.057095 0.141145 0.031757 0.356858 0.047297 0.498003 0.041216 0.371505 0.072973 0.498003 0.064189
0 0.444075 0.096959 0.137150 0.039865 0.375499 0.087838 0.505992 0.077027 0.394141 0.116892 0.512650 0.102703
0 0.478029 0.133446 0.138482 0.037162 0.408788 0.131757 0.531292 0.114865 0.419441 0.152027 0.547270 0.141216
0 0.488016 0.177365 0.134487 0.033108 0.420772 0.164865 0.551265 0.160811 0.423435 0.190541 0.555260 0.193919
0 0.490679 0.223649 0.139814 0.032432 0.427430 0.207432 0.559254 0.212838 0.420772 0.229730 0.560586 0.239865
0 0.482690 0.266892 0.142477 0.047297 0.420772 0.243243 0.553928 0.262838 0.411451 0.275676 0.543276 0.290541
0 0.450732 0.312162 0.142477 0.043243 0.407457 0.290541 0.521971 0.306757 0.379494 0.319595 0.498003 0.333784
0 0.424767 0.357770 0.127830 0.037162 0.372836 0.339189 0.488682 0.352703 0.360852 0.367568 0.464714 0.376351
0 0.399467 0.404392 0.119840 0.041216 0.350200 0.383784 0.459387 0.394595 0.339547 0.417568 0.450067 0.425000
0 0.388815 0.455405 0.135819 0.036486 0.331558 0.437162 0.450067 0.439865 0.320905 0.473649 0.456724 0.472297
0 0.400133 0.511486 0.142477 0.041892 0.328895 0.492568 0.466045 0.490541 0.330226 0.532432 0.471372 0.528378
0 0.412117 0.569257 0.147803 0.041216 0.338216 0.548649 0.479361 0.550676 0.346205 0.588513 0.486019 0.589865
0 0.408123 0.636149 0.171771 0.052027 0.338216 0.610135 0.494008 0.612162 0.322237 0.649324 0.476698 0.662162
0 0.381491 0.701351 0.190413 0.064865 0.312916 0.668919 0.476698 0.689189 0.286285 0.718919 0.438083 0.733784
0 0.342210 0.772635 0.191744 0.057432 0.263648 0.743919 0.438083 0.758784 0.246338 0.785135 0.396804 0.801351
0 0.299601 0.841554 0.170439 0.053378 0.230360 0.814865 0.384820 0.821622 0.214381 0.861486 0.378162 0.868243
0 0.300266 0.904730 0.187750 0.044595 0.211718 0.882432 0.384820 0.885811 0.206391 0.925000 0.394141 0.927027