0 0.488647 0.073067 0.135289 0.030586 0.421003 0.057774 0.556291 0.059473 0.421949 0.085811 0.548723 0.088360
0 0.484863 0.110025 0.133396 0.026338 0.422895 0.096856 0.551561 0.101105 0.418165 0.118097 0.543992 0.123195
0 0.484863 0.148046 0.127720 0.036958 0.421003 0.129567 0.548723 0.137213 0.421003 0.155055 0.536424 0.166525
0 0.466887 0.188828 0.123936 0.042056 0.414380 0.167799 0.528855 0.178420 0.404920 0.195412 0.516556 0.209856
0 0.447966 0.228972 0.125828 0.038233 0.397351 0.209856 0.510880 0.223025 0.385052 0.234070 0.488174 0.248088
0 0.412015 0.270391 0.127720 0.042906 0.372753 0.248938 0.475875 0.264231 0.348155 0.274427 0.452223 0.291844
0 0.385052 0.308411 0.126774 0.033135 0.341533 0.291844 0.448439 0.301189 0.321665 0.317332 0.419111 0.324979
0 0.357143 0.348556 0.118259 0.032710 0.307474 0.332200 0.416272 0.335174 0.298013 0.361088 0.403974 0.364911
0 0.351939 0.394223 0.121097 0.036534 0.305582 0.375956 0.408704 0.376805 0.291391 0.412489 0.412488 0.409516
0 0.362819 0.443500 0.139073 0.045879 0.293283 0.429482 0.421949 0.420561 0.305582 0.466440 0.432356 0.456245
0 0.381741 0.501699 0.127720 0.056075 0.317881 0.488530 0.432356 0.473662 0.327342 0.529737 0.445601 0.513169
0 0.419584 0.555862 0.150426 0.059048 0.344371 0.546304 0.476821 0.526338 0.375591 0.585387 0.494797 0.567120
0 0.481552 0.613424 0.162725 0.064571 0.400189 0.608751 0.525071 0.581138 0.426679 0.645709 0.562914 0.625319
0 0.526963 0.671623 0.158940 0.051827 0.447493 0.661427 0.585620 0.645709 0.474929 0.697536 0.606433 0.685641
0 0.561968 0.740442 0.160833 0.055225 0.481552 0.722600 0.631977 0.712829 0.483444 0.768054 0.642384 0.757434
0 0.581362 0.805650 0.182592 0.042906 0.490066 0.786746 0.658467 0.784197 0.492904 0.827103 0.672658 0.824129
0 0.585147 0.860238 0.176916 0.035684 0.496689 0.842396 0.672658 0.845370 0.499527 0.878080 0.673605 0.876381