0 0.484481 0.113165 0.150339 0.039985 0.433560 0.093172 0.559651 0.103357 0.409311 0.118446 0.545102 0.133157
0 0.454898 0.150509 0.143550 0.036967 0.407371 0.132026 0.526673 0.147114 0.383123 0.155790 0.491756 0.168993
0 0.428225 0.192569 0.121242 0.041871 0.384093 0.171633 0.488846 0.182950 0.367604 0.198793 0.469447 0.213504
0 0.391853 0.235194 0.131911 0.041871 0.352085 0.214259 0.457808 0.227461 0.325897 0.239532 0.424830 0.256130
0 0.342871 0.274991 0.144520 0.041494 0.295829 0.254244 0.415131 0.266692 0.270611 0.288570 0.386033 0.295737
0 0.314743 0.320634 0.130941 0.041494 0.268671 0.299887 0.380213 0.306300 0.249273 0.335722 0.362755 0.341381
0 0.300194 0.368540 0.130941 0.040739 0.235693 0.350057 0.365664 0.348170 0.234724 0.388910 0.361785 0.384006
0 0.313288 0.418521 0.137730 0.042625 0.244423 0.400604 0.370514 0.397209 0.254122 0.439834 0.382153 0.427009
0 0.347721 0.465673 0.167798 0.054696 0.263822 0.454545 0.390883 0.438325 0.304559 0.493021 0.431620 0.468502
0 0.423375 0.513203 0.196896 0.064504 0.324927 0.506224 0.452958 0.480951 0.383123 0.545455 0.521823 0.514900
0 0.497575 0.562052 0.186227 0.063372 0.404462 0.556394 0.545102 0.530366 0.465567 0.593738 0.590689 0.563561
0 0.572260 0.617314 0.192047 0.060732 0.476237 0.608072 0.624636 0.586948 0.514064 0.647680 0.668283 0.632591
0 0.611542 0.681630 0.187197 0.050547 0.517944 0.662014 0.692532 0.656356 0.530553 0.706903 0.705141 0.706149
0 0.608632 0.758204 0.210475 0.064881 0.521823 0.725764 0.713870 0.734440 0.503395 0.777442 0.687682 0.790645
0 0.565955 0.824594 0.220175 0.063372 0.490786 0.792908 0.676043 0.807620 0.455868 0.840815 0.624636 0.856281
0 0.521339 0.883817 0.202716 0.038476 0.440349 0.864579 0.622696 0.875896 0.419981 0.893625 0.618817 0.903055
0 0.505335 0.069031 0.129971 0.029423 0.440349 0.054319 0.570320 0.054696 0.441319 0.079970 0.557711 0.083742