0 0.440347 0.037987 0.180043 0.029566 0.350325 0.036677 0.521692 0.023204 0.354664 0.052769 0.530369 0.040793
0 0.458785 0.065494 0.180043 0.028443 0.368764 0.062500 0.531453 0.051272 0.387202 0.079716 0.548807 0.070359
0 0.482646 0.098428 0.154013 0.031437 0.405640 0.089072 0.550976 0.082710 0.419740 0.114147 0.559653 0.105913
0 0.502169 0.134918 0.130152 0.026572 0.437093 0.123129 0.562907 0.121632 0.455531 0.147829 0.567245 0.148204
0 0.522777 0.177957 0.117137 0.032560 0.464208 0.163548 0.574837 0.161677 0.464208 0.194237 0.581345 0.191617
0 0.514100 0.228293 0.125813 0.032934 0.453362 0.211826 0.573753 0.212949 0.451193 0.244760 0.577007 0.244760
0 0.530911 0.279004 0.142082 0.037051 0.459870 0.262725 0.573753 0.260479 0.471800 0.297530 0.601952 0.293039
0 0.559111 0.326534 0.152928 0.043787 0.482646 0.313623 0.600868 0.304641 0.489154 0.348428 0.635575 0.338323
0 0.584599 0.373129 0.180043 0.049401 0.494577 0.361901 0.633406 0.348428 0.524946 0.397829 0.674620 0.382859
0 0.645879 0.420472 0.202820 0.055015 0.544469 0.410554 0.698482 0.392964 0.578091 0.447979 0.747289 0.426647
0 0.706616 0.465569 0.211497 0.051647 0.600868 0.459581 0.761388 0.439746 0.613883 0.491392 0.812364 0.478668
0 0.748915 0.521145 0.213666 0.045284 0.642082 0.510853 0.821041 0.498503 0.644252 0.543787 0.855748 0.541916
0 0.749458 0.581961 0.219089 0.048653 0.645336 0.557635 0.859002 0.566243 0.639913 0.589446 0.839479 0.606287
0 0.691432 0.633982 0.200651 0.064371 0.624729 0.601796 0.791757 0.627620 0.591106 0.637350 0.740781 0.666168
0 0.598156 0.690307 0.200651 0.061003 0.569414 0.659805 0.698482 0.688623 0.497831 0.684880 0.621475 0.720808
0 0.486985 0.731849 0.225597 0.057260 0.436009 0.703219 0.599783 0.738024 0.374187 0.730539 0.540130 0.760479
0 0.391540 0.790419 0.271150 0.074102 0.325380 0.753368 0.527115 0.780689 0.255965 0.794910 0.479393 0.827470