0 0.514378 0.054239 0.149351 0.027320 0.439703 0.040579 0.589054 0.042186 0.445269 0.067899 0.571429 0.067095
0 0.507885 0.088389 0.115955 0.029731 0.449907 0.076738 0.565863 0.073524 0.451763 0.103254 0.565863 0.103254
0 0.499072 0.130775 0.107607 0.038168 0.445269 0.114102 0.552876 0.111691 0.457328 0.149859 0.551020 0.148252
0 0.510204 0.179590 0.126160 0.040980 0.454545 0.159100 0.571429 0.169546 0.447124 0.196464 0.573284 0.200080
0 0.504174 0.227802 0.140074 0.032141 0.445269 0.211732 0.574211 0.216151 0.434137 0.242266 0.562152 0.243873
0 0.496753 0.274006 0.136364 0.036159 0.437848 0.257533 0.564935 0.255926 0.428571 0.290478 0.564007 0.292085
0 0.496753 0.323423 0.138219 0.038570 0.432282 0.304138 0.555659 0.307352 0.427644 0.339896 0.565863 0.342708
0 0.492115 0.373644 0.156772 0.043391 0.430427 0.351949 0.563080 0.358779 0.413729 0.391724 0.570501 0.395339
0 0.481447 0.424468 0.157699 0.032543 0.414657 0.408196 0.560297 0.411812 0.402597 0.435918 0.560297 0.440739
0 0.471243 0.480715 0.192950 0.042186 0.396104 0.459622 0.567718 0.468863 0.374768 0.491764 0.556586 0.501808
0 0.455009 0.538570 0.192022 0.048614 0.371985 0.514263 0.551020 0.525914 0.358998 0.548815 0.519481 0.562877
0 0.423006 0.595219 0.159555 0.041382 0.358070 0.574528 0.502783 0.580153 0.343228 0.612294 0.487013 0.615910
0 0.401670 0.658297 0.157699 0.039775 0.322820 0.638409 0.480519 0.642427 0.332096 0.676979 0.465677 0.678184
0 0.391930 0.724186 0.164193 0.046203 0.309833 0.701085 0.474026 0.703897 0.325603 0.747288 0.474026 0.740860
0 0.407236 0.793290 0.189239 0.059863 0.312616 0.776215 0.487941 0.763359 0.332096 0.823222 0.501855 0.811973
0 0.429499 0.860988 0.198516 0.053033 0.330241 0.848132 0.516698 0.834472 0.350649 0.887505 0.528757 0.874247
0 0.467069 0.922861 0.190167 0.041784 0.371985 0.910808 0.552876 0.901969 0.385900 0.943753 0.562152 0.934110