0 0.512764 0.081651 0.139845 0.033199 0.442841 0.065052 0.582686 0.068192 0.447281 0.094213 0.576027 0.098250
0 0.506104 0.120009 0.128746 0.031853 0.447281 0.104083 0.570477 0.107223 0.441731 0.133244 0.568258 0.135935
0 0.497225 0.166891 0.119867 0.043966 0.443951 0.144908 0.557159 0.146254 0.437292 0.178555 0.543840 0.188874
0 0.493341 0.212876 0.116537 0.039928 0.437292 0.192912 0.540511 0.198295 0.435072 0.225213 0.551609 0.232840
0 0.478357 0.258860 0.137625 0.042171 0.432852 0.237775 0.547170 0.244504 0.409545 0.275908 0.514983 0.279946
0 0.451720 0.299686 0.126526 0.028712 0.409545 0.285330 0.514983 0.289367 0.388457 0.314042 0.503885 0.314042
0 0.446726 0.345895 0.125416 0.034993 0.398446 0.330642 0.509434 0.328398 0.384018 0.363392 0.504994 0.362494
0 0.434517 0.397488 0.125416 0.037685 0.386238 0.381337 0.487236 0.378645 0.371809 0.416330 0.497225 0.414536
0 0.455050 0.450875 0.126526 0.045760 0.394007 0.433827 0.506104 0.427995 0.391787 0.473755 0.518313 0.469717
0 0.468368 0.503140 0.137625 0.048004 0.399556 0.488560 0.528302 0.479139 0.402886 0.527142 0.537181 0.519964
0 0.500555 0.558098 0.162042 0.047555 0.419534 0.540601 0.551609 0.534320 0.423973 0.581875 0.581576 0.571557
0 0.519423 0.617317 0.159822 0.047555 0.439512 0.597577 0.577137 0.593540 0.443951 0.641095 0.599334 0.633019
0 0.532186 0.676088 0.163152 0.043069 0.456160 0.656797 0.613762 0.654554 0.450610 0.694930 0.600444 0.697622
0 0.523307 0.741140 0.172031 0.044863 0.448391 0.718708 0.609323 0.722297 0.437292 0.755047 0.584906 0.763571
0 0.497780 0.805967 0.200888 0.050695 0.427303 0.780619 0.598224 0.787797 0.397336 0.817856 0.571587 0.831315
0 0.463929 0.873935 0.224195 0.058322 0.377358 0.844773 0.576027 0.857335 0.351831 0.890534 0.560488 0.903096
0 0.440622 0.935846 0.199778 0.044863 0.360710 0.913414 0.521643 0.916106 0.340733 0.956931 0.540511 0.958277