0 0.535461 0.044118 0.175279 0.029412 0.447822 0.034170 0.623100 0.029412 0.460993 0.057526 0.614995 0.058824
0 0.543060 0.083045 0.151976 0.035467 0.467072 0.070069 0.617021 0.065311 0.476190 0.098183 0.619048 0.100779
0 0.544073 0.133002 0.158055 0.048875 0.482269 0.108564 0.623100 0.112024 0.465046 0.141436 0.601824 0.157439
0 0.512665 0.185986 0.174265 0.064879 0.463019 0.153547 0.599797 0.167388 0.425532 0.196799 0.566363 0.218426
0 0.467072 0.235727 0.176292 0.063149 0.416413 0.204152 0.555218 0.228806 0.378926 0.236159 0.500507 0.267301
0 0.385005 0.276384 0.186424 0.064014 0.363728 0.244377 0.478217 0.277249 0.291793 0.273789 0.390071 0.308391
0 0.288247 0.320285 0.191489 0.068772 0.254306 0.285900 0.383992 0.318772 0.192503 0.322664 0.326241 0.354671
0 0.230496 0.367215 0.175279 0.055363 0.170213 0.339533 0.318136 0.361159 0.142857 0.382785 0.292806 0.394896
0 0.228470 0.427984 0.173252 0.054066 0.141844 0.402249 0.295846 0.400952 0.147923 0.455017 0.315096 0.442907
0 0.267477 0.485294 0.212766 0.073529 0.161094 0.470156 0.320162 0.448529 0.216819 0.522059 0.373860 0.478806
0 0.352077 0.528547 0.217832 0.079585 0.243161 0.528979 0.385005 0.488754 0.326241 0.568339 0.460993 0.518166
0 0.465046 0.573313 0.259372 0.086073 0.335360 0.577855 0.499493 0.530277 0.367781 0.616349 0.594732 0.571367
0 0.534448 0.628028 0.262411 0.079585 0.403242 0.625865 0.613982 0.588235 0.458967 0.667820 0.665653 0.647059
0 0.579534 0.701341 0.220871 0.061851 0.469098 0.678633 0.679838 0.670415 0.483283 0.729671 0.689970 0.732266
0 0.567882 0.782656 0.244174 0.075692 0.485309 0.744810 0.689970 0.761246 0.445795 0.803201 0.663627 0.820502
0 0.513171 0.863106 0.242148 0.080017 0.436677 0.823097 0.634245 0.836505 0.392097 0.881488 0.610942 0.903114
0 0.451874 0.932310 0.299899 0.073097 0.344478 0.895761 0.601824 0.916955 0.301925 0.951990 0.571429 0.968858