0 0.486857 0.093600 0.157714 0.031345 0.408000 0.085329 0.565714 0.077928 0.420571 0.109273 0.565714 0.101872
0 0.503429 0.130170 0.152000 0.030475 0.427429 0.121027 0.568000 0.114933 0.436571 0.145407 0.579429 0.137571
0 0.522857 0.168916 0.136000 0.035699 0.454857 0.158032 0.584000 0.151067 0.459429 0.186765 0.590857 0.184589
0 0.528571 0.209839 0.142857 0.022638 0.466286 0.198520 0.600000 0.198520 0.457143 0.220723 0.587429 0.221158
0 0.515429 0.249238 0.128000 0.033522 0.457143 0.232477 0.578286 0.235960 0.451429 0.256421 0.579429 0.265999
0 0.493143 0.287984 0.131429 0.031781 0.442286 0.272094 0.558857 0.277318 0.427429 0.292556 0.548571 0.303875
0 0.472000 0.329560 0.139429 0.036569 0.430857 0.311276 0.541714 0.320853 0.402286 0.337397 0.539429 0.347845
0 0.452571 0.369830 0.144000 0.032651 0.400000 0.353505 0.524571 0.356117 0.380571 0.382673 0.520000 0.386156
0 0.452000 0.410100 0.124571 0.031345 0.389714 0.394428 0.510857 0.398346 0.392000 0.425773 0.514286 0.425337
0 0.464000 0.457336 0.130286 0.037875 0.400000 0.440139 0.513143 0.438398 0.398857 0.476273 0.529143 0.473661
0 0.468571 0.510666 0.146286 0.040052 0.395429 0.492381 0.525714 0.490640 0.404571 0.530692 0.541714 0.525033
0 0.481143 0.562255 0.162286 0.044841 0.400000 0.545929 0.544000 0.539835 0.402286 0.584676 0.562286 0.581628
0 0.484000 0.620592 0.165714 0.040488 0.401143 0.602090 0.560000 0.600348 0.417143 0.640836 0.566857 0.640836
0 0.480000 0.685024 0.166857 0.043970 0.398857 0.665215 0.563429 0.663039 0.396571 0.698738 0.562286 0.707009
0 0.476000 0.748803 0.197714 0.051371 0.380571 0.723117 0.574857 0.729647 0.377143 0.765346 0.572571 0.774488
0 0.468000 0.810187 0.193143 0.044406 0.374857 0.787984 0.564571 0.793209 0.371429 0.831084 0.558857 0.832390
0 0.452571 0.869177 0.180571 0.035263 0.365714 0.852852 0.538286 0.851546 0.362286 0.886809 0.542857 0.886809