0 0.490786 0.064483 0.209505 0.017717 0.386033 0.059333 0.592629 0.055624 0.387973 0.073342 0.595538 0.069633
0 0.488361 0.088381 0.196896 0.021838 0.389913 0.084054 0.586809 0.077462 0.407371 0.099300 0.575170 0.095591
0 0.497575 0.125051 0.161009 0.030078 0.417071 0.112485 0.578080 0.110012 0.432590 0.140091 0.575170 0.136382
0 0.518429 0.167285 0.121242 0.026370 0.458778 0.156160 0.579049 0.154100 0.457808 0.180470 0.579049 0.180058
0 0.519399 0.218789 0.123181 0.036259 0.472357 0.200659 0.580989 0.201483 0.457808 0.236918 0.579049 0.233622
0 0.516004 0.268026 0.129971 0.030078 0.452958 0.252987 0.578080 0.253811 0.451018 0.281417 0.580989 0.283066
0 0.515034 0.319530 0.131911 0.030078 0.450049 0.304903 0.579049 0.304491 0.449079 0.334569 0.580989 0.332097
0 0.523763 0.360527 0.141610 0.040379 0.456838 0.343634 0.578080 0.340338 0.452958 0.380717 0.594568 0.379069
0 0.530553 0.416358 0.141610 0.039967 0.459748 0.398434 0.596508 0.396374 0.464597 0.436341 0.601358 0.436341
0 0.538312 0.469304 0.147430 0.037907 0.464597 0.450350 0.599418 0.451586 0.471387 0.487433 0.612027 0.488257
0 0.538797 0.523692 0.150339 0.042851 0.466537 0.505974 0.612027 0.502266 0.463628 0.545117 0.613967 0.544705
0 0.543162 0.581994 0.157129 0.049032 0.469447 0.557478 0.621726 0.559951 0.464597 0.599918 0.615907 0.606510
0 0.530068 0.640709 0.167798 0.050268 0.458778 0.615575 0.613967 0.622579 0.446169 0.651010 0.599418 0.665843
0 0.501455 0.696333 0.184287 0.057684 0.433560 0.667491 0.593598 0.684796 0.409311 0.702101 0.555771 0.725175
0 0.457808 0.752163 0.199806 0.061393 0.386033 0.721467 0.557711 0.740420 0.357905 0.764730 0.514064 0.782860
0 0.408341 0.822208 0.192047 0.063865 0.331717 0.790276 0.504365 0.801401 0.312318 0.833539 0.487876 0.854141
0 0.376819 0.888958 0.185257 0.038319 0.297769 0.869798 0.469447 0.878863 0.284190 0.903997 0.468477 0.908117