0 0.741060 0.045360 0.205298 0.049248 0.642384 0.020736 0.843709 0.029549 0.638411 0.059098 0.819868 0.069984
0 0.716556 0.100311 0.203974 0.060653 0.626490 0.069984 0.818543 0.079316 0.614570 0.119233 0.810596 0.130638
0 0.703974 0.158113 0.197351 0.052877 0.610596 0.131674 0.802649 0.138414 0.605298 0.175220 0.794702 0.184552
0 0.687417 0.214360 0.201325 0.051322 0.602649 0.188699 0.788079 0.195438 0.586755 0.230689 0.772185 0.240021
0 0.663576 0.265941 0.201325 0.057024 0.586755 0.237429 0.764238 0.249352 0.562914 0.275272 0.740397 0.294453
0 0.633775 0.319855 0.213245 0.067392 0.562914 0.286159 0.740397 0.305858 0.527152 0.329705 0.701987 0.353551
0 0.584768 0.374806 0.226490 0.069466 0.520530 0.340073 0.698013 0.362364 0.471523 0.379471 0.652980 0.409539
0 0.523179 0.423276 0.233113 0.074132 0.458278 0.386210 0.639735 0.417315 0.406623 0.422499 0.589404 0.460342
0 0.456291 0.466822 0.258278 0.072058 0.397351 0.430793 0.585430 0.468118 0.327152 0.469155 0.503311 0.502851
0 0.367550 0.513478 0.255629 0.078279 0.312583 0.474339 0.495364 0.508035 0.239735 0.520995 0.441060 0.552618
0 0.305298 0.568429 0.258278 0.082426 0.235762 0.527216 0.434437 0.559357 0.176159 0.567652 0.380132 0.609642
0 0.225166 0.612494 0.286093 0.058580 0.117881 0.583204 0.368212 0.600311 0.082119 0.627786 0.339073 0.641783
0 0.201987 0.680404 0.263576 0.072058 0.074172 0.644375 0.324503 0.649559 0.070199 0.716433 0.333775 0.702437
0 0.241060 0.765941 0.288742 0.095905 0.096689 0.752722 0.336424 0.717989 0.139073 0.813893 0.385430 0.778123
0 0.364238 0.839036 0.402649 0.101089 0.162914 0.827890 0.397351 0.788491 0.260927 0.889580 0.565563 0.829964
0 0.479470 0.879212 0.368212 0.093313 0.295364 0.899948 0.577483 0.832556 0.348344 0.925868 0.663576 0.849663
0 0.598675 0.909798 0.415894 0.110938 0.390728 0.936236 0.688742 0.854329 0.480795 0.965267 0.806623 0.876620