0 0.489051 0.098047 0.148071 0.043124 0.415016 0.085435 0.563087 0.076485 0.429614 0.119609 0.559958 0.108625
0 0.495308 0.133035 0.137643 0.026037 0.429614 0.128967 0.555787 0.120016 0.426486 0.146054 0.564129 0.142392
0 0.494265 0.167209 0.139729 0.028478 0.424400 0.164768 0.564129 0.152970 0.437956 0.181448 0.555787 0.176159
0 0.502086 0.196908 0.134515 0.021155 0.434828 0.190399 0.569343 0.186330 0.434828 0.207486 0.568300 0.206672
0 0.504692 0.230879 0.143900 0.020749 0.432742 0.222132 0.574557 0.220504 0.437956 0.238405 0.576642 0.241253
0 0.511470 0.269528 0.153285 0.039463 0.434828 0.249797 0.574557 0.250203 0.438999 0.283157 0.588113 0.289260
0 0.499479 0.314687 0.154327 0.034581 0.434828 0.297396 0.576642 0.304312 0.422315 0.327095 0.574557 0.331977
0 0.484880 0.362897 0.162669 0.043124 0.417101 0.341334 0.566215 0.348251 0.403545 0.379577 0.561001 0.384459
0 0.478624 0.415582 0.166840 0.045159 0.399374 0.393002 0.561001 0.400325 0.395203 0.432059 0.562044 0.438161
0 0.463504 0.473963 0.182482 0.043938 0.372263 0.451993 0.554745 0.459723 0.376434 0.488609 0.538060 0.495932
0 0.454640 0.534174 0.181439 0.039056 0.363921 0.514646 0.545360 0.517087 0.363921 0.552889 0.531804 0.553702
0 0.446298 0.603743 0.175182 0.047193 0.358707 0.585435 0.533889 0.580146 0.372263 0.627339 0.529718 0.621644
0 0.469239 0.671277 0.202294 0.056143 0.368092 0.650529 0.541189 0.643206 0.379562 0.699349 0.570386 0.693247
0 0.494786 0.744508 0.199166 0.056143 0.396246 0.726607 0.573514 0.716436 0.395203 0.772579 0.594369 0.768918
0 0.508342 0.820586 0.207508 0.040683 0.404588 0.801058 0.599583 0.800244 0.406674 0.837673 0.612096 0.840928
0 0.506778 0.875102 0.210636 0.033360 0.410845 0.860049 0.604797 0.858422 0.401460 0.891782 0.612096 0.890155
0 0.503128 0.924329 0.194995 0.037429 0.408759 0.907649 0.600626 0.905614 0.405631 0.942229 0.595412 0.943043