0 0.463855 0.050910 0.144578 0.022842 0.391566 0.042586 0.528399 0.039489 0.395869 0.062331 0.536145 0.056136
0 0.463855 0.079752 0.130809 0.024777 0.398451 0.070848 0.529260 0.067364 0.405336 0.092141 0.525818 0.089818
0 0.466007 0.111111 0.116179 0.030972 0.407917 0.099497 0.524096 0.095625 0.413941 0.126597 0.522375 0.124274
0 0.468158 0.154665 0.106713 0.036005 0.414802 0.139760 0.521515 0.136663 0.421687 0.172667 0.520654 0.171506
0 0.463855 0.208285 0.120482 0.043360 0.416523 0.186605 0.524096 0.188540 0.403614 0.228417 0.514630 0.229965
0 0.456971 0.262098 0.123924 0.037166 0.395009 0.243515 0.518072 0.247000 0.400172 0.279520 0.518933 0.280681
0 0.448365 0.309911 0.125645 0.035230 0.419105 0.293070 0.503442 0.292296 0.385542 0.327139 0.511188 0.327526
0 0.449225 0.357724 0.130809 0.045683 0.385542 0.334882 0.514630 0.336431 0.383821 0.377855 0.512048 0.380565
0 0.450947 0.409408 0.134251 0.036005 0.383821 0.392567 0.518072 0.391405 0.384682 0.425087 0.512048 0.427410
0 0.443201 0.462060 0.148021 0.040650 0.383821 0.442509 0.511188 0.441734 0.369191 0.481611 0.517212 0.482385
0 0.442341 0.520906 0.151463 0.049168 0.372633 0.497484 0.517212 0.496322 0.366609 0.543941 0.518072 0.545490
0 0.445783 0.580914 0.160069 0.040650 0.368330 0.560588 0.525818 0.562524 0.365749 0.600852 0.514630 0.601239
0 0.422117 0.640534 0.166093 0.044522 0.362306 0.618273 0.505163 0.620983 0.339071 0.662795 0.505163 0.661634
0 0.419966 0.703252 0.163511 0.048393 0.338210 0.682540 0.499139 0.679055 0.352840 0.727449 0.501721 0.725900
0 0.429002 0.770228 0.174699 0.053813 0.341652 0.751839 0.502582 0.743322 0.349398 0.797135 0.516351 0.787844
0 0.443632 0.840496 0.185026 0.064266 0.351119 0.819590 0.525818 0.808362 0.364888 0.872629 0.536145 0.861401
0 0.469880 0.915602 0.182444 0.050329 0.378657 0.897406 0.546472 0.890437 0.401893 0.940767 0.561102 0.929926