0 0.609121 0.038462 0.280130 0.026573 0.469055 0.025175 0.749186 0.026107 0.482085 0.047086 0.728013 0.051748
0 0.603420 0.077156 0.255700 0.043357 0.485342 0.055478 0.731270 0.064802 0.475570 0.081119 0.688925 0.098834
0 0.562704 0.119580 0.239414 0.056410 0.469055 0.091375 0.682410 0.107226 0.442997 0.123077 0.643322 0.147786
0 0.495114 0.163403 0.270358 0.061072 0.433225 0.132867 0.630293 0.156177 0.359935 0.166434 0.534202 0.193939
0 0.399837 0.207459 0.262215 0.065268 0.350163 0.174825 0.530945 0.201399 0.268730 0.208858 0.452769 0.240093
0 0.304560 0.250816 0.283388 0.065268 0.252443 0.218182 0.446254 0.246620 0.162866 0.255012 0.356678 0.283450
0 0.227199 0.300233 0.258958 0.060606 0.143322 0.269930 0.356678 0.291841 0.097720 0.317016 0.320847 0.330536
0 0.199511 0.357343 0.249186 0.044289 0.084691 0.335198 0.324104 0.336131 0.074919 0.379487 0.320847 0.375758
0 0.221498 0.413287 0.280130 0.065734 0.081433 0.398135 0.337134 0.380420 0.110749 0.446154 0.361564 0.425175
0 0.293974 0.465734 0.304560 0.072727 0.141694 0.458275 0.374593 0.429371 0.208469 0.502098 0.446254 0.474592
0 0.399837 0.524009 0.320847 0.082051 0.239414 0.519814 0.465798 0.482984 0.322476 0.565035 0.560261 0.528671
0 0.538274 0.582984 0.353420 0.083450 0.361564 0.576690 0.612378 0.541259 0.434853 0.624709 0.714984 0.587879
0 0.635993 0.642890 0.366450 0.068998 0.452769 0.634965 0.731270 0.608392 0.485342 0.677389 0.819218 0.653613
0 0.674267 0.720047 0.338762 0.060140 0.504886 0.691841 0.828990 0.689977 0.508143 0.743590 0.843648 0.750117
0 0.658795 0.792774 0.356678 0.076923 0.509772 0.754312 0.837134 0.772960 0.480456 0.807459 0.802932 0.831235
0 0.583876 0.869231 0.405537 0.084382 0.462541 0.827040 0.786645 0.853147 0.381107 0.882517 0.741042 0.911422
0 0.524430 0.927040 0.436482 0.068531 0.368078 0.892774 0.742671 0.923077 0.306189 0.937995 0.716612 0.961305