0 0.624545 0.046682 0.263636 0.031122 0.503636 0.031122 0.756364 0.035819 0.492727 0.052848 0.745455 0.062243
0 0.620000 0.081621 0.272727 0.031709 0.483636 0.065766 0.756364 0.072225 0.492727 0.093365 0.730909 0.097475
0 0.613636 0.117733 0.249091 0.026424 0.490909 0.104521 0.738182 0.109219 0.489091 0.129184 0.720000 0.130945
0 0.592727 0.159718 0.218182 0.030534 0.483636 0.144451 0.701818 0.148561 0.489091 0.167352 0.694545 0.174985
0 0.587273 0.199648 0.207273 0.027011 0.490909 0.186142 0.683636 0.188491 0.483636 0.212566 0.690909 0.213153
0 0.580909 0.244568 0.201818 0.026424 0.480000 0.231356 0.681818 0.233705 0.481818 0.257780 0.676364 0.256019
0 0.574545 0.289196 0.214545 0.026424 0.481818 0.276571 0.672727 0.275984 0.467273 0.302408 0.681818 0.301233
0 0.583636 0.334116 0.218182 0.028186 0.476364 0.320023 0.680000 0.320023 0.474545 0.348209 0.692727 0.348209
0 0.587273 0.381973 0.210909 0.033470 0.481818 0.365238 0.690909 0.368174 0.485455 0.389900 0.692727 0.398708
0 0.578182 0.430417 0.232727 0.030534 0.472727 0.415150 0.694545 0.422783 0.461818 0.433940 0.685455 0.445684
0 0.547273 0.479742 0.236364 0.042278 0.443636 0.458602 0.660000 0.472108 0.429091 0.482090 0.665455 0.500881
0 0.519091 0.531122 0.260000 0.051086 0.405455 0.505578 0.649091 0.520846 0.389091 0.539636 0.623636 0.556665
0 0.476364 0.587786 0.280000 0.051674 0.360000 0.561949 0.616364 0.579565 0.336364 0.596594 0.596364 0.613623
0 0.442727 0.649149 0.267273 0.049912 0.310909 0.624193 0.576364 0.639460 0.309091 0.662948 0.536364 0.674105
0 0.392727 0.716676 0.240000 0.041691 0.274545 0.695831 0.512727 0.697592 0.272727 0.734586 0.510909 0.737522
0 0.400909 0.789783 0.278182 0.051674 0.261818 0.769818 0.510909 0.763946 0.281818 0.815619 0.540000 0.808573
0 0.437273 0.857017 0.274545 0.041691 0.300000 0.844392 0.545455 0.836171 0.338182 0.877863 0.574545 0.859659