0 0.545201 0.066876 0.159598 0.026415 0.465402 0.054927 0.625000 0.053669 0.465402 0.080084 0.619420 0.078826
0 0.545759 0.108595 0.142857 0.036897 0.474330 0.091405 0.617188 0.090147 0.478795 0.122432 0.606027 0.127044
0 0.541295 0.153040 0.151786 0.035220 0.470982 0.135430 0.617188 0.136688 0.465402 0.163941 0.606027 0.170650
0 0.520089 0.194759 0.140625 0.041509 0.469866 0.174004 0.590402 0.181971 0.449777 0.196646 0.570312 0.215514
0 0.483817 0.230398 0.143973 0.044025 0.444196 0.208386 0.555804 0.225577 0.411830 0.237736 0.526786 0.252411
0 0.435268 0.268344 0.154018 0.040252 0.391741 0.248218 0.512277 0.263732 0.358259 0.274633 0.470982 0.288470
0 0.381696 0.308386 0.149554 0.038994 0.343750 0.288889 0.456473 0.297694 0.306920 0.317400 0.435268 0.327883
0 0.358259 0.356604 0.151786 0.038155 0.296875 0.337526 0.434152 0.339623 0.282366 0.371908 0.419643 0.375681
0 0.363281 0.409644 0.148438 0.040252 0.289062 0.389518 0.422991 0.389518 0.292411 0.429769 0.437500 0.419287
0 0.397321 0.456394 0.178571 0.054088 0.308036 0.442348 0.448661 0.429350 0.344866 0.483438 0.486607 0.466247
0 0.448661 0.507757 0.191964 0.059539 0.352679 0.493920 0.501116 0.477987 0.385045 0.537526 0.544643 0.519497
0 0.498884 0.564780 0.212054 0.065409 0.392857 0.550105 0.554688 0.532075 0.411830 0.597484 0.604911 0.579455
0 0.535714 0.627044 0.187500 0.061635 0.441964 0.610482 0.611607 0.596226 0.458705 0.657862 0.629464 0.648218
0 0.555804 0.694130 0.198661 0.054088 0.456473 0.674214 0.640625 0.667086 0.460938 0.721174 0.655134 0.720755
0 0.547991 0.765409 0.209821 0.056604 0.463170 0.737107 0.652902 0.742138 0.443080 0.785325 0.645089 0.793711
0 0.529018 0.835849 0.225446 0.061635 0.434152 0.805031 0.641741 0.814256 0.416295 0.862055 0.635045 0.866667
0 0.511161 0.907338 0.258929 0.054507 0.407366 0.880084 0.640625 0.884696 0.381696 0.930818 0.640625 0.934591