0 0.453625 0.079707 0.118337 0.026017 0.394456 0.070482 0.512793 0.066698 0.398721 0.092715 0.511727 0.082781
0 0.466951 0.106197 0.121535 0.027909 0.406183 0.101230 0.515991 0.092242 0.424307 0.120151 0.527719 0.112583
0 0.477079 0.141675 0.118337 0.025071 0.417910 0.134342 0.529851 0.129139 0.431770 0.154210 0.536247 0.146168
0 0.486674 0.173132 0.109808 0.031220 0.431770 0.164144 0.535181 0.157521 0.440298 0.188742 0.541578 0.182592
0 0.495203 0.205535 0.105544 0.024125 0.442431 0.199622 0.547974 0.193472 0.442431 0.217597 0.547974 0.213340
0 0.502132 0.242195 0.123667 0.024598 0.440298 0.230369 0.551173 0.229896 0.448827 0.254494 0.563966 0.252129
0 0.501599 0.284059 0.131130 0.030747 0.448827 0.275780 0.554371 0.268685 0.436034 0.296594 0.567164 0.299432
0 0.503198 0.327578 0.130064 0.037370 0.438166 0.308893 0.568230 0.311258 0.443497 0.343425 0.567164 0.346263
0 0.503198 0.378666 0.149254 0.043046 0.438166 0.357143 0.569296 0.357616 0.428571 0.398297 0.577825 0.400189
0 0.503198 0.431173 0.155650 0.033586 0.425373 0.414380 0.581023 0.414380 0.436034 0.443236 0.577825 0.447966
0 0.503731 0.484863 0.158849 0.043519 0.424307 0.463103 0.577825 0.468307 0.424307 0.501892 0.583156 0.506622
0 0.498401 0.546594 0.173774 0.043992 0.411514 0.524598 0.585288 0.530747 0.436034 0.565752 0.572495 0.568590
0 0.492004 0.612819 0.171642 0.041154 0.411514 0.592242 0.577825 0.595080 0.406183 0.631031 0.561834 0.633396
0 0.494136 0.676916 0.167377 0.047304 0.410448 0.655156 0.577825 0.653264 0.416844 0.699149 0.575693 0.700568
0 0.500533 0.748108 0.178038 0.049669 0.411514 0.723273 0.589552 0.724220 0.412580 0.769631 0.574627 0.772942
0 0.485075 0.819300 0.172708 0.052034 0.409382 0.793283 0.563966 0.794229 0.398721 0.845317 0.571429 0.844371
0 0.482942 0.876537 0.183369 0.035005 0.396588 0.859508 0.574627 0.859035 0.391258 0.894040 0.571429 0.891675