0 0.478936 0.037701 0.175166 0.032550 0.391353 0.028842 0.562084 0.021426 0.406874 0.053976 0.566519 0.050680
0 0.487805 0.075814 0.161863 0.037083 0.406874 0.063453 0.568736 0.057272 0.410200 0.094355 0.564302 0.092707
0 0.491685 0.118459 0.158537 0.041615 0.412417 0.103008 0.567627 0.097651 0.422395 0.139267 0.570953 0.133498
0 0.509423 0.159044 0.169623 0.041203 0.424612 0.145447 0.575388 0.138443 0.432373 0.179646 0.594235 0.174701
0 0.524390 0.204162 0.186253 0.048208 0.434590 0.186650 0.598670 0.180058 0.431264 0.228265 0.617517 0.221673
0 0.541020 0.247631 0.206208 0.044499 0.437916 0.231562 0.621951 0.225381 0.450111 0.269881 0.644124 0.267408
0 0.536031 0.301195 0.220621 0.054388 0.446785 0.274001 0.646341 0.278121 0.425721 0.307375 0.641907 0.328389
0 0.511641 0.349403 0.256098 0.065925 0.415743 0.316440 0.639690 0.337454 0.383592 0.362588 0.616408 0.382365
0 0.490022 0.406469 0.252772 0.070457 0.410200 0.371240 0.616408 0.389782 0.363636 0.416152 0.586474 0.441698
0 0.437361 0.460239 0.278271 0.074166 0.354767 0.423156 0.576497 0.450350 0.298226 0.465595 0.523282 0.497322
0 0.371397 0.510919 0.272727 0.073342 0.280488 0.474248 0.507761 0.505150 0.235033 0.524516 0.467849 0.547590
0 0.333149 0.572518 0.269401 0.061393 0.219512 0.541821 0.467849 0.550474 0.198448 0.592501 0.450111 0.603214
0 0.308758 0.630408 0.278271 0.061805 0.190687 0.599506 0.447894 0.605274 0.169623 0.661310 0.442350 0.659662
0 0.332594 0.699011 0.332594 0.072930 0.166297 0.683560 0.442350 0.662546 0.219512 0.735476 0.498891 0.696745
0 0.412417 0.758550 0.334812 0.104656 0.245011 0.759374 0.512195 0.706222 0.347007 0.810878 0.579823 0.744129
0 0.528825 0.808611 0.337029 0.110836 0.360310 0.819942 0.601996 0.753193 0.467849 0.864030 0.697339 0.798517
0 0.665188 0.872682 0.343681 0.106304 0.493348 0.873506 0.743902 0.819530 0.584257 0.925834 0.837029 0.869798