0 0.440909 0.046875 0.202273 0.024493 0.339773 0.035051 0.542045 0.034628 0.351136 0.055321 0.530682 0.059122
0 0.443750 0.077280 0.176136 0.029561 0.355682 0.062500 0.531818 0.063767 0.355682 0.088260 0.517045 0.092061
0 0.434091 0.114865 0.159091 0.033784 0.354545 0.097973 0.513636 0.102196 0.354545 0.127956 0.505682 0.131757
0 0.430114 0.160473 0.144318 0.035473 0.357955 0.142736 0.498864 0.145693 0.362500 0.173986 0.502273 0.178209
0 0.410795 0.218117 0.169318 0.058699 0.355682 0.188767 0.495455 0.195524 0.326136 0.229730 0.479545 0.247466
0 0.373295 0.272382 0.198864 0.057432 0.314773 0.243666 0.472727 0.263936 0.273864 0.278294 0.432955 0.301098
0 0.323864 0.321368 0.211364 0.057432 0.255682 0.292652 0.429545 0.311655 0.218182 0.331081 0.393182 0.350084
0 0.282386 0.373100 0.212500 0.051943 0.204545 0.347128 0.388636 0.358953 0.176136 0.388514 0.372727 0.399071
0 0.276136 0.428209 0.193182 0.052365 0.179545 0.402027 0.367045 0.404983 0.181818 0.454392 0.372727 0.442145
0 0.300568 0.489231 0.228409 0.072213 0.186364 0.472973 0.384091 0.453125 0.220455 0.525338 0.414773 0.496199
0 0.362500 0.538640 0.263636 0.070524 0.230682 0.534206 0.421591 0.503378 0.278409 0.573902 0.494318 0.538851
0 0.445455 0.588682 0.281818 0.080236 0.304545 0.584882 0.512500 0.548564 0.354545 0.628801 0.586364 0.589527
0 0.516477 0.639358 0.280682 0.075169 0.376136 0.638514 0.604545 0.601774 0.425000 0.676943 0.656818 0.645693
0 0.569886 0.698269 0.267045 0.071368 0.436364 0.690034 0.667045 0.662584 0.476136 0.733953 0.703409 0.719172
0 0.603409 0.770481 0.275000 0.061233 0.465909 0.746622 0.729545 0.739865 0.473864 0.801098 0.740909 0.795186
0 0.585795 0.849662 0.282955 0.066723 0.462500 0.816301 0.727273 0.824324 0.444318 0.874578 0.721591 0.883024
0 0.558523 0.925887 0.342045 0.064611 0.436364 0.893581 0.729545 0.903716 0.387500 0.938767 0.729545 0.958193