0 0.469807 0.054422 0.149758 0.028257 0.394928 0.040293 0.544686 0.043433 0.399758 0.066981 0.539855 0.068550
0 0.463164 0.102564 0.131643 0.035583 0.399758 0.084772 0.528986 0.089482 0.397343 0.120356 0.521739 0.120356
0 0.461353 0.152015 0.125604 0.038200 0.398551 0.132915 0.522947 0.141287 0.398551 0.170591 0.524155 0.171115
0 0.461957 0.198587 0.136473 0.029827 0.393720 0.183673 0.528986 0.186290 0.393720 0.213501 0.530193 0.213501
0 0.463164 0.245945 0.150966 0.034537 0.390097 0.228676 0.535024 0.229199 0.387681 0.263213 0.538647 0.263213
0 0.471618 0.294872 0.148551 0.035060 0.397343 0.277342 0.533816 0.279435 0.405797 0.312402 0.545894 0.310832
0 0.472826 0.343014 0.141304 0.037153 0.402174 0.332287 0.543478 0.324437 0.405797 0.361591 0.543478 0.361591
0 0.478865 0.389325 0.141304 0.031397 0.408213 0.377813 0.549517 0.373626 0.409420 0.405024 0.545894 0.398744
0 0.479469 0.435113 0.147343 0.038200 0.413043 0.418106 0.543478 0.416013 0.405797 0.454212 0.553140 0.449503
0 0.473430 0.488226 0.159420 0.040816 0.394928 0.467818 0.553140 0.467818 0.393720 0.504971 0.553140 0.508634
0 0.471014 0.549189 0.178744 0.046572 0.386473 0.525903 0.560386 0.535322 0.381643 0.565149 0.553140 0.572475
0 0.454106 0.615385 0.188406 0.038723 0.370773 0.596023 0.548309 0.598639 0.359903 0.626374 0.542271 0.634746
0 0.439010 0.671115 0.187198 0.035060 0.352657 0.653585 0.532609 0.658294 0.345411 0.680272 0.527778 0.688645
0 0.429952 0.732862 0.190821 0.046572 0.334541 0.709576 0.525362 0.721612 0.334541 0.749346 0.515700 0.756149
0 0.416063 0.791209 0.179952 0.039770 0.327295 0.771324 0.506039 0.779173 0.326087 0.811094 0.493961 0.810570
0 0.408816 0.833333 0.170290 0.027734 0.333333 0.819466 0.493961 0.819990 0.323671 0.845631 0.484300 0.847200
0 0.408816 0.881214 0.165459 0.041863 0.326087 0.860283 0.483092 0.861329 0.330918 0.895343 0.491546 0.902145