0 0.572077 0.043732 0.181612 0.029424 0.484677 0.029021 0.662883 0.031439 0.481271 0.053607 0.653803 0.058444
0 0.561294 0.078396 0.178207 0.034260 0.484677 0.061266 0.650397 0.066505 0.472191 0.087868 0.643587 0.095526
0 0.548241 0.118501 0.181612 0.044337 0.474461 0.096332 0.639047 0.106812 0.457435 0.122531 0.615210 0.140669
0 0.511351 0.158605 0.182747 0.052801 0.457435 0.132205 0.602724 0.151552 0.419977 0.164047 0.559591 0.185006
0 0.463678 0.201330 0.175936 0.053607 0.412032 0.174526 0.551646 0.192664 0.375709 0.203547 0.511918 0.228134
0 0.414869 0.244256 0.171396 0.056429 0.362089 0.216042 0.500568 0.233374 0.329171 0.255542 0.456300 0.272471
0 0.368331 0.289802 0.175936 0.044337 0.293984 0.267634 0.456300 0.276098 0.280363 0.309956 0.451759 0.311971
0 0.375709 0.340588 0.190692 0.046755 0.280363 0.321644 0.452894 0.317211 0.291714 0.363966 0.471056 0.355502
0 0.409194 0.389359 0.221339 0.058847 0.298524 0.376864 0.472191 0.359936 0.346198 0.418783 0.519864 0.394196
0 0.477299 0.437122 0.239501 0.072954 0.357548 0.429262 0.526674 0.400645 0.405221 0.473599 0.597049 0.442160
0 0.562997 0.488110 0.270148 0.074164 0.427923 0.481258 0.611805 0.451028 0.481271 0.525191 0.698070 0.490528
0 0.634506 0.544942 0.276958 0.070133 0.496027 0.534462 0.727582 0.509875 0.532350 0.580008 0.772985 0.559452
0 0.671396 0.610842 0.255392 0.052801 0.543700 0.586860 0.794552 0.584442 0.543700 0.634825 0.799092 0.637243
0 0.640749 0.684804 0.307605 0.074164 0.540295 0.647723 0.794552 0.667876 0.486947 0.697703 0.760499 0.721886
0 0.568104 0.755945 0.305335 0.085852 0.481271 0.713019 0.720772 0.744055 0.415437 0.762596 0.679909 0.798871
0 0.500568 0.830713 0.324631 0.082225 0.390465 0.789601 0.662883 0.811769 0.338252 0.849657 0.626561 0.871826
0 0.443814 0.905482 0.340522 0.061669 0.306470 0.874647 0.614075 0.890367 0.273553 0.930673 0.597049 0.936316