0 0.500000 0.080000 0.190698 0.038545 0.404651 0.060727 0.595349 0.067273 0.429070 0.098545 0.586047 0.099273
0 0.495349 0.124000 0.162791 0.032000 0.419767 0.108000 0.576744 0.112727 0.413953 0.137455 0.570930 0.140000
0 0.488954 0.169091 0.156977 0.037091 0.419767 0.150545 0.567442 0.156364 0.410465 0.178182 0.561628 0.187636
0 0.458721 0.208909 0.182558 0.038909 0.401163 0.189455 0.550000 0.197818 0.367442 0.214182 0.519767 0.228364
0 0.407558 0.250909 0.194186 0.047273 0.344186 0.227273 0.504651 0.245091 0.310465 0.253818 0.465116 0.274545
0 0.357558 0.296364 0.177907 0.043636 0.304651 0.274545 0.446512 0.288000 0.268605 0.305818 0.419767 0.318182
0 0.308721 0.339273 0.177907 0.040727 0.265116 0.318909 0.397674 0.327636 0.219767 0.348364 0.361628 0.359636
0 0.272674 0.385818 0.173256 0.040727 0.206977 0.365455 0.359302 0.369091 0.186047 0.406182 0.352326 0.406182
0 0.270930 0.439273 0.158140 0.041455 0.191860 0.422182 0.340698 0.418545 0.201163 0.460000 0.350000 0.453455
0 0.298256 0.488182 0.175581 0.042545 0.210465 0.475273 0.365116 0.466909 0.222093 0.509455 0.386046 0.498909
0 0.351744 0.539636 0.226744 0.053091 0.238372 0.530182 0.425581 0.513091 0.274419 0.566182 0.465116 0.546182
0 0.431395 0.591273 0.241860 0.061818 0.310465 0.584000 0.489535 0.560364 0.350000 0.622182 0.552326 0.597455
0 0.510465 0.643818 0.230233 0.064364 0.395349 0.634182 0.576744 0.611636 0.446512 0.676000 0.625581 0.648364
0 0.613372 0.706909 0.247674 0.059636 0.489535 0.696000 0.661628 0.677091 0.531395 0.736727 0.737209 0.719636
0 0.668023 0.774909 0.284884 0.052364 0.525581 0.757455 0.761628 0.748727 0.534884 0.801091 0.810465 0.798909
0 0.653488 0.845818 0.293023 0.058909 0.524419 0.816364 0.800000 0.822182 0.506977 0.864727 0.800000 0.875273
0 0.618605 0.915455 0.302326 0.052000 0.479070 0.889455 0.769767 0.900000 0.467442 0.938545 0.751163 0.941455