0 0.503112 0.084229 0.132780 0.037378 0.436722 0.068100 0.569502 0.065540 0.454357 0.102919 0.556017 0.100870
0 0.517116 0.124936 0.123444 0.034818 0.455394 0.113671 0.578838 0.107527 0.457469 0.136713 0.563278 0.142345
0 0.500519 0.166667 0.104772 0.040451 0.458506 0.146441 0.552905 0.153610 0.448133 0.171531 0.544606 0.186892
0 0.484440 0.209165 0.112033 0.044547 0.450207 0.186892 0.540456 0.197133 0.428423 0.217614 0.524896 0.231439
0 0.455913 0.254736 0.127593 0.046595 0.423237 0.231439 0.519710 0.246288 0.392116 0.260113 0.497925 0.278034
0 0.413382 0.297235 0.142116 0.043523 0.372407 0.275474 0.484440 0.291347 0.342324 0.297491 0.450207 0.318996
0 0.376037 0.339734 0.131743 0.044547 0.350622 0.317460 0.441909 0.330261 0.310166 0.343062 0.432573 0.362007
0 0.349585 0.381720 0.141079 0.042499 0.296681 0.360471 0.420124 0.374296 0.279046 0.396313 0.393154 0.402970
0 0.327801 0.430620 0.143154 0.043011 0.269710 0.409114 0.399378 0.414747 0.256224 0.447517 0.379668 0.452125
0 0.317946 0.484639 0.144191 0.035330 0.246888 0.466974 0.385892 0.466974 0.245851 0.502304 0.390042 0.500256
0 0.325726 0.538402 0.153527 0.050691 0.248963 0.516129 0.397303 0.513057 0.258299 0.563748 0.402490 0.548899
0 0.341805 0.599078 0.154564 0.057348 0.264523 0.581157 0.414938 0.570405 0.282158 0.627752 0.419087 0.610343
0 0.387967 0.660266 0.143154 0.051715 0.316390 0.655402 0.451245 0.634409 0.327801 0.686124 0.459544 0.668715
0 0.430498 0.723758 0.159751 0.052739 0.350622 0.720430 0.504149 0.697389 0.371369 0.750128 0.510373 0.729647
0 0.470436 0.786482 0.162863 0.051203 0.389004 0.779826 0.536307 0.760881 0.405602 0.812084 0.551867 0.789555
0 0.496888 0.835381 0.159751 0.046595 0.417012 0.830005 0.562241 0.812084 0.422199 0.858679 0.576764 0.844342
0 0.514004 0.894265 0.160788 0.047619 0.433610 0.876088 0.581950 0.870456 0.433610 0.918075 0.594398 0.913466