0 0.495278 0.035305 0.186779 0.032902 0.410283 0.018854 0.575026 0.021811 0.401889 0.050647 0.588667 0.051756
0 0.490556 0.081701 0.192025 0.039187 0.410283 0.062107 0.586569 0.064325 0.394544 0.093530 0.567681 0.101294
0 0.463799 0.124399 0.188877 0.042514 0.396642 0.103142 0.558237 0.110166 0.369360 0.137523 0.556139 0.145656
0 0.447009 0.168022 0.195173 0.044732 0.371459 0.145656 0.544596 0.155268 0.349423 0.183364 0.524659 0.190388
0 0.416055 0.215712 0.202518 0.050647 0.349423 0.190388 0.517314 0.199261 0.314795 0.229205 0.501574 0.241035
0 0.394544 0.259889 0.209864 0.045841 0.305352 0.236969 0.499475 0.247320 0.289612 0.278743 0.485834 0.282810
0 0.393494 0.304991 0.197272 0.036229 0.296957 0.286876 0.490031 0.288355 0.294858 0.323105 0.492130 0.323105
0 0.398216 0.355823 0.221406 0.051386 0.287513 0.335675 0.495278 0.330129 0.296957 0.381516 0.508919 0.363771
0 0.424449 0.397597 0.223505 0.052865 0.312697 0.387061 0.508919 0.371165 0.337880 0.424030 0.536201 0.407394
0 0.476915 0.445656 0.250787 0.060998 0.351522 0.436229 0.544596 0.415157 0.390346 0.476155 0.602309 0.451386
0 0.528332 0.497043 0.252886 0.069131 0.401889 0.488355 0.613851 0.462477 0.437566 0.531608 0.654774 0.504991
0 0.584995 0.553604 0.284365 0.069871 0.442812 0.546765 0.676810 0.518669 0.485834 0.588540 0.727177 0.562292
0 0.634313 0.613124 0.278069 0.063216 0.495278 0.599261 0.746065 0.581516 0.503673 0.644732 0.773347 0.629575
0 0.640609 0.679298 0.259182 0.051386 0.511018 0.653604 0.770199 0.656192 0.513116 0.696118 0.766002 0.704991
0 0.604407 0.745287 0.291710 0.075416 0.506821 0.707579 0.750262 0.728281 0.458552 0.758226 0.711438 0.782994
0 0.549318 0.806285 0.305352 0.067283 0.447009 0.772643 0.701994 0.797412 0.396642 0.821442 0.663169 0.839926
0 0.504197 0.870425 0.286464 0.062477 0.378804 0.839187 0.647429 0.855823 0.360965 0.895379 0.624344 0.901664