0 0.395455 0.040033 0.177273 0.026961 0.318182 0.026552 0.484091 0.032680 0.306818 0.053513 0.475000 0.048611
0 0.390909 0.078227 0.177273 0.028186 0.311364 0.065359 0.475000 0.064134 0.302273 0.092320 0.479545 0.082925
0 0.394886 0.109886 0.167045 0.026961 0.311364 0.104984 0.473864 0.096405 0.336364 0.123366 0.478409 0.117239
0 0.420455 0.142361 0.147727 0.028186 0.350000 0.135212 0.485227 0.128268 0.346591 0.156454 0.494318 0.149101
0 0.428977 0.176675 0.146591 0.029003 0.355682 0.170343 0.502273 0.162173 0.372727 0.191176 0.497727 0.188725
0 0.436932 0.217933 0.151136 0.029003 0.369318 0.207925 0.509091 0.203431 0.361364 0.229984 0.512500 0.232435
0 0.432386 0.259600 0.180682 0.036356 0.367045 0.241422 0.514773 0.247958 0.342045 0.271242 0.522727 0.277778
0 0.420455 0.302288 0.179545 0.035948 0.345455 0.284314 0.510227 0.289624 0.330682 0.310866 0.495455 0.320261
0 0.410795 0.346405 0.192045 0.038399 0.326136 0.327206 0.506818 0.336193 0.314773 0.359069 0.484091 0.365605
0 0.395455 0.392974 0.177273 0.035948 0.320455 0.375000 0.471591 0.379493 0.306818 0.402369 0.484091 0.410948
0 0.389205 0.440768 0.182955 0.044118 0.309091 0.418709 0.480682 0.426879 0.297727 0.451389 0.476136 0.462827
0 0.364773 0.492851 0.188636 0.042892 0.296591 0.471405 0.459091 0.482435 0.270455 0.502859 0.448864 0.514297
0 0.348295 0.548407 0.192045 0.046977 0.272727 0.524918 0.438636 0.531863 0.252273 0.570261 0.444318 0.571895
0 0.354545 0.607639 0.213636 0.051062 0.247727 0.593546 0.442045 0.582108 0.267045 0.633170 0.461364 0.623366
0 0.391477 0.673407 0.212500 0.046160 0.285227 0.660948 0.482955 0.650327 0.300000 0.696487 0.497727 0.685866
0 0.422727 0.724469 0.240909 0.040441 0.302273 0.708742 0.517045 0.704248 0.312500 0.744690 0.543182 0.742647
0 0.428977 0.778186 0.244318 0.039216 0.310227 0.758578 0.540909 0.761846 0.306818 0.794118 0.551136 0.797794