0 0.559976 0.034708 0.204406 0.024821 0.457772 0.022297 0.662179 0.023559 0.462668 0.045435 0.648715 0.047118
0 0.552020 0.069626 0.173807 0.029028 0.470012 0.055111 0.638923 0.055532 0.465116 0.081195 0.636475 0.084140
0 0.539168 0.107068 0.177479 0.033235 0.461444 0.090450 0.627907 0.094236 0.450428 0.120740 0.608323 0.123685
0 0.522644 0.151662 0.168911 0.037442 0.454100 0.132941 0.607099 0.134203 0.438188 0.165334 0.587515 0.170383
0 0.498776 0.194994 0.170135 0.043332 0.441860 0.173328 0.583843 0.181321 0.413709 0.207404 0.569155 0.216660
0 0.481640 0.236222 0.165239 0.032394 0.411261 0.220025 0.564259 0.227598 0.399021 0.244005 0.545900 0.252419
0 0.436353 0.299958 0.175031 0.045435 0.379437 0.277240 0.523868 0.284813 0.348837 0.318469 0.518972 0.322676
0 0.439412 0.352125 0.181151 0.043753 0.348837 0.330248 0.522644 0.330248 0.350061 0.374001 0.529988 0.369794
0 0.460832 0.401767 0.201958 0.053008 0.359853 0.385360 0.533660 0.375263 0.369645 0.428271 0.561812 0.417333
0 0.506120 0.456037 0.226438 0.057215 0.392901 0.442154 0.575275 0.427430 0.428397 0.484645 0.619339 0.466554
0 0.556304 0.508204 0.250918 0.063105 0.430845 0.499369 0.634027 0.476651 0.466340 0.539756 0.681763 0.519983
0 0.593023 0.572781 0.253366 0.054270 0.466340 0.553639 0.705018 0.545646 0.482252 0.594867 0.719706 0.599916
0 0.597307 0.639041 0.276622 0.066470 0.495716 0.605806 0.735618 0.627261 0.458996 0.648717 0.697674 0.672276
0 0.531212 0.701935 0.279070 0.078671 0.433293 0.662600 0.670747 0.695414 0.391677 0.709297 0.605875 0.741270
0 0.433293 0.763778 0.305998 0.074464 0.347613 0.726546 0.586291 0.751367 0.280294 0.777030 0.552020 0.801010
0 0.392901 0.835297 0.286414 0.078671 0.274174 0.795961 0.536108 0.818679 0.249694 0.861590 0.515300 0.874632
0 0.376377 0.904922 0.307222 0.053849 0.244798 0.877997 0.517748 0.883467 0.222766 0.923433 0.529988 0.931847