0 0.476000 0.050552 0.134000 0.033985 0.409000 0.040782 0.543000 0.033560 0.428000 0.067545 0.543000 0.061172
0 0.495500 0.087298 0.121000 0.029312 0.435000 0.078165 0.549000 0.072642 0.450000 0.101954 0.556000 0.099830
0 0.501500 0.135089 0.107000 0.039932 0.450000 0.118097 0.555000 0.115123 0.448000 0.153356 0.554000 0.155055
0 0.504000 0.183730 0.118000 0.035259 0.445000 0.168224 0.563000 0.166100 0.446000 0.201359 0.562000 0.198386
0 0.502000 0.230034 0.120000 0.039507 0.448000 0.212829 0.562000 0.210280 0.442000 0.248088 0.554000 0.249788
0 0.502000 0.279524 0.128000 0.039932 0.439000 0.264231 0.551000 0.259558 0.438000 0.299065 0.566000 0.299490
0 0.504000 0.334112 0.126000 0.047154 0.441000 0.315633 0.560000 0.310535 0.447000 0.357689 0.567000 0.352591
0 0.523000 0.390187 0.134000 0.053101 0.456000 0.369584 0.571000 0.363636 0.468000 0.416737 0.590000 0.406117
0 0.546500 0.444562 0.147000 0.053101 0.473000 0.429482 0.593000 0.418012 0.490000 0.471113 0.620000 0.457094
0 0.595500 0.499575 0.157000 0.062022 0.517000 0.491929 0.637000 0.468564 0.551000 0.530586 0.674000 0.512319
0 0.661000 0.560748 0.190000 0.056924 0.566000 0.548853 0.701000 0.532285 0.606000 0.589210 0.756000 0.577740
0 0.703000 0.616822 0.170000 0.048428 0.618000 0.605353 0.765000 0.592608 0.648000 0.641037 0.788000 0.636364
0 0.713000 0.686916 0.172000 0.064571 0.640000 0.654630 0.799000 0.660153 0.627000 0.698811 0.792000 0.719201
0 0.688500 0.750850 0.193000 0.070943 0.616000 0.715378 0.785000 0.740867 0.592000 0.761257 0.750000 0.786321
0 0.624500 0.816695 0.211000 0.076041 0.561000 0.778675 0.730000 0.806712 0.519000 0.826678 0.674000 0.854715
0 0.561000 0.878080 0.184000 0.062022 0.486000 0.847069 0.653000 0.878505 0.469000 0.879779 0.610000 0.909091
0 0.486500 0.929694 0.195000 0.064996 0.433000 0.897196 0.584000 0.923959 0.389000 0.927782 0.532000 0.962192