0 0.523220 0.089411 0.148607 0.046148 0.450980 0.066337 0.597523 0.075402 0.448916 0.102184 0.585139 0.112485
0 0.514964 0.133086 0.142415 0.034611 0.453044 0.115781 0.586171 0.121137 0.443756 0.142563 0.572755 0.150391
0 0.500516 0.172641 0.150671 0.037907 0.446852 0.153688 0.575851 0.162340 0.425181 0.180058 0.558308 0.191595
0 0.465944 0.216110 0.162023 0.045735 0.420021 0.193243 0.546956 0.207252 0.384933 0.222497 0.510836 0.238978
0 0.421053 0.259374 0.152735 0.047384 0.383901 0.235682 0.497420 0.248455 0.344685 0.266996 0.470588 0.283066
0 0.381837 0.304079 0.154799 0.043675 0.341589 0.282241 0.459236 0.290894 0.304438 0.316852 0.445820 0.325917
0 0.367389 0.352081 0.148607 0.038319 0.293086 0.332921 0.440660 0.335806 0.297214 0.371240 0.441692 0.358879
0 0.385449 0.409559 0.172343 0.054388 0.299278 0.395962 0.444788 0.382365 0.339525 0.436753 0.471620 0.412855
0 0.436532 0.453028 0.175439 0.053976 0.348813 0.446230 0.481940 0.426040 0.383901 0.480016 0.524252 0.454471
0 0.506192 0.496498 0.201238 0.060981 0.405573 0.494438 0.549020 0.466007 0.441692 0.526988 0.606811 0.500206
0 0.573271 0.549650 0.190918 0.058508 0.477812 0.548414 0.629515 0.520396 0.513932 0.578904 0.668731 0.562423
0 0.622291 0.613103 0.183695 0.047796 0.530444 0.593737 0.706914 0.589205 0.544892 0.635352 0.714138 0.637000
0 0.621259 0.678410 0.206398 0.059745 0.539732 0.648537 0.724458 0.664194 0.518060 0.686032 0.692466 0.708282
0 0.567079 0.745571 0.232198 0.080346 0.495356 0.705398 0.683179 0.736712 0.450980 0.750309 0.641899 0.785744
0 0.486584 0.810054 0.240454 0.081582 0.414861 0.769262 0.606811 0.801401 0.366357 0.818706 0.563468 0.850845
0 0.426213 0.885043 0.249742 0.058508 0.324045 0.855789 0.551084 0.878451 0.301342 0.902349 0.524252 0.914297
0 0.396285 0.952822 0.235294 0.039143 0.278638 0.933251 0.508772 0.939843 0.282766 0.956737 0.513932 0.972394