0 0.509490 0.040536 0.161838 0.036445 0.438561 0.022313 0.582418 0.024916 0.428571 0.055039 0.590410 0.058758
0 0.501998 0.087579 0.158841 0.038304 0.435564 0.068427 0.581419 0.071774 0.422577 0.099293 0.571429 0.106731
0 0.480020 0.131462 0.172827 0.046486 0.419580 0.108219 0.566434 0.115656 0.393606 0.143920 0.558442 0.154704
0 0.465534 0.174786 0.179820 0.049089 0.388611 0.150242 0.555445 0.161770 0.375624 0.190777 0.535465 0.199331
0 0.438561 0.222202 0.199800 0.047973 0.371628 0.198215 0.538462 0.207512 0.338661 0.236891 0.519481 0.246188
0 0.418581 0.267014 0.201798 0.048345 0.338661 0.242841 0.519481 0.251023 0.317682 0.285980 0.498502 0.291186
0 0.409590 0.314243 0.183816 0.039420 0.323676 0.294533 0.501499 0.295277 0.317682 0.333953 0.498502 0.330606
0 0.412088 0.360915 0.188811 0.047973 0.317682 0.342506 0.497503 0.336928 0.332667 0.384901 0.506494 0.374117
0 0.443057 0.407958 0.200799 0.052064 0.342657 0.395314 0.516484 0.381926 0.364635 0.433990 0.543457 0.415768
0 0.493007 0.454258 0.234765 0.062849 0.375624 0.444775 0.553447 0.422834 0.413586 0.485682 0.610390 0.460022
0 0.544955 0.504091 0.232767 0.073261 0.428571 0.496095 0.616384 0.467460 0.467532 0.540721 0.661339 0.514690
0 0.595904 0.562663 0.266733 0.069914 0.462537 0.551506 0.677323 0.527705 0.509490 0.597620 0.729271 0.571960
0 0.637862 0.620491 0.262737 0.059874 0.506494 0.610636 0.746254 0.590554 0.530470 0.650428 0.769231 0.639643
0 0.651349 0.687988 0.241758 0.056527 0.535465 0.659725 0.772228 0.663444 0.530470 0.705839 0.763237 0.716251
0 0.618382 0.755299 0.267732 0.075865 0.532468 0.717367 0.752248 0.741911 0.484515 0.768687 0.718282 0.793232
0 0.561938 0.817590 0.282717 0.082187 0.468531 0.776497 0.703297 0.806991 0.420579 0.827445 0.669331 0.858684
0 0.510989 0.874861 0.278721 0.071030 0.401598 0.839345 0.650350 0.871700 0.371628 0.893641 0.620380 0.910376