0 0.487636 0.040607 0.150346 0.017457 0.412463 0.034156 0.562809 0.031879 0.417408 0.049336 0.561820 0.046679
0 0.493571 0.064137 0.138477 0.021252 0.424332 0.055028 0.556874 0.053510 0.428289 0.074763 0.562809 0.070209
0 0.498022 0.090512 0.123640 0.020114 0.437191 0.082353 0.559842 0.080455 0.436202 0.100569 0.559842 0.100569
0 0.496538 0.129602 0.120673 0.033776 0.443126 0.112713 0.556874 0.115750 0.436202 0.144592 0.555885 0.146490
0 0.460930 0.177419 0.142433 0.045161 0.429278 0.154839 0.532146 0.161290 0.389713 0.196964 0.508408 0.200000
0 0.437191 0.226565 0.126607 0.028843 0.398615 0.212144 0.500495 0.213283 0.373887 0.237951 0.498516 0.240987
0 0.421365 0.271917 0.132542 0.041366 0.379822 0.251233 0.483680 0.256167 0.355094 0.285389 0.487636 0.292600
0 0.396637 0.320493 0.144411 0.044402 0.363007 0.298292 0.468843 0.305123 0.324431 0.330171 0.460930 0.342694
0 0.367953 0.365844 0.168150 0.049336 0.312562 0.341176 0.452028 0.354839 0.283877 0.375712 0.416419 0.390512
0 0.323442 0.414991 0.168150 0.052751 0.266073 0.388615 0.407517 0.401518 0.239367 0.426186 0.380811 0.441366
0 0.288328 0.464137 0.175074 0.048577 0.219585 0.439848 0.375865 0.453131 0.200791 0.485768 0.355094 0.488425
0 0.287834 0.522770 0.170129 0.039848 0.202770 0.506262 0.355094 0.502846 0.202770 0.542695 0.372898 0.540417
0 0.308605 0.580835 0.189911 0.053510 0.213650 0.557495 0.383778 0.554080 0.234421 0.607590 0.403561 0.600380
0 0.355094 0.642694 0.205737 0.058824 0.252226 0.627704 0.419387 0.613283 0.286845 0.672106 0.457962 0.650854
0 0.419387 0.699051 0.211672 0.057685 0.313551 0.691841 0.475767 0.670209 0.346192 0.727894 0.525223 0.703985
0 0.471316 0.758634 0.202770 0.051613 0.369931 0.746869 0.538081 0.732827 0.396637 0.784440 0.572700 0.766224
0 0.519288 0.819165 0.225519 0.064896 0.406528 0.798102 0.587537 0.786717 0.433234 0.851613 0.632047 0.837192