0 0.555096 0.044646 0.123967 0.028447 0.502296 0.031608 0.617080 0.030423 0.493113 0.057290 0.617080 0.058870
0 0.552342 0.087910 0.116621 0.040695 0.496786 0.067562 0.610652 0.070723 0.494031 0.095219 0.598714 0.108258
0 0.537649 0.131371 0.125803 0.045437 0.481175 0.108653 0.600551 0.121691 0.474747 0.139471 0.576676 0.154089
0 0.501837 0.174239 0.134986 0.041090 0.456382 0.153694 0.569330 0.169103 0.434343 0.178586 0.545455 0.194785
0 0.472911 0.215923 0.152433 0.047017 0.428834 0.192414 0.549128 0.210589 0.396694 0.218491 0.514233 0.239431
0 0.426079 0.257211 0.143251 0.045832 0.402204 0.234295 0.497704 0.250099 0.354454 0.262742 0.466483 0.280126
0 0.383379 0.298301 0.131313 0.048992 0.337925 0.273805 0.449036 0.290794 0.317723 0.310549 0.433425 0.322797
0 0.341598 0.348084 0.148760 0.048202 0.298439 0.323983 0.415978 0.335045 0.267218 0.361912 0.392103 0.372185
0 0.318182 0.401027 0.149679 0.043461 0.258953 0.379297 0.393021 0.382853 0.243343 0.419597 0.384757 0.422758
0 0.321855 0.457132 0.164371 0.050573 0.239669 0.436981 0.393021 0.431845 0.254362 0.482418 0.404040 0.473331
0 0.341598 0.512643 0.168962 0.059660 0.257117 0.496247 0.409550 0.482813 0.277319 0.542473 0.426079 0.525879
0 0.398990 0.573094 0.208448 0.068352 0.294766 0.556697 0.449036 0.538917 0.325987 0.607270 0.503214 0.582379
0 0.442608 0.632556 0.209366 0.074279 0.337925 0.625840 0.512397 0.595417 0.390266 0.669696 0.547291 0.639668
0 0.512397 0.696365 0.194674 0.070723 0.415060 0.689056 0.582186 0.661004 0.437098 0.731727 0.609734 0.707625
0 0.556474 0.766100 0.209366 0.066377 0.451791 0.746740 0.634527 0.732912 0.463728 0.799289 0.661157 0.787831
0 0.578053 0.839194 0.221304 0.059265 0.469238 0.814303 0.671258 0.809561 0.467401 0.868827 0.688705 0.866061
0 0.571625 0.905768 0.206612 0.040695 0.468320 0.885421 0.669421 0.888187 0.474747 0.926116 0.674931 0.925326