0 0.609338 0.033278 0.169031 0.031831 0.524823 0.017363 0.690307 0.019430 0.533097 0.045060 0.693853 0.049194
0 0.615839 0.071517 0.160756 0.034725 0.535461 0.054155 0.696217 0.056222 0.539007 0.083919 0.690307 0.088880
0 0.605792 0.115957 0.169031 0.042580 0.539007 0.094667 0.690307 0.099628 0.521277 0.131046 0.680851 0.137247
0 0.588652 0.162877 0.172577 0.042993 0.523641 0.141381 0.674941 0.150475 0.502364 0.173625 0.663121 0.184374
0 0.557329 0.204630 0.185579 0.045473 0.494090 0.181893 0.650118 0.193468 0.464539 0.216205 0.632388 0.227367
0 0.535461 0.248863 0.191489 0.043820 0.462175 0.226953 0.631206 0.236048 0.439716 0.265399 0.619385 0.270773
0 0.528960 0.293923 0.197400 0.034725 0.449173 0.276561 0.620567 0.280281 0.430260 0.311286 0.627660 0.310872
0 0.539598 0.340637 0.204492 0.042166 0.437352 0.322861 0.635934 0.319554 0.437352 0.361720 0.641844 0.358413
0 0.561466 0.393344 0.224586 0.049194 0.449173 0.375775 0.646572 0.368747 0.456265 0.417941 0.673759 0.410087
0 0.582151 0.443158 0.251773 0.052088 0.456265 0.429103 0.669031 0.417114 0.482269 0.469202 0.708038 0.458041
0 0.614657 0.499793 0.255319 0.050434 0.486998 0.484911 0.715130 0.474576 0.509456 0.525010 0.742317 0.515502
0 0.624704 0.552294 0.289598 0.047127 0.505910 0.532865 0.747045 0.528731 0.479905 0.575858 0.769504 0.575858
0 0.618203 0.621331 0.316785 0.062009 0.495272 0.590327 0.776596 0.608929 0.459811 0.622571 0.765957 0.652336
0 0.591017 0.685821 0.333333 0.082679 0.475177 0.644481 0.757683 0.673832 0.424350 0.676313 0.709220 0.727160
0 0.510047 0.744316 0.320331 0.091360 0.420804 0.698636 0.670213 0.742869 0.349882 0.730881 0.581560 0.789996
0 0.387116 0.800124 0.315603 0.085573 0.299054 0.757338 0.544917 0.804051 0.229314 0.800744 0.486998 0.842910
0 0.317967 0.874948 0.335697 0.083919 0.179669 0.832989 0.485816 0.871434 0.150118 0.885903 0.449173 0.916908