0 0.570395 0.034591 0.209211 0.039832 0.465789 0.021384 0.675000 0.014675 0.475000 0.054507 0.668421 0.048637
0 0.573684 0.074843 0.197368 0.038155 0.475000 0.062474 0.664474 0.055765 0.486842 0.093920 0.672368 0.092662
0 0.590132 0.117400 0.201316 0.041929 0.489474 0.101887 0.673684 0.096436 0.490789 0.138365 0.690789 0.136268
0 0.588158 0.164151 0.202632 0.043187 0.486842 0.142977 0.689474 0.142558 0.490789 0.183648 0.689474 0.185744
0 0.581579 0.212788 0.218421 0.043187 0.485526 0.191195 0.690789 0.193711 0.472368 0.228931 0.690789 0.234382
0 0.575000 0.262264 0.231579 0.050734 0.477632 0.236897 0.690789 0.241929 0.459211 0.279665 0.675000 0.287631
0 0.559211 0.312369 0.223684 0.046122 0.464474 0.289308 0.671053 0.293920 0.447368 0.334591 0.665789 0.335430
0 0.552632 0.365409 0.231579 0.043187 0.452632 0.345912 0.656579 0.343816 0.436842 0.387002 0.668421 0.385325
0 0.567105 0.416772 0.231579 0.051153 0.451316 0.401677 0.665789 0.391195 0.464474 0.442348 0.682895 0.433962
0 0.592763 0.470650 0.240789 0.056604 0.472368 0.457023 0.689474 0.442348 0.498684 0.498952 0.713158 0.484696
0 0.630263 0.526625 0.268421 0.060377 0.496053 0.511950 0.725000 0.496436 0.527632 0.556813 0.764474 0.543396
0 0.665132 0.588260 0.259211 0.051153 0.535526 0.568134 0.776316 0.562683 0.546053 0.613836 0.794737 0.611321
0 0.673026 0.654717 0.277632 0.058281 0.546053 0.625576 0.811842 0.633124 0.534211 0.675052 0.807895 0.683857
0 0.646711 0.724319 0.301316 0.070860 0.527632 0.688889 0.797368 0.709015 0.496053 0.737107 0.759211 0.759748
0 0.575000 0.796436 0.336842 0.080922 0.477632 0.755975 0.743421 0.783229 0.406579 0.804612 0.688158 0.836897
0 0.501316 0.858700 0.331579 0.076310 0.382895 0.820545 0.667105 0.851153 0.335526 0.870440 0.614474 0.896855
0 0.427632 0.916981 0.365789 0.071279 0.311842 0.881342 0.610526 0.901048 0.244737 0.919078 0.560526 0.952621