0 0.544590 0.040326 0.228300 0.038538 0.435196 0.021057 0.658740 0.035360 0.430440 0.046484 0.631391 0.059595
0 0.516052 0.078665 0.216409 0.042908 0.430440 0.057211 0.624257 0.067938 0.407848 0.086214 0.592152 0.100119
0 0.475624 0.117402 0.195006 0.046484 0.404281 0.094160 0.573127 0.113627 0.378121 0.123560 0.535077 0.140644
0 0.407848 0.158323 0.209275 0.051251 0.350773 0.132698 0.512485 0.152165 0.303210 0.163290 0.473246 0.183949
0 0.356718 0.205403 0.206897 0.055622 0.291320 0.177592 0.460166 0.195471 0.253270 0.212555 0.425684 0.233214
0 0.324614 0.254867 0.197384 0.053635 0.253270 0.228049 0.423306 0.239571 0.225922 0.281287 0.416171 0.281685
0 0.338288 0.313468 0.224732 0.050060 0.225922 0.294398 0.418549 0.288439 0.247325 0.338498 0.450654 0.327771
0 0.375149 0.363329 0.236623 0.059992 0.256837 0.350020 0.454221 0.333333 0.279429 0.393325 0.493460 0.375844
0 0.414982 0.413985 0.237812 0.061184 0.296076 0.402463 0.497027 0.383393 0.322235 0.444577 0.533888 0.424315
0 0.460761 0.467422 0.269917 0.067938 0.325803 0.457688 0.541023 0.433453 0.384067 0.501391 0.595719 0.474772
0 0.534483 0.521851 0.279429 0.075089 0.394768 0.510131 0.614744 0.484307 0.437574 0.559396 0.674197 0.533572
0 0.594530 0.580453 0.280618 0.063568 0.454221 0.566547 0.695600 0.548669 0.478002 0.612237 0.734839 0.599921
0 0.622473 0.645213 0.277051 0.053238 0.483948 0.620977 0.741974 0.618594 0.492271 0.671832 0.760999 0.671832
0 0.608205 0.719706 0.291320 0.068733 0.499405 0.685340 0.753864 0.691299 0.462545 0.731029 0.727705 0.754072
0 0.542212 0.789035 0.313912 0.081843 0.438763 0.748113 0.699168 0.776718 0.385256 0.796981 0.642093 0.829956
0 0.454221 0.858760 0.347206 0.082241 0.347206 0.817640 0.627824 0.849424 0.280618 0.869686 0.564804 0.899881
0 0.370987 0.930274 0.351962 0.074295 0.242568 0.893127 0.546968 0.920540 0.195006 0.944378 0.519620 0.967422