0 0.516350 0.049088 0.178270 0.026933 0.427215 0.039096 0.591772 0.035621 0.432489 0.062554 0.605485 0.059513
0 0.525844 0.084275 0.169831 0.025195 0.440928 0.075152 0.610759 0.071677 0.449367 0.095569 0.605485 0.096872
0 0.526899 0.123371 0.150844 0.030408 0.451477 0.108167 0.597046 0.108167 0.451477 0.135100 0.602321 0.138575
0 0.534283 0.171373 0.159283 0.036056 0.454641 0.153345 0.613924 0.153345 0.459916 0.185056 0.608650 0.189401
0 0.525844 0.220460 0.152954 0.032580 0.468354 0.204170 0.602321 0.207646 0.449367 0.236751 0.594937 0.236751
0 0.534283 0.267376 0.159283 0.027368 0.459916 0.253692 0.600211 0.253692 0.454641 0.279757 0.613924 0.281060
0 0.526899 0.310382 0.178270 0.036056 0.454641 0.292354 0.605485 0.294526 0.437764 0.328410 0.616034 0.324066
0 0.521624 0.362945 0.188819 0.039531 0.432489 0.343180 0.616034 0.345352 0.427215 0.374891 0.613924 0.382711
0 0.516350 0.407037 0.188819 0.041703 0.421941 0.386186 0.602321 0.389661 0.421941 0.427889 0.610759 0.425717
0 0.507384 0.459818 0.196203 0.041268 0.413502 0.440487 0.605485 0.439183 0.409283 0.479149 0.601266 0.480452
0 0.493671 0.517811 0.208861 0.045178 0.402954 0.495222 0.598101 0.498697 0.389241 0.536924 0.587553 0.540400
0 0.488397 0.574935 0.215190 0.046481 0.394515 0.551694 0.595992 0.556038 0.380802 0.589922 0.573840 0.598176
0 0.478903 0.632059 0.210970 0.045178 0.373418 0.609470 0.584388 0.613814 0.373418 0.653345 0.584388 0.654648
0 0.478903 0.697003 0.234177 0.043875 0.361814 0.675065 0.595992 0.678106 0.361814 0.718940 0.584388 0.718071
0 0.473629 0.769765 0.255274 0.056473 0.351266 0.741529 0.589662 0.748480 0.345992 0.798002 0.601266 0.793658
0 0.480485 0.837750 0.258439 0.051694 0.353376 0.814075 0.606540 0.811903 0.351266 0.863597 0.609705 0.857950
0 0.488397 0.900521 0.318565 0.048653 0.356540 0.876195 0.633966 0.879670 0.329114 0.924848 0.647679 0.920504