0 0.519078 0.046790 0.338633 0.028616 0.349762 0.038670 0.680445 0.032483 0.360890 0.061098 0.688394 0.059551
0 0.518283 0.089907 0.340223 0.029776 0.364070 0.075019 0.688394 0.078500 0.348172 0.091261 0.664547 0.104795
0 0.502385 0.113496 0.337043 0.029002 0.341812 0.098995 0.670906 0.110209 0.333863 0.121810 0.664547 0.127997
0 0.493641 0.143658 0.335453 0.032096 0.332273 0.127610 0.661367 0.133797 0.325914 0.153906 0.655008 0.159706
0 0.484102 0.174787 0.341812 0.029389 0.322735 0.160093 0.655008 0.165507 0.313196 0.182908 0.651828 0.189482
0 0.476153 0.202049 0.348172 0.028229 0.311606 0.187935 0.650238 0.194122 0.302067 0.209977 0.632750 0.216164
0 0.462639 0.236272 0.337043 0.033256 0.298887 0.219644 0.631161 0.223511 0.294118 0.247100 0.623211 0.252900
0 0.445151 0.290023 0.311606 0.061098 0.289348 0.259474 0.585056 0.281129 0.292528 0.317479 0.600954 0.320572
0 0.449921 0.349188 0.302067 0.044857 0.298887 0.331013 0.600954 0.326759 0.298887 0.371616 0.589825 0.370843
0 0.448331 0.403326 0.305246 0.051044 0.295707 0.382057 0.589825 0.377804 0.295707 0.428848 0.600954 0.421887
0 0.448331 0.463264 0.321145 0.065739 0.295707 0.437355 0.604134 0.430394 0.287758 0.496133 0.608903 0.491879
0 0.448331 0.527842 0.311606 0.058005 0.295707 0.502320 0.604134 0.498840 0.292528 0.556845 0.600954 0.554138
0 0.467409 0.614269 0.337043 0.075406 0.310016 0.589714 0.612083 0.576566 0.298887 0.646558 0.635930 0.651972
0 0.475358 0.693349 0.359300 0.051817 0.295707 0.668987 0.635930 0.667440 0.302067 0.717324 0.655008 0.719258
0 0.474563 0.763728 0.379968 0.056458 0.302067 0.735499 0.664547 0.740139 0.284579 0.785770 0.658188 0.791957
0 0.461049 0.830433 0.394277 0.061485 0.273450 0.799691 0.658188 0.810905 0.263911 0.850735 0.640700 0.861176
0 0.438792 0.906419 0.451510 0.073473 0.260731 0.869683 0.664547 0.885151 0.213037 0.913766 0.615262 0.943155