0 0.569231 0.034819 0.137557 0.027457 0.500453 0.021090 0.630769 0.022284 0.510407 0.048548 0.638009 0.048150
0 0.565611 0.075209 0.137557 0.033426 0.507692 0.058496 0.634389 0.060883 0.496833 0.087943 0.628054 0.091922
0 0.544344 0.127537 0.154751 0.055312 0.495928 0.099881 0.621719 0.106645 0.466968 0.133705 0.586425 0.155193
0 0.496833 0.172503 0.157466 0.052925 0.460633 0.146041 0.575566 0.169121 0.418100 0.175487 0.517647 0.198965
0 0.433032 0.211500 0.160181 0.051333 0.405430 0.185834 0.513122 0.205730 0.352941 0.215281 0.465158 0.237167
0 0.379186 0.252288 0.162896 0.058098 0.338462 0.223239 0.460633 0.247911 0.297738 0.263430 0.432579 0.281337
0 0.355656 0.299244 0.146606 0.050935 0.292308 0.273776 0.428959 0.288102 0.282353 0.317549 0.418100 0.324712
0 0.357014 0.353164 0.160181 0.043374 0.282353 0.334262 0.419910 0.331476 0.276923 0.374851 0.437104 0.370076
0 0.382353 0.406287 0.209050 0.064465 0.277828 0.394747 0.443439 0.374055 0.314932 0.438520 0.486878 0.414246
0 0.431674 0.458416 0.217195 0.076403 0.323077 0.451253 0.494118 0.420215 0.359276 0.496618 0.540272 0.463987
0 0.493665 0.511540 0.232579 0.079188 0.377376 0.506168 0.550226 0.471946 0.428959 0.551134 0.609955 0.520891
0 0.566063 0.567648 0.257919 0.066454 0.437104 0.560684 0.642534 0.534421 0.465158 0.600875 0.695023 0.588938
0 0.574208 0.636291 0.218100 0.051731 0.470588 0.610426 0.683258 0.615599 0.465158 0.641464 0.665158 0.662157
0 0.554751 0.691604 0.226244 0.069240 0.458824 0.656984 0.667873 0.684839 0.441629 0.689216 0.639819 0.726224
0 0.507240 0.745921 0.254299 0.095901 0.433484 0.697971 0.634389 0.741743 0.380091 0.750497 0.608145 0.793872
0 0.461991 0.813172 0.261538 0.076801 0.368326 0.774771 0.592760 0.805014 0.331222 0.834461 0.545701 0.851572
0 0.408145 0.878034 0.235294 0.066454 0.319457 0.844807 0.525792 0.865499 0.290498 0.898130 0.478733 0.911261