0 0.596380 0.062877 0.145623 0.047007 0.531987 0.039373 0.669192 0.047007 0.523569 0.073524 0.650673 0.086380
0 0.571970 0.109080 0.150673 0.047007 0.518519 0.085577 0.647306 0.098433 0.496633 0.112093 0.629630 0.132583
0 0.543350 0.155886 0.174242 0.057855 0.489057 0.126959 0.630471 0.147851 0.456229 0.157493 0.608586 0.184813
0 0.500842 0.198473 0.161616 0.059462 0.449495 0.168742 0.581650 0.202089 0.420034 0.193250 0.545455 0.228204
0 0.438552 0.237043 0.170034 0.060265 0.398148 0.206910 0.523569 0.241864 0.353535 0.234231 0.482323 0.267176
0 0.385101 0.275814 0.162458 0.051025 0.336700 0.250301 0.466330 0.277622 0.303872 0.288871 0.462963 0.301326
0 0.374579 0.322620 0.175084 0.039373 0.294613 0.302933 0.462121 0.313379 0.287037 0.342306 0.454545 0.338288
0 0.379209 0.373242 0.154040 0.045802 0.302189 0.360386 0.456229 0.350341 0.324074 0.396143 0.454545 0.376858
0 0.416667 0.419847 0.151515 0.062676 0.340909 0.415830 0.463805 0.388509 0.384680 0.451185 0.492424 0.419446
0 0.485690 0.467256 0.173401 0.064283 0.398990 0.468863 0.503367 0.435115 0.446970 0.499397 0.572391 0.461229
0 0.567340 0.513861 0.198653 0.069104 0.468013 0.515468 0.603535 0.479309 0.515152 0.548413 0.666667 0.517075
0 0.625842 0.569506 0.199495 0.067095 0.526094 0.564082 0.693603 0.535958 0.547138 0.603053 0.725589 0.591402
0 0.646886 0.643029 0.184343 0.051828 0.554714 0.620731 0.736532 0.617115 0.568182 0.662917 0.739057 0.668943
0 0.614478 0.712535 0.210438 0.063078 0.544613 0.680996 0.719697 0.700281 0.509259 0.716352 0.680976 0.744074
0 0.557660 0.768984 0.206229 0.075532 0.493266 0.731217 0.660774 0.765769 0.454545 0.774608 0.599327 0.806750
0 0.490320 0.831258 0.204545 0.070711 0.411616 0.795902 0.592593 0.825231 0.388047 0.840498 0.566498 0.866613
0 0.454545 0.900562 0.210438 0.051025 0.359428 0.875050 0.559764 0.885496 0.349327 0.920450 0.539562 0.926075