0 0.552583 0.052812 0.138376 0.033379 0.483395 0.036123 0.621771 0.038409 0.488930 0.066301 0.615314 0.069502
0 0.553044 0.086877 0.115314 0.021948 0.499077 0.075903 0.609779 0.079561 0.495387 0.097394 0.610701 0.097851
0 0.555351 0.121399 0.129151 0.034294 0.492620 0.104252 0.619926 0.105624 0.490775 0.126658 0.607011 0.138546
0 0.541974 0.153864 0.124539 0.037952 0.487085 0.134888 0.604244 0.149520 0.479705 0.153635 0.588561 0.172840
0 0.514760 0.193644 0.151292 0.061728 0.472325 0.162780 0.590406 0.186557 0.439114 0.198903 0.549815 0.224508
0 0.452952 0.242798 0.158672 0.064929 0.428044 0.210334 0.532288 0.235940 0.373616 0.249200 0.482472 0.275263
0 0.391605 0.288066 0.157749 0.064015 0.361624 0.256059 0.470480 0.290352 0.312731 0.298583 0.436347 0.320073
0 0.351937 0.339963 0.144834 0.050754 0.301661 0.314586 0.424354 0.331962 0.279520 0.352995 0.408672 0.365341
0 0.336255 0.392776 0.144834 0.046639 0.263838 0.369456 0.408672 0.375857 0.270295 0.416095 0.404982 0.409236
0 0.355166 0.450389 0.147601 0.059442 0.281365 0.435757 0.405904 0.420668 0.309041 0.480110 0.428967 0.450846
0 0.395756 0.499771 0.147601 0.070416 0.321956 0.495199 0.442804 0.464563 0.365314 0.534979 0.469557 0.501143
0 0.469557 0.547325 0.151292 0.066758 0.393911 0.548240 0.493542 0.513946 0.440959 0.580704 0.545203 0.548240
0 0.533672 0.594422 0.150369 0.071331 0.458487 0.593507 0.560886 0.558756 0.492620 0.630087 0.608856 0.604024
0 0.578875 0.650206 0.157749 0.064015 0.500000 0.644719 0.618081 0.618198 0.525830 0.682213 0.657749 0.661180
0 0.604244 0.723594 0.180812 0.055327 0.518450 0.705990 0.673432 0.695930 0.513838 0.751257 0.694649 0.748971
0 0.604705 0.808642 0.190959 0.059899 0.517528 0.778692 0.698339 0.779607 0.509225 0.836763 0.700185 0.838592
0 0.598247 0.887746 0.196494 0.059899 0.500000 0.857796 0.696494 0.863283 0.510148 0.913580 0.690959 0.917695